0;-0.46967238118396104;-0.4372746452566574;1.2702939670873339
1;-0.4732468617771326;-0.5444656358751723;1.1640176291640587
2;-0.47562897538612275;-0.6715634639797128;0.9659579003012114
3;-0.47807750432878704;-0.426667865579629;1.287997183723313
4;-0.48030557904993393;-0.4281565995136884;1.2892611724962115
5;-0.48218729377995073;-0.4300030653045944;1.289659702247306
6;-0.483335755245193;-0.6759361100823816;0.9643794745926904
7;-0.48428437576750505;-0.43450968353111796;1.2881102382078031
8;-0.4850580255152836;-0.437079681551913;1.286463351057278
9;-0.4855048044579305;-0.6969587465182986;0.9096698903598801
10;-0.48586126759894616;-0.6913670538561387;0.93637504572124
11;-0.4863647145882892;-0.5882574065557751;1.1106437455303684
12;-0.4871524643485432;-0.70599522315416;0.8938913344437392
13;-0.48837857702717025;-0.7083702117860753;0.8895630524013811
14;-0.49017376191163;-0.47040331225524185;1.250055771271072
15;-0.4925785157325541;-0.47206238730066213;1.246054979212551
16;-0.4956167456688472;-0.7120571032368888;0.8779342028174193
17;-0.49932710558085047;-0.6044930971449411;1.0808684024721222
18;-0.503716668602966;-0.711617418972339;0.8703503756282982
19;-0.5087855224760534;-0.6041091414103332;1.0695458355499392
20;-0.5145357797569582;-0.7044079109642841;0.8902200385486132
21;-0.5208944801835081;-0.7071965617719417;0.857747080951347
22;-0.5278069108445254;-0.7048779580250586;0.8530288315120446
23;-0.5351323336035363;-0.4487741665238727;1.21930653047837
24;-0.5429379396035094;-0.695448737824627;0.867773460081806
25;-0.551156298338241;-0.6922532307968797;0.8612243740713978
26;-0.5596682763904648;-0.6919616989051773;0.8309385219536409
27;-0.5684821951741686;-0.5923075336244379;1.004655599034166
28;-0.5774517931628356;-0.6841480489505916;0.8177816024250975
29;-0.5864652506807359;-0.43098393713682903;1.1593345152915089
30;-0.595613731955085;-0.580737644177686;0.9704405545810965
31;-0.6047307729611797;-0.6713575226162074;0.7953218466393454
32;-0.6137572344007816;-0.6670353487940119;0.7871310422729572
33;-0.6227581611814014;-0.5704040486686576;0.9320134761983639
34;-0.6315478994151839;-0.4140863502863953;1.0941585843335835
35;-0.6402317532409343;-0.5654769499832724;0.9054003180077121
36;-0.6487681743658265;-0.562405042031958;0.8911973192330556
37;-0.6571172484953581;-0.5594980952379129;0.876760991949292
38;-0.6652405353898398;-0.5550365856414052;0.8608122292875843
39;-0.6729731361637621;-0.42379953308926144;0.9986879717041232
40;-0.6803350030361337;-0.6332995590266342;0.7180998945544199
41;-0.6872037022292774;-0.398459701192456;0.9925408044943957
42;-0.6937171997888241;-0.5477628141787154;0.8032719517722041
43;-0.6997766835884089;-0.6234083521061672;0.6832733442524479
44;-0.7054220004889238;-0.5444597556867938;0.7745215107500535
45;-0.7106198928541629;-0.5431186459954115;0.760531803512955
46;-0.715222252184349;-0.6144450199190419;0.648965666526435
47;-0.719295637531083;-0.6132100071770626;0.6376082589712398
48;-0.7228511973257098;-0.5402665193582569;0.7206357303298228
49;-0.725858545511465;-0.5398056994166097;0.7081145052647522
50;-0.7282882593222408;-0.5397187607080516;0.6960006280392681
51;-0.7301123443247953;-0.5400162482336454;0.6842925050281798
52;-0.731301641624754;-0.5391646166129623;0.6705858654651489
53;-0.73159152247588;-0.40421481338643994;0.8478795453159109
54;-0.7312002853884825;-0.6033965486967763;0.5707720706627928
55;-0.7301497232232235;-0.5438376929630591;0.6388242377317259
56;-0.7282176931345261;-0.43551074300976955;0.7944212322568837
57;-0.7254150011121285;-0.4401415127247647;0.786254183684131
58;-0.7219556833672265;-0.5537412652152743;0.6128093516943363
59;-0.7179018007092617;-0.6107510915539794;0.5182114725950098
60;-0.7132637192304583;-0.6128483647630776;0.5095459711964712
61;-0.7077070167427666;-0.4441775228994653;0.7855390953127444
62;-0.7015108735516624;-0.5691419707569415;0.5758993182998025
63;-0.6946870405827561;-0.5754485698238697;0.5705098998075058
64;-0.6873514773966852;-0.6203843215901126;0.4868597464659905
65;-0.6792116468293554;-0.4917025253036033;0.7291483752342303
66;-0.6706664451008244;-0.6330180769975097;0.4612323255665608
67;-0.6617528596803113;-0.6375073403805338;0.45376508851632835
68;-0.6521481379094375;-0.5158363865083817;0.7085728086210976
69;-0.6422983895390209;-0.6417602218625424;0.4511653855715234
70;-0.6321047589367681;-0.6185402797595079;0.5164806935132653
71;-0.6216306940785066;-0.6254471887527362;0.5089607408844616
72;-0.6109406287843334;-0.6318092560490448;0.4987362831819505
73;-0.5998925235404791;-0.5590835096200503;0.6720816615347089
74;-0.588828184196799;-0.6471221188820055;0.4868359136145247
75;-0.577982053464887;-0.6727265981070506;0.4158520980372933
76;-0.5670065980872698;-0.5709544534304946;0.6801986218774966
77;-0.5564431267863543;-0.6828389728319977;0.4068353809429478
78;-0.5463561019356984;-0.6951667906614236;0.38719890446434124
79;-0.5366949946301715;-0.6812239053944182;0.45390428737282384
80;-0.5276708222810028;-0.7044317672785041;0.38040477732490097
81;-0.5193725548895889;-0.7006083907430182;0.3953845722567302
82;-0.51175221336874;-0.6973163427137687;0.4396475636442172
83;-0.5050007563498278;-0.715593439375967;0.3761552570613905
84;-0.4987848825798814;-0.6291518212195738;0.6236965898632969
85;-0.4932376333802535;-0.6343454442420828;0.6188837691514477
86;-0.4887901318082215;-0.7119764398067;0.4341383650278384
87;-0.48526506149641796;-0.6558459584508024;0.5851483025548463
88;-0.4830492603885883;-0.7241618412938149;0.39561232574177163
89;-0.48191203065830435;-0.6618569724059766;0.5863319637005462
90;-0.48193637364097325;-0.6638112953366997;0.5896544565422759
91;-0.48342557967550015;-0.7170436710392833;0.46887033945348344
92;-0.48607709166128465;-0.6546096791679554;0.624836450618869
93;-0.4901857894197931;-0.7161862837793183;0.47335339671701115
94;-0.49570390894351457;-0.711629541404099;0.5195200985142807
95;-0.5022690438403657;-0.6521926319026896;0.6548859743602297
96;-0.5101089714149806;-0.6933259159881211;0.5738057383656081
97;-0.5190919189647812;-0.699327517726275;0.5976725169525923
98;-0.5288470193077576;-0.6528226002044113;0.6882052256631421
99;-0.5394324989960357;-0.6891833434409256;0.6585768839610151
100;-0.5504133520163074;-0.6351833910011768;0.7374989287468096
101;-0.5618650516962215;-0.661434716139641;0.7638805531031965
102;-0.5735979750667989;-0.6649991975532289;0.790377840648345
103;-0.5854780238812618;-0.6474514276051089;0.8488884936903125
104;-0.5973197561442438;-0.6587474088390699;0.8249722997859144
105;-0.6088392196314815;-0.6183240220661509;0.8334730319720911
106;-0.6200873269325019;-0.6269383438024041;0.9716458605406489
107;-0.6309498987440167;-0.6406395593720231;0.912489082404776
108;-0.6413696145402605;-0.6342300824716516;0.9376212994723506
109;-0.6511994863556957;-0.5986703740356367;0.8984575356440648
110;-0.66046321152735;-0.5944210679229496;0.9104700014414854
111;-0.6691835199289236;-0.583393214827662;0.9113730228847599
112;-0.677463926711326;-0.5868191102992113;0.9290302352690304
113;-0.6853886696451692;-0.5833660603330288;0.9356026249853113
114;-0.6931427005666133;-0.6057203634580897;1.0345083685703602
115;-0.7008783179666322;-0.5725782727548674;1.213059131984995
116;-0.70865358802138;-0.5796572948713378;1.1924942335098114
117;-0.7164450957405968;-0.5926864941211504;1.0518972603076837
118;-0.7243898587402935;-0.5563166906107442;1.2461169568338373
119;-0.73239961692745;-0.5837583200473663;1.0541515049080026
120;-0.740469966815345;-0.5793313986955202;1.0528540520695475
121;-0.7485715828673083;-0.5760439726295792;1.0497057982569653
122;-0.7568304917684789;-0.5352468993912557;1.2627970425281045
123;-0.7649744776703306;-0.5417851330075674;0.9008831333971569
124;-0.7730478888097894;-0.5627134300725054;1.0339302311510903
125;-0.7809792663850406;-0.5600598598743273;1.0258612214420568
126;-0.7886551864179894;-0.5383524199107812;0.8865143158697044
127;-0.7962749601610216;-0.525704943590189;1.2038499013122075
128;-0.8035944787291739;-0.5505255708921675;0.9967869604024114
129;-0.8105118057443998;-0.5258009419462781;0.8329387172334222
130;-0.8173731828637272;-0.4991356446899153;1.23216613247843
131;-0.8237803946870922;-0.5278917832341237;0.8210323030495091
132;-0.830128660429665;-0.4921450566977769;1.215645892651355
133;-0.8364074233363441;-0.48900126463649135;1.2065638895654045
134;-0.8426117303871894;-0.4861101060502613;1.1970614494429388
135;-0.84831304237965;-0.5223701521955717;0.7610178512240551
136;-0.8536704375253761;-0.5324413360390335;0.8918946558293287
137;-0.8590448546340952;-0.4782458752526378;1.1670147857280715
138;-0.864112402130165;-0.5292657894502067;0.8637382700096092
139;-0.8687676193540141;-0.5135459180773885;0.6854750629038366
140;-0.8732002794109208;-0.5263776786880656;0.8364453458221658
141;-0.877679862797486;-0.48579456443894325;1.0664743710398847
142;-0.8819236062661889;-0.5236215285028297;0.8106543302268967
143;-0.8859137077349545;-0.5235451919724712;0.798088503164872
144;-0.8894857135464811;-0.5149919811977545;0.6361995273176884
145;-0.8926104741104398;-0.510124021959378;0.6094501504273787
146;-0.8954303549895937;-0.5186489266368215;0.7654703047661626
147;-0.898163487063806;-0.45447610315424436;1.0751717287295641
148;-0.9006307563080743;-0.47114821296738446;1.003439196527902
149;-0.9023172601796106;-0.5095694655632479;0.571535510078419
150;-0.9033324297734966;-0.5153008225255676;0.7309100566456344
151;-0.9035788873690499;-0.5163829480746281;0.7236510352928778
152;-0.9029781829734727;-0.5151660703453365;0.7181266060393039
153;-0.9014550906368008;-0.515648725497284;0.7129183656189353
154;-0.8989522297938817;-0.5165265943397883;0.7085146881655071
155;-0.895361574084152;-0.5150651862499178;0.5365442482131252
156;-0.8907277110679938;-0.5171481555806035;0.5333294448905632
157;-0.885237664608344;-0.4723410924993523;0.9665338429722559
158;-0.8787979045686647;-0.5221032797259754;0.5291372145889359
159;-0.8715117867359395;-0.5248776562329839;0.5281518760444778
160;-0.8634876191863217;-0.5286759106469603;0.699190009492755
161;-0.8548426386319018;-0.4644198521459245;1.0391502028360042
162;-0.8456745392054741;-0.46809156419795556;1.0420784594398143
163;-0.8360847475983909;-0.4722193683087199;1.0457755063051835
164;-0.8262101183744048;-0.5390059283863187;0.5342778188635293
165;-0.816134575143316;-0.5424708038625995;0.7138570450729784
166;-0.8059627889693224;-0.5449118034149131;0.7193067957238264
167;-0.7957935830023706;-0.5471290870243719;0.7256337304279725
168;-0.7857197554201671;-0.5490813364303839;0.7328605812183254
169;-0.7755758055509674;-0.5113903709877403;1.0148129201341403
170;-0.765416889849388;-0.49923447212856187;1.094485305679051
171;-0.7556732102097575;-0.5534335047030697;0.7600348178245337
172;-0.7464194494405251;-0.554054061081048;0.7710697118039284
173;-0.7378269409598116;-0.5541709249453487;0.6130238839464658
174;-0.7298453367621179;-0.5540612609591736;0.796142732464539
175;-0.722667146962775;-0.5509007675822446;0.6172690736059162
176;-0.7162574518906785;-0.5524408455153416;0.8246217168957438
177;-0.7099629851049041;-0.5129197561939427;1.1861290421382455
178;-0.7046232028386847;-0.5493912093314568;0.8564883456485805
179;-0.7003028526256438;-0.547204649540235;0.873264722050529
180;-0.6970829703926509;-0.5442407700495684;0.8902830292026405
181;-0.6949942946846398;-0.5415002862742928;0.9079030527036918
182;-0.6943158235058279;-0.5346023012571265;0.7178947706114946
183;-0.6948537627652627;-0.5334963245536072;0.9426117090585243
184;-0.695589702264272;-0.5054971098555324;1.301526725452451
185;-0.69768094885495;-0.524232503376368;0.9763451682006938
186;-0.7013981774845264;-0.5150016039979056;0.7791302533777825
187;-0.7052854056767311;-0.49640495104439564;1.3443672788406946
188;-0.7094349281261909;-0.49301030695213066;1.3563445636249594
189;-0.7149721029992125;-0.5021803061172919;1.0350980531252583
190;-0.7221723973024639;-0.4882361570690256;0.8316620190294346
191;-0.7295578728578518;-0.4851942282717463;1.3227225213716585
192;-0.7380558489772924;-0.4825190112995936;1.066305381884269
193;-0.7479391636767648;-0.466941609239703;0.8844280907862222
194;-0.7589920578060727;-0.4591885516723947;0.8915815558128524
195;-0.7705607270416572;-0.4620441640756467;1.0830874681845977
196;-0.7813831796174331;-0.45855867799389116;1.3880134151550032
197;-0.7925670727641299;-0.4490370635108565;1.0850507446986448
198;-0.8028954738253139;-0.449891919149305;1.3738813753740549
199;-0.8124144449527603;-0.44637034178690904;1.36317421336233
200;-0.8221346890806429;-0.4308427646506343;1.072552634893454
201;-0.8318476650021918;-0.4271894199822664;1.0647681191180414
202;-0.8406184509424292;-0.4386932957291308;1.2708954625356734
203;-0.8483649978257519;-0.4367853574009303;1.2980228493102992
204;-0.8559491745592287;-0.4161620786784216;1.029237824619497
205;-0.8632082429079773;-0.41372331188178973;1.0142674932131017
206;-0.8702243417257512;-0.3893508740330961;0.8632182029375703
207;-0.8765761837149832;-0.4112736206080141;0.9812492696778957
208;-0.8821699856779917;-0.4113339870131907;0.9638684861088023
209;-0.8869354663356006;-0.412259291760363;0.9463751948308091
210;-0.8904196061794367;-0.4376851694033919;1.1419271974750564
211;-0.8928061873388299;-0.43992527809202076;1.1216631728219961
212;-0.89456574727197;-0.41898848268701727;0.8964481085694057
213;-0.8956805609019999;-0.39706185088696416;0.7827382043931667
214;-0.8960636943733575;-0.3991483274005594;0.7628469464390403
215;-0.8957161190728427;-0.4068443055221618;0.7622650772205113
216;-0.8947161415190423;-0.4372686173651986;0.8451282978739019
217;-0.8931384623835235;-0.44234769843296257;0.8353759843219288
218;-0.8910527797884686;-0.4661853032075649;1.0339140717326891
219;-0.8886486602264646;-0.47087358550968283;1.0297782545217362
220;-0.8860839888975222;-0.4756319662350691;1.0275143691611945
221;-0.8834263637505155;-0.4682845464751051;0.8151039208682644
222;-0.8807235861953977;-0.4736695444725798;0.8127887572072579
223;-0.8778325489971577;-0.4593873524063078;0.7092347456007211
224;-0.8750124512233144;-0.4865301174035756;0.8134521538992134
225;-0.8723100032633252;-0.492489021202042;0.8150037284086261
226;-0.8699499978979749;-0.5045919195125754;0.9971589541894011
227;-0.8679828873044338;-0.5043583181032631;1.0497978278644855
228;-0.8662239592685321;-0.5078074138186144;0.8238440216358189
229;-0.8644455834744789;-0.5002167097719781;0.7215444947252017
230;-0.8626277330078329;-0.5032810497564372;0.7133741340329747
231;-0.861040889836092;-0.5206165134788849;0.838005819254458
232;-0.8596670901774343;-0.524285271336816;0.8431211000686878
233;-0.8588004389707654;-0.516731590048133;1.0920951269430272
234;-0.8584237674560524;-0.5175938678263152;1.0991541519445065
235;-0.858156155122202;-0.5325886983779373;0.8589716647895419
236;-0.8583280054558728;-0.5229483215083067;1.061679979332924
237;-0.85852149949775;-0.5361492718772722;0.8694169188470977
238;-0.8590976829912383;-0.5228415047725914;1.0736181047819389
239;-0.8592944649183092;-0.537194998570814;0.758243363446627
240;-0.8594262809581023;-0.5396419875812493;0.8842635347531902
241;-0.8591309848064467;-0.5385609170300057;0.7528500830648626
242;-0.8584258748177156;-0.5429941048949984;0.7702342699126636
243;-0.8572997887660646;-0.5425760198613279;0.760398586314994
244;-0.8561211621844084;-0.5434103054318127;0.9022103033455415
245;-0.8548706105898876;-0.5448600309154641;0.9063114322199847
246;-0.8540777894504419;-0.5110688610590326;1.1634644132050334
247;-0.8536805587323032;-0.5147817863119655;1.1154225933389488
248;-0.8530865048254475;-0.5458816104408781;0.9187160364327775
249;-0.8519090928682767;-0.5522448581824131;0.7822252389391435
250;-0.8505487612043133;-0.5474359575226742;0.9267082232628258
251;-0.8489943532824906;-0.5479693616510245;0.9307847510915173
252;-0.8478091720387675;-0.5082858144240594;1.1340240993589719
253;-0.8459910432729671;-0.5600599291240262;0.8117560501796869
254;-0.8435809441872293;-0.5613917108089126;0.8156286783765812
255;-0.8406144669314151;-0.5629606516355934;0.819543747770961
256;-0.8371219322692959;-0.5615463254933339;0.8083177815943643
257;-0.8331320026453732;-0.5634799693153434;0.8122005419983878
258;-0.8286693506626663;-0.5656169552437931;0.8161171233860477
259;-0.8247022583692445;-0.5001223446838039;1.1595150767895301
260;-0.8211483848212839;-0.499172414125594;1.1631188061329678
261;-0.8173249956416244;-0.5557505292495364;0.9736262711441613
262;-0.8132200243143779;-0.5580222738601128;0.9777005887938971
263;-0.8088383041181127;-0.558588913199158;0.9821132986870338
264;-0.8038702790681972;-0.5809488161605095;0.8553559324427533
265;-0.7983768498515575;-0.5791008293665212;0.8428246944361557
266;-0.7923884112618961;-0.5857548478521155;0.8624781438142362
267;-0.7868125655589282;-0.4976211602733958;1.1856505125938002
268;-0.7807275233181342;-0.5864301262793565;0.8523088967104936
269;-0.7750321617907368;-0.4914107654969184;1.234744071305977
270;-0.7690617334914719;-0.5738069802855006;1.0061234115808821
271;-0.7625857843983925;-0.5937784531063719;0.8593993269430087
272;-0.7564587078577156;-0.5003129890031404;1.1960882451262203
273;-0.7500606159497473;-0.5813438857413504;1.0121853674011634
274;-0.7434199947701691;-0.5830398440224758;1.0137297222248622
275;-0.7365532964058704;-0.5871809481449638;1.0142616625583523
276;-0.7294845185396455;-0.5904159796146102;1.0146537103152604
277;-0.7220288082311261;-0.6087223731757049;0.8632774450151165
278;-0.7144464424055109;-0.5960578426709466;1.014409295652493
279;-0.7072933663422349;-0.5107072194188021;1.1983743591215597
280;-0.7000012027978026;-0.6030531091519449;1.0120787210252196
281;-0.6931586005724225;-0.5053550281657814;1.2386325176829984
282;-0.6859587435939145;-0.6293311364419996;0.8713623424469958
283;-0.6784647214379572;-0.6320368835858724;0.8681224820251309
284;-0.6715066699670608;-0.5102080980182607;1.2336137909534743
285;-0.6642955809866098;-0.6284754436596394;0.8426201332132238
286;-0.6576531521732063;-0.5130240052856451;1.229199454022424
287;-0.6510332538241077;-0.6255661347321977;0.9906010620162361
288;-0.6445035245570838;-0.6283947385196469;0.9860855894683697
289;-0.638133167242505;-0.6312625919311441;0.9812811660251373
290;-0.6325020013477098;-0.5178844854275628;1.2185959491110183
291;-0.6270942697639177;-0.6378635075879047;0.9707171133579211
292;-0.6224928901850619;-0.5196709221763551;1.2128340249881657
293;-0.6182048363242587;-0.6423540643187272;0.9595443778180085
294;-0.6148029869749227;-0.5207365834298093;1.2070937225579454
295;-0.6118261502761393;-0.6444501131263819;0.947931189706022
296;-0.6093598535963745;-0.646900298034166;0.9417836991037345
297;-0.6075054414238463;-0.6466203910198292;0.9358548673064221
298;-0.6063516499147391;-0.6472569841307674;0.9298071243709329
299;-0.6059834669552608;-0.6475264737555031;0.9238105484063681
300;-0.6060691337131092;-0.6365689756062525;0.7407541392692357
301;-0.6070985222750093;-0.6478282402692612;0.9120927918800453
302;-0.6091415996535164;-0.6465836159520353;0.906534845034799
303;-0.6122590257516729;-0.644839276406765;0.9012075962430304
304;-0.6165098861387188;-0.641290739318071;0.8961848939606202
305;-0.6219187524527182;-0.6397255420584873;0.8914164268440337
306;-0.6285152585415363;-0.6350288457454709;0.8870521793581955
307;-0.6362897511002448;-0.6323223244047625;0.8830521418873359
308;-0.6452337779025131;-0.62645874678749;0.8795125305331433
309;-0.6548226645677484;-0.5985750650989854;0.6678055844713116
310;-0.6651225022786662;-0.608455527320551;0.6843518952403717
311;-0.6764948220244116;-0.6104603239103366;0.8718510961555577
312;-0.6891514460676057;-0.4727596550928553;1.14727337627713
313;-0.7026194983199923;-0.5950739003020207;0.8695829182500427
314;-0.716398361274762;-0.5800328559972521;0.6625394263797482
315;-0.7304236305121774;-0.5723878826858955;0.6586257615456386
316;-0.7451603356372026;-0.43767993101621383;1.1676041225141685
317;-0.7601254898077575;-0.5635616451345763;0.8725726555788105
318;-0.7751160062757345;-0.5570541180667563;0.8748555137049882
319;-0.7899295799320074;-0.5493150320565996;0.8777783541900852
320;-0.8045818727818843;-0.40281553898458866;1.193558598496379
321;-0.8184330333777952;-0.50885045003661;0.622564617713874
322;-0.8315817907735754;-0.5266032633961761;0.8897956065768327
323;-0.8437598142044044;-0.49521081249091137;0.6266856756021684
324;-0.8550059224450557;-0.5146210159543883;0.8998370802948455
325;-0.8651972466428466;-0.5095449426021625;0.9052806061415823
326;-0.8744633042216259;-0.3341530381488135;1.3046317727624932
327;-0.8826432449405937;-0.359464949185257;1.2387933115700114
328;-0.88969002368387;-0.3566052511250252;1.2444198262421364
329;-0.8955009750707892;-0.4967151184980113;0.9283686030204786
330;-0.900150341127365;-0.49537478509579286;0.9341938830340073
331;-0.9039226706176368;-0.32106239204329;1.330793020538712
332;-0.9070130475340719;-0.4565310294972206;0.6758652040452025
333;-0.9093732886567154;-0.3543764334101213;1.2685880273583534
334;-0.9112357599101664;-0.3211074649090376;1.3432628339536858
335;-0.9129137416925903;-0.45012448142754635;0.696769456664158
336;-0.9142291945161835;-0.35864008374234874;1.28021951942704
337;-0.9152943158144999;-0.36060232132391257;1.283665209892453
338;-0.9162409865505916;-0.4989907336760724;0.9761852195530515
339;-0.9171678022113017;-0.4987495951161268;0.9808715842718797
340;-0.9181528687594426;-0.49976606312352034;0.9851128854260094
341;-0.9192542921892992;-0.5007269083762622;0.9891080191862471
342;-0.920822386524186;-0.43739136849030014;0.7431455955424862
343;-0.9228089695815352;-0.45577593066930105;0.7769499093655597
344;-0.9251928132225092;-0.434779872999458;0.7549637196048462
345;-0.9276210099636604;-0.5032838798831154;1.0019391109953433
346;-0.9299710364291498;-0.37664004028890774;1.3021826934081573
347;-0.9323558006019286;-0.5020001103452798;1.0067062932514423
348;-0.9347538152378138;-0.501885338866488;1.0083406141786448
349;-0.9371419721127073;-0.501719410084309;1.009530958320065
350;-0.9394946706805511;-0.502557150657399;1.009952130297854
351;-0.9417060834107602;-0.33916442443937334;1.3652826325691128
352;-0.9437463986803717;-0.382745494294191;1.2937124634311514
353;-0.9457354611609367;-0.5007845825232082;1.009381719946426
354;-0.9476527805089835;-0.5005048939457795;1.0080258272726816
355;-0.9493819561620297;-0.34499201763427684;1.3478294115660836
356;-0.950928705878494;-0.3469334938624095;1.3416511456473803
357;-0.9522995021932515;-0.34931969099493865;1.3347687966270474
358;-0.9535011455302589;-0.3521006876247439;1.327204736087986
359;-0.9546381215836199;-0.4987985708826353;0.9929969416004977
360;-0.9556813918473046;-0.4269173905445889;0.8210326678427512
361;-0.9566044679814694;-0.4986915968286427;0.9830004786859791
362;-0.9573994578508512;-0.4982692085801351;0.977426919501716
363;-0.9579770181244196;-0.36388712153161124;1.2805584572891469
364;-0.9584442509964624;-0.49681792840681815;0.9652573457425653
365;-0.95871799702342;-0.36807550039486847;1.2588019235067824
366;-0.9588956461288901;-0.49678897086577223;0.9511680479513615
367;-0.9588147185789031;-0.3993828835798027;0.7865356644874881
368;-0.9585707233620613;-0.3742391493706784;1.224434250308606
369;-0.9582438098699573;-0.41654064262213764;1.1534479245910623
370;-0.9578725599004064;-0.4953912650712432;0.9208482157681226
371;-0.9574644927348515;-0.49522668065039643;0.9129076093012161
372;-0.9570287986670044;-0.4950967046814621;0.9049499058425029
373;-0.9565761338811911;-0.4949982691997869;0.8970277873722251
374;-0.9561255341960047;-0.4239476644234521;1.0991299597661826
375;-0.9557006066723466;-0.4252592216762223;1.088909436140805
376;-0.9553062514414257;-0.4949083736046756;0.873770845013047
377;-0.9546825421834328;-0.4172704813640651;0.7547321511441264
378;-0.9541375444432023;-0.49416916946188505;0.8595752365967972
379;-0.953349500120352;-0.4010351052225717;0.7349654748192251
380;-0.9526942946857347;-0.4940865006672777;0.8463891659505163
381;-0.9521834538275488;-0.4940561173185761;0.8403304343647401
382;-0.951507467471385;-0.42266071590007726;0.7323542078137482
383;-0.9506991993076845;-0.4245178270407348;0.7285121987005636
384;-0.9501259817733634;-0.49392339139477814;0.8246531126932218
385;-0.9494507777822545;-0.4289053748107645;0.7216546072039873
386;-0.9490518386271105;-0.49403185284861983;0.8163666635792977
387;-0.9489454310714612;-0.42419103697053845;1.0036754853517678
388;-0.949118244581042;-0.4928407590869044;0.8104173253513887
389;-0.9495567981246746;-0.4926752873395852;0.8079725132203566
390;-0.9498932467590494;-0.43742426444324756;0.7100790059402033
391;-0.9505167587832324;-0.4908473772242119;0.8051446531393729
392;-0.9514073674163723;-0.4900509561876739;0.8044302299243032
393;-0.9525499357287156;-0.4162937310295868;0.9950106027659302
394;-0.9539187986360013;-0.4882358521027193;0.8045304292008971
395;-0.9553976804717812;-0.38226996797966173;1.0513864741505123
396;-0.9566839925610006;-0.42875917744963676;0.6989328711427995
397;-0.9581862454111976;-0.4856722690811863;0.8081263087807018
398;-0.9598682107240779;-0.48466461294688457;0.8102962793155223
399;-0.9616185816660276;-0.37969849817296003;1.0627251559671247
400;-0.9634950880411374;-0.4827109658185671;0.8158841241656843
401;-0.9653903473774383;-0.37924752141097406;1.0712712177279713
402;-0.9673547002928959;-0.4804757205077389;0.8232037134224856
403;-0.9693466367578063;-0.4801415244550006;0.8270071136751047
404;-0.9710810702817465;-0.4402579465975722;0.7224176137197769
405;-0.9725840004350513;-0.44027712975464983;0.7253810482093299
406;-0.9741051970901948;-0.47804154385384257;0.8409484224923378
407;-0.9756064120695711;-0.47771005422421814;0.845917187414873
408;-0.9770525889082937;-0.4775391275082377;0.8510159081650437
409;-0.9781876667624747;-0.4309518386108675;0.7269178671910396
410;-0.9792535941149856;-0.47800309797045204;0.8611375443764708
411;-0.9800215627964803;-0.4330819627276288;0.7332716540357119
412;-0.9807301654775558;-0.4066439323372574;1.082288403729232
413;-0.9813105013992673;-0.37881390188459946;1.1434385536452538
414;-0.9817684103821283;-0.4790631288207924;0.8818077887118807
415;-0.9820926879220856;-0.4090912452420066;1.1008684965557338
416;-0.9822534442217794;-0.481077952081548;0.8907648847553933
417;-0.9821095174713084;-0.43909511393165734;0.750081087824735
418;-0.9818153842572077;-0.41406723494808123;1.1174907737824735
419;-0.9813684556748554;-0.4843706438088174;0.9026119654820856
420;-0.9806629851571722;-0.4425681952779156;0.75571309502005
421;-0.9798037732006716;-0.4201216461478463;1.1312039968560568
422;-0.9788233615766403;-0.4881149302275719;0.911613372484037
423;-0.9777311061244819;-0.4896378932438632;0.9137151178087229
424;-0.976469233015167;-0.45831516887936175;0.7744613375893952
425;-0.9750205935668362;-0.4034842123684921;1.2006132914508336
426;-0.9735147379126752;-0.4945782437882345;0.9172446541786057
427;-0.9718628703389698;-0.43498800357802;1.1477949950722364
428;-0.9701826672736749;-0.49773770848118193;0.9178056820023397
429;-0.96831088070989;-0.4160505461092674;1.2079957016925817
430;-0.9663796454895038;-0.4562579295360959;0.7552274295498926
431;-0.9644250632389875;-0.4576791466584721;0.7537276503592455
432;-0.9625529906190036;-0.5034828361577534;0.9147676055522265
433;-0.9607188732253296;-0.4703213201833807;0.7663635824267379
434;-0.9587360090423864;-0.43184047161133365;1.2092770387724905
435;-0.9568330796789895;-0.47309889716182124;0.7624237065183767
436;-0.9550933574969773;-0.5073488922189315;0.9081439681900476
437;-0.9535247926747203;-0.5080588887132683;0.9061044284885746
438;-0.9521332064557431;-0.5086471001409456;0.9040186850019928
439;-0.9509239163018034;-0.5091884060839587;0.9017015069141334
440;-0.9498989912422546;-0.509511411661925;0.899645686275977
441;-0.9490588465384033;-0.5097057447975929;0.8976530284840895
442;-0.9482747900948794;-0.47067317319515284;0.7323767134630588
443;-0.9476826244446398;-0.5096545319715398;0.8941697842522784
444;-0.9469817968485842;-0.4721175061500784;1.1362596202334065
445;-0.946493080982332;-0.5092208981857513;0.8910823940407437
446;-0.9462087715711011;-0.5088548980779675;0.889819493686579
447;-0.9460105236600458;-0.47901884774239334;0.7418586380673436
448;-0.94600696992238;-0.5077946110483945;0.8879425544953653
449;-0.9460682074389947;-0.4785946296476463;0.740654822403552
450;-0.9461859534742283;-0.47838767978248575;0.7403841634141639
451;-0.946143560795752;-0.4767972913989237;1.1322816645524487
452;-0.9459609576710766;-0.4772518260400782;1.1325746624048179
453;-0.9458105699757613;-0.47160170216633035;0.725105048210829
454;-0.9458705702591015;-0.5028492516352676;0.8881655621228256
455;-0.9461205620143084;-0.5018227745986645;0.8889674253646417
456;-0.9465361229078812;-0.5008714722338046;0.8902343921318834
457;-0.9470963364106642;-0.4998137106257291;0.8915102501940582
458;-0.9475670325506667;-0.47083032414888354;0.7301730287244397
459;-0.9481527820433036;-0.49790445813817463;0.8950453163699814
460;-0.9484841809359109;-0.47892574242646546;1.1431133918309333
461;-0.9489336841440162;-0.4959712418713257;0.8991261940421971
462;-0.9493065447798913;-0.4746594684941724;0.7535868374817203
463;-0.9495315513271546;-0.4701568678277981;0.739595277405388
464;-0.9498323849031712;-0.49359775247906984;0.9066911913041398
465;-0.9501868496057251;-0.49292941326965467;0.9093997703392791
466;-0.9505742723271553;-0.49234616929177;0.9121839595937522
467;-0.9507910840977014;-0.4745548619863871;0.765594631288895
468;-0.9510186791530423;-0.49138952016334686;0.9177351468839254
469;-0.9512399979608921;-0.49116401997920434;0.9207483860103509
470;-0.951441211989716;-0.4909675775051727;0.9235914807628738
471;-0.9513579934275096;-0.4725146957712836;0.7591359399302506
472;-0.9509977802563634;-0.4732194333774552;0.7615644835382644
473;-0.9502169242256902;-0.47313825877686433;1.2411426845563003
474;-0.9494749983995545;-0.49105895037222963;0.9342661594690332
475;-0.9487604458245377;-0.4912401532125367;0.936655277755218
476;-0.9478522016551517;-0.4797684432011635;0.7874261663431781
477;-0.9469695581109745;-0.49182743445179045;0.940782731715766
478;-0.9458876904350794;-0.48191641348275005;0.7912158840647924
479;-0.9448371349320891;-0.49277861465739403;0.944380440923192
480;-0.9438146654124457;-0.493349264915962;0.9458846749058758
481;-0.9425901721774004;-0.48560143699930786;0.7957045251519473
482;-0.9411192038556537;-0.4851374855301819;0.779738556360164
483;-0.9393781993986211;-0.4809739128028546;1.255719559117011
484;-0.9377534983986623;-0.4959383934966041;0.9500026320770747
485;-0.9359117510335484;-0.4830456144260401;1.2562259147085637
486;-0.934004250043627;-0.4884543040618336;1.1931198054997807
487;-0.9319563091085105;-0.4928456977320618;0.7829586534101045
488;-0.9298401421995898;-0.4952558032025169;0.8001552897992296
489;-0.9279169411636408;-0.4985514430732832;0.9502457099922837
490;-0.9259192953326678;-0.4980133494485862;0.8000618908936781
491;-0.9241174321531187;-0.49949360769581425;0.9494931452311294
492;-0.9225006794030643;-0.4999611889249268;0.94883205537986
493;-0.9210584789336057;-0.5004038798229433;0.9480684157928807
494;-0.9194558142076945;-0.5029336614200153;0.7818788224350426
495;-0.9178664952539328;-0.4945746196185684;1.1862701919613554
496;-0.9161453739627885;-0.5052967904412257;0.780856585796924
497;-0.9146371570802052;-0.5016957513490223;0.94433717918981
498;-0.9133266612257755;-0.5018949543367541;0.9433253218413676
499;-0.9121990887077746;-0.5020580786989014;0.9423169610770463
500;-0.911238278632184;-0.502303942229293;0.9411631902284351
501;-0.9102869631390583;-0.49560991515317826;1.1788414350702787
502;-0.9094906363286985;-0.5024013912164695;0.9393181677576249
503;-0.9085649687100346;-0.5099527686101624;0.7932484833931167
504;-0.9077965381607476;-0.5021743451449041;0.937883569917641
505;-0.907036067881746;-0.4953267908472495;1.1749635661954712
506;-0.9064129090214501;-0.5020690387353303;0.9364871931214254
507;-0.9055929319702901;-0.5122301217174832;0.7755579700577134
508;-0.9046491616059099;-0.5113171020169394;0.7914251517026956
509;-0.9038597011074181;-0.5014414930624852;0.9353857800768361
510;-0.9028892457586366;-0.5131094122585766;0.7750837669178814
511;-0.9020735850355481;-0.5008984766482929;0.9351865711854112
512;-0.9013987053622871;-0.5004149326607563;0.9353844712648309
513;-0.9005795141410128;-0.5122495067085446;0.7912197704094914
514;-0.8998961242863126;-0.49995750370844133;0.9356530146074401
515;-0.8993333496870903;-0.4996207080888743;0.9359923169267242
516;-0.8988768759097266;-0.4992822291095187;0.9364115475029928
517;-0.8985154327141986;-0.4987345375422283;0.9370443123705094
518;-0.8982362194891792;-0.49839737882523905;0.9375973115874641
519;-0.8980273585092511;-0.4980676946319295;0.9382014435457967
520;-0.8978779008213185;-0.4977483259654226;0.9388455551350114
521;-0.8975586529689071;-0.4901871314997623;1.2426461559550717
522;-0.8970702561867808;-0.4901454853663443;1.2436740490491702
523;-0.896385378588085;-0.5113332117837214;0.7939273769670213
524;-0.895780967933217;-0.4965744487070336;0.9415591687234246
525;-0.8952480601788455;-0.49632283463019145;0.9422032593373092
526;-0.8947786934274674;-0.4961018051651587;0.9428071994312837
527;-0.8940702412045434;-0.5127006441700949;0.777881576855949
528;-0.8934457080914264;-0.495720398761317;0.9438495454495363
529;-0.8926059350080546;-0.5126755182078194;0.7777231481339203
530;-0.8916068440780603;-0.4917198608576631;1.2512868949454523
531;-0.8904303644941232;-0.5128648079547862;0.7772683356520134
532;-0.8891146283809708;-0.4926513010564243;1.2524866281947942
533;-0.8879397791680025;-0.49505740313534863;0.9450749057974029
534;-0.8866172512738629;-0.513386703425403;0.7759917028677445
535;-0.8854512806843096;-0.4949342963290996;0.9448784242892603
536;-0.8841344493937267;-0.4954509785658865;1.2534407149296598
537;-0.8827523081340833;-0.5113912361214306;0.7913909779867526
538;-0.8813223807884552;-0.5115833714128776;0.7906456256432479
539;-0.8800808167688536;-0.4948714434245347;0.9432372303562518
540;-0.8787943003027372;-0.5120514018446907;0.7889918237235298
541;-0.8773702498389432;-0.4993249718382323;1.25162657318024
542;-0.8761458897264787;-0.4949090146576855;0.9410593618979161
543;-0.8751087229532162;-0.4949589755265324;0.9401928512842729
544;-0.8742460980534845;-0.4950315858946014;0.9392720939368662
545;-0.8733167263931914;-0.4979543604366522;1.1841391537284305
546;-0.8725562543317902;-0.49523841374237126;0.9373039593922835
547;-0.87160312239928;-0.5045456456472814;1.2455364652713259
548;-0.8706150742751149;-0.5134240447327897;0.7816766724160463
549;-0.8695717436882392;-0.5012143246804708;1.1791641910482602
550;-0.868725030004411;-0.49584350478122174;0.9329785443229615
551;-0.8677986065625345;-0.5174005271274325;0.7619811212608757
552;-0.8667010236640146;-0.5098257447545315;1.2382539383745723
553;-0.8658238994310252;-0.4960443943504005;0.9299502939609569
554;-0.8648933810542416;-0.5054311602905872;1.1717758178786843
555;-0.8641815181712843;-0.4959858675511958;0.928244192762666
556;-0.8634625706372372;-0.514305764824471;0.7770881883868943
557;-0.8629586657260779;-0.49610029365674113;0.9265364008969924
558;-0.862441239062732;-0.5143908238682088;0.7769360754843501
559;-0.8617449566518354;-0.516110144239902;1.226707062266032
560;-0.8610092378340337;-0.5186433678078142;0.7605347074713147
561;-0.8605220913029259;-0.4956432686575897;0.9243599108221828
562;-0.860045916975891;-0.5145139362410744;0.7782716113819249
563;-0.8598114589422047;-0.4950722104935062;0.923954784080669
564;-0.8595373721085539;-0.5102510978590702;1.1569794443234844
565;-0.8592388537345168;-0.5104027490537815;1.1556827376031258
566;-0.8591939870607229;-0.49411210543855466;0.9240363790682933
567;-0.8590000934969544;-0.5195228691174143;1.214194285302131
568;-0.8590686634459739;-0.49326060423957785;0.9246208709486619
569;-0.8593804764290239;-0.4927834558520092;0.9250612230497153
570;-0.859691971148272;-0.5126992772443169;0.7878957244455878
571;-0.8602350690901588;-0.49175276289879716;0.9262158870366612
572;-0.8609874368538195;-0.491207743762586;0.9269188088020749
573;-0.8619261623486385;-0.4906673965530518;0.9276964263942029
574;-0.8627626889712762;-0.5154828371535427;0.7802489338217786
575;-0.8637776356268039;-0.4895393607931302;0.9294485065493305
576;-0.8646105451324885;-0.5174148828792566;1.2024584618076963
577;-0.8652917346298267;-0.5168882976675037;1.201305249280242
578;-0.8661684712417751;-0.48758437017570155;0.9324544169115307
579;-0.8668984502265052;-0.5158749680322428;1.1990825930382876
580;-0.8676057504688799;-0.5055920333433623;1.1414734392622465
581;-0.8681969444054559;-0.514906729876339;1.1969762423010408
582;-0.868764178197779;-0.5101320537116742;0.7985956060146964
583;-0.8695292198951787;-0.4837008950096914;0.9379834606244623
584;-0.8702529077502702;-0.5087025038096248;0.8031338264512429
585;-0.8711400021309006;-0.4821529073326309;0.9402377558963024
586;-0.8721525830437681;-0.48155731221510134;0.9413532700358375
587;-0.873254250290179;-0.48091550240383835;0.9424570132726642
588;-0.8741837188855122;-0.5106630300466168;1.1905990617291604
589;-0.8750322586583863;-0.5000225532179757;1.13668826201246
590;-0.8758002767257318;-0.4994854667922225;1.136292446863772
591;-0.8764869677026312;-0.4990043119382427;1.135922043940041
592;-0.8772145574519665;-0.47878058901853077;0.9476250547299323
593;-0.8779479781433077;-0.4784744291201653;0.948562692206793
594;-0.878545625901513;-0.49787059551879564;1.134953865314748
595;-0.8790096491176091;-0.49761254467059857;1.1346743491742863
596;-0.8794361132871991;-0.4784213606141439;0.9511397794153916
597;-0.879752474547554;-0.49601839905589007;0.8401265959606052
598;-0.87991880676215;-0.49716898255962144;1.1339357997698745
599;-0.8800120764446826;-0.4789803156732319;0.9533048447885688
600;-0.8799864001213077;-0.4992531977951289;0.8304775266756607
601;-0.8798054462711506;-0.4971555010001083;1.133282188298485
602;-0.8795327719614161;-0.4951323322848622;0.8454233027789703
603;-0.8791626964946632;-0.4807170171372912;0.9554871770325459
604;-0.8786332967317549;-0.49751074344241775;1.132618834407658
605;-0.8780215391485308;-0.4952716680184194;0.847634536759059
606;-0.877335967180768;-0.49540384476291643;0.848220858118061
607;-0.8765421424135118;-0.48337219224355643;0.9568159341967633
608;-0.875633580794843;-0.4841927223217046;0.957013646229216
609;-0.8746074908604952;-0.4851323855415975;0.957158061734706
610;-0.8734406168268818;-0.5052388120607993;1.1793434916654923
611;-0.8721748118227414;-0.48713866182037924;0.9572902293020747
612;-0.8708154250588891;-0.4881940139384061;0.957292098909037
613;-0.8693469866652321;-0.505925235732544;1.1779281226150866
614;-0.8678128903743992;-0.490312643341653;0.9571319035141229
615;-0.8662229755068744;-0.4913675087411312;0.9569845890851427
616;-0.8647018510751832;-0.5000238734255763;0.8377163650845472
617;-0.8632517297619609;-0.49862900992206527;0.850404047171117
618;-0.8617815221797307;-0.4942763468525245;0.9562872532202787
619;-0.8603048380717065;-0.49514070734980886;0.9559960895645281
620;-0.858837408719273;-0.49596502525610886;0.955708475221182
621;-0.8575272066404895;-0.5002583480836946;0.836965674761256
622;-0.8563677092726407;-0.4994101984658438;0.8494109429923297
623;-0.8553684965608085;-0.4993981252562053;0.8491232549575763
624;-0.8543438217000823;-0.5056623303550858;1.1246207435674898
625;-0.8533012429381407;-0.507913471819607;1.1717971000361131
626;-0.8522507778541809;-0.5079383258263491;1.1713945964652348
627;-0.8512988099253324;-0.4993519634284832;0.9531901317333508
628;-0.8504497107108953;-0.49953353315583815;0.9528631258691729
629;-0.849866048922292;-0.4977625292481369;0.8344407950059403
630;-0.8495426735795213;-0.4971924247869787;0.8340934756555436
631;-0.849171801721601;-0.5077873633280817;1.1702109678798176
632;-0.8487785952525927;-0.5062006603543494;1.1225346322163532
633;-0.8484959017398819;-0.4994190304221613;0.951711522375409
634;-0.848494088888352;-0.4944237997972789;0.8328032810664947
635;-0.8485800840713598;-0.49899573047905116;0.9516243674739575
636;-0.8487457388340696;-0.4987984524031785;0.9516415932339762
637;-0.8491423000736487;-0.49295176052605605;0.8448927478659451
638;-0.8493861107664518;-0.5070626878196276;1.1720046044862402
639;-0.8496854758513179;-0.49832408857895694;0.9520219957701376
640;-0.8498104875374288;-0.5070708278145463;1.1734257867164106
641;-0.8497574515848886;-0.507277664238458;1.174296423233149
642;-0.8497558747658316;-0.49805004332335945;0.9530439314850361
643;-0.8497848436453019;-0.4980795222413022;0.9535186863040047
644;-0.8498231129688665;-0.4981895677135272;0.95405773607666
645;-0.8500530234978412;-0.4881211497756258;0.844551431989666
646;-0.8502363207725783;-0.498631028549795;0.9553101404001934
647;-0.8500643090767304;-0.5102641314869958;1.181651625566678
648;-0.8495359602178202;-0.5111408244646;1.1831838539533421
649;-0.8489559299401052;-0.5000648140663144;0.957539761701269
650;-0.847976411663955;-0.5135357577756591;1.186450493344982
651;-0.8471752478188833;-0.4872083677145259;0.8454738239297686
652;-0.8462697576859578;-0.5024292354823139;0.9600099076836449
653;-0.8455339505608129;-0.4852053026775415;0.8318496816787861
654;-0.8446346405151086;-0.5047434968477675;0.9616634975934072
655;-0.8435513474198739;-0.5063736959875176;0.9624860365151947
656;-0.8418867151424387;-0.5230574884014499;1.1971229515551673
657;-0.8397092475650263;-0.5239626872490679;1.1488937567146094
658;-0.8377325187130076;-0.4882249588670074;0.8316328818133183
659;-0.8355685684237588;-0.5132609373987969;0.9650917359601922
660;-0.8332076025987374;-0.5154011590324222;0.9655644021919979
661;-0.8306355636633735;-0.5180463036216114;0.965999133348761
662;-0.8274557252397072;-0.5367871289235124;1.156062244824168
663;-0.824084687086132;-0.5232066629537094;0.9664466718668228
664;-0.8201015225786183;-0.5431043960729105;1.1584109901510846
665;-0.8163932335140817;-0.5011251827369034;0.8429868280477884
666;-0.8124891429160643;-0.5319506761529668;0.966287502227478
667;-0.8079343796787496;-0.553378721443089;1.1613673859346627
668;-0.8027499989819197;-0.5570997059911709;1.1622308098724474
669;-0.7969543253562038;-0.5610924725674477;1.1630568314007872
670;-0.7910605366202546;-0.5450694971128205;0.9646164975653407
671;-0.78507817314512;-0.5481167686032141;0.9639278365858401
672;-0.7784720560205629;-0.5739389013088222;1.1655056604402105
673;-0.7718192841646463;-0.5560361458022772;0.9625831173366266
674;-0.7645104559182934;-0.5825978664349967;1.2224114460159317
675;-0.7572347421738083;-0.5636656368115333;0.9610725385412525
676;-0.7509025083696488;-0.5095447220178019;0.81082025297646
677;-0.7439890691809784;-0.5967092946482406;1.171093718907457
678;-0.7371864694980229;-0.5739006992679484;0.958897641588704
679;-0.7305252357003074;-0.5774435548495992;0.9583231788525195
680;-0.7240274964715785;-0.5817688243324818;0.9579225754188921
681;-0.7177449268117195;-0.5844765228527726;0.9575186894986355
682;-0.7117061846444275;-0.5887799293876388;0.9574179835832798
683;-0.7070253933731825;-0.5111455596268186;0.7934417101280922
684;-0.7036442813256771;-0.5107896443707564;0.7906984280106799
685;-0.7014922164125863;-0.5102506862123198;0.7879285197125555
686;-0.7004881190502857;-0.509549774575839;0.7851511484426711
687;-0.699469820509393;-0.6011370397872842;0.9598894035721909
688;-0.6979806936612764;-0.6286577284146048;1.2094393140158148
689;-0.6961780244927801;-0.6237761638264719;1.2801420990304764
690;-0.6946777807469543;-0.6053290432066795;0.9648188088116375
691;-0.6935169269245611;-0.6064496261338236;0.9671175446422335
692;-0.6923346968185844;-0.6240185816663744;1.303535598461499
693;-0.6923772200380762;-0.5162672281547902;0.7893151978095184
694;-0.6935007826486133;-0.514561946213381;0.7878327897040576
695;-0.6945444547103787;-0.629895103697181;1.2612149305452203
696;-0.6959037637105038;-0.6085228662870286;0.9834032804763626
697;-0.6975958678015868;-0.6083335494637787;0.9874932242137825
698;-0.7002008250601132;-0.5072624047016261;0.7843874716662392
699;-0.7028809105405143;-0.6123317677888072;1.362659970030971
700;-0.7063228857086705;-0.5035521012065609;0.7845423822687447
701;-0.70986205567678;-0.6060376718902729;1.3767910641316667
702;-0.7140932230436938;-0.4776650124617292;0.7579037041277936
703;-0.7185080870008771;-0.6017362536406391;1.0146298728452277
704;-0.7230639617250261;-0.6088416161721804;1.3259125117422321
705;-0.727847768072619;-0.605352992971459;1.3303615776616844
706;-0.7329804683049349;-0.5867118742267204;1.3992890410376466
707;-0.7384905580477779;-0.598432526592656;1.3370793630221292
708;-0.744442319412672;-0.590532979080015;1.0366358695580462
709;-0.7508918440330922;-0.5885367175213412;1.0408230728952284
710;-0.7578890261067788;-0.5854076885200199;1.0444230145591302
711;-0.7654185299361;-0.47508493665391416;0.8116948926641344
712;-0.7735834574510707;-0.5770856530724099;1.3423515136027588
713;-0.7822273363291623;-0.4692233198763608;0.819619481722399
714;-0.7915464182863075;-0.5476362239133336;1.398524934463028
715;-0.801409609521187;-0.5668518462812839;1.0573800593687346
716;-0.8118861462077779;-0.5353698765651651;1.3941319141826618
717;-0.8225419625266435;-0.4319252901395819;0.803114566058616
718;-0.8335297351167632;-0.5529910681777097;1.0599062461362156
719;-0.8447299316468055;-0.5483569689623665;1.0596714728079246
720;-0.8559958180423405;-0.5429877374216244;1.058497504774832
721;-0.8671646450655569;-0.5385863764038143;1.057053329088207
722;-0.8780645992683151;-0.5351426941194131;1.0553189651557
723;-0.8883544308461484;-0.4373982376067766;0.8419460274425625
724;-0.8979004879665329;-0.4130648234728359;0.8137129746725736
725;-0.9068583684909309;-0.4781057503615448;1.3633591846190882
726;-0.9148530796465983;-0.4113624834147777;0.8119671360786536
727;-0.9219947684640567;-0.5193128789387941;1.0352377361469376
728;-0.928219999367496;-0.5173198313230767;1.029473056825631
729;-0.9335150552140987;-0.45983001567231674;1.339605847974439
730;-0.9378462222791133;-0.5143181814403384;1.0166906747162185
731;-0.9412634739369723;-0.5132782265422104;1.00986273524535
732;-0.9437948158392344;-0.4347223942037276;0.8202028182336208
733;-0.9456439327455014;-0.5120573030519591;0.9958751052915387
734;-0.9468839587205462;-0.4373307354952328;0.8126099431256233
735;-0.9477283922998236;-0.5114442790254898;0.9821812483084805
736;-0.9483049424541194;-0.5111374819815403;0.9756985575752578
737;-0.9487362276252932;-0.5104058481107261;0.9693345025754139
738;-0.9491344355792133;-0.5098850476144774;0.96364518072016
739;-0.9495335489447012;-0.4439518024714509;0.7949789144304776
740;-0.9500997106762886;-0.5086080579669117;0.9539708210166518
741;-0.9508856397610078;-0.5075441072923184;0.9498329169385791
742;-0.951921746626236;-0.5061017336067661;0.9460548432136024
743;-0.9531112951304772;-0.4279402709393465;0.7661624600660626
744;-0.9545802845096121;-0.5034281820450219;0.9408238548066451
745;-0.956292365732875;-0.5018637311375682;0.9389251363522846
746;-0.958118291290065;-0.44560649700398003;0.7793593957670706
747;-0.9600225862688825;-0.4454574196940445;0.7780916150068589
748;-0.9619578135974409;-0.44545958367359245;0.7770183815503445
749;-0.9639212166909582;-0.49583989334260425;0.9359437112006627
750;-0.9658128863795195;-0.49467459101613775;0.9360664287881278
751;-0.9674404644496171;-0.4111372230477833;1.2483866004680297
752;-0.9688670048821953;-0.4932445279515423;0.9368224275961504
753;-0.9700045323698823;-0.43030823483086467;0.7541556062239433
754;-0.9708265325606122;-0.44713031420697325;0.7722828894830781
755;-0.9712957994968805;-0.49337282391587;0.9379023284980137
756;-0.9714124465980298;-0.43360699914001544;0.7505277530667089
757;-0.9712071784049551;-0.40810796765002133;1.2583244366234154
758;-0.9706796248763327;-0.4960301830634622;0.9367523797604402
759;-0.9698955436975603;-0.43849004150192283;0.744703535421881
760;-0.9688946901960871;-0.4561826795304921;0.7622677563327633
761;-0.9678127808963328;-0.4106170215472117;1.2599875936016942
762;-0.9666575414671847;-0.44441507674167774;0.7363167087429858
763;-0.9654932435238395;-0.5025256270705978;0.9281244408289976
764;-0.9644617462905594;-0.4400400185715149;1.1920737068510725
765;-0.9635653553258731;-0.5044976111497163;0.922591479377588
766;-0.9628657746743661;-0.5052678008475102;0.9195031101699984
767;-0.9624684577099596;-0.44202888188983913;1.1868023133265924
768;-0.9622857739323127;-0.4666334003646665;0.7367764355239085
769;-0.9624386313300071;-0.5052674094252957;0.9114685547833645
770;-0.9629457083342124;-0.5046418270461419;0.9092077135196388
771;-0.9636920956219567;-0.4660712519201162;0.728819265869395
772;-0.9648090518399035;-0.502458558477174;0.9058626145071028
773;-0.9662737785167206;-0.5009637257608316;0.904891648960161
774;-0.9680475714949437;-0.49941592841808197;0.904306686383729
775;-0.9700821249700956;-0.4974443088941579;0.9045230491445968
776;-0.9721362936042363;-0.4470084550353699;0.7027402332998824
777;-0.9743634524705193;-0.49376898522550206;0.9061512091960121
778;-0.976682451977835;-0.4918985915077266;0.9077802125230114
779;-0.9788797327941059;-0.45762133210471156;0.7264510668620581
780;-0.9810342113771096;-0.4884024229261532;0.9124508212937097
781;-0.9830474348354641;-0.4252965934656751;1.1946742695932715
782;-0.9848375421127725;-0.48627865986235563;0.9180017371411937
783;-0.9862570516903281;-0.4547022602898997;0.7344086096636147
784;-0.9873487749072052;-0.42373687221157275;1.2044786611265264
785;-0.9880266796478112;-0.48549371720705115;0.9270882048517953
786;-0.9882370456644125;-0.4550032626031782;0.741045206580947
787;-0.9880145321502296;-0.4258634628821909;1.2128599496546322
788;-0.9872959466370979;-0.48808736722451374;0.9343956402730611
789;-0.9860763843640608;-0.48994970184071696;0.9356377133669049
790;-0.9844699473692069;-0.44588553341378817;0.7232650274614845
791;-0.9825578896172776;-0.44766418643675165;0.7232991999279541
792;-0.9803617846705476;-0.43605127821885037;1.216972659112272
793;-0.978011084403483;-0.45167325429395044;0.7217861996383915
794;-0.9755235458917253;-0.44090068873700045;1.214122024714671
795;-0.9729418353143833;-0.5029853951807759;0.9312335498528244
796;-0.9703809597633866;-0.4461446712897041;1.208904550330534
797;-0.9679091982732645;-0.5071831333214439;0.9248478233588705
798;-0.9656918704571045;-0.4597451892734849;0.7101428046079472
799;-0.9637893252551438;-0.47462782509790846;0.7293557650665943
800;-0.9622296076245387;-0.5109353082402048;0.9133700242837085
801;-0.9610414390213364;-0.4553912102010146;1.1898523427470118
802;-0.9602640534144562;-0.4562893179049604;1.1859120879634326
803;-0.9599768438304539;-0.5109750881512926;0.9022763568050294
804;-0.9601581548132114;-0.4743719466769061;0.7144664183621346
805;-0.9608531860679951;-0.5089624121289607;0.896479098066709
806;-0.9620437701394593;-0.5073635454594301;0.894378208523032
807;-0.9636940370478271;-0.5054688893163657;0.8928244224263225
808;-0.9657517867572702;-0.5032865240847938;0.8921092284252045
809;-0.9681489870499604;-0.5009527077955538;0.8920237712868401
810;-0.9707213422514829;-0.45125842872419053;1.1705334546800852
811;-0.9733296569558452;-0.44865225848695217;0.6903965558521215
812;-0.976057713542233;-0.4937564858997865;0.8960517174037377
813;-0.9787923930591148;-0.4915376301548462;0.8987336387605865
814;-0.9813104223953864;-0.4251179969705867;1.2463680932830608
815;-0.9836427979163928;-0.48786576425656486;0.9056060934155943
816;-0.9856705011756912;-0.48657665391425914;0.9097045206286114
817;-0.9872824338713619;-0.4857441815704442;0.9140448941441425
818;-0.9883413173110387;-0.45032241403076967;0.7348966645338075
819;-0.988847713800824;-0.48560653782327867;0.9230335383257291
820;-0.9887369953287433;-0.438869354798397;0.7209982628208312
821;-0.9880403565600783;-0.43997103751528865;0.7245509517646078
822;-0.9867693562488689;-0.488801202910949;0.9340538513495645
823;-0.9849526318309192;-0.4510868891336192;1.2087702357995944
824;-0.9826215619460287;-0.49317772381336644;0.9386566795470257
825;-0.9798380756779168;-0.4957785036444878;0.9393736394021714
826;-0.9767589979826629;-0.45083105574137583;0.733478571091239
827;-0.9734524209909803;-0.46233680351939543;1.2096228920392686
828;-0.9700061003091558;-0.5046304088346234;0.9365969847610865
829;-0.966532712688107;-0.5076261542794316;0.9340949554624381
830;-0.9631758255473308;-0.45131156127128913;1.2670478062946067
831;-0.9600445315154499;-0.47609449417301253;0.7449117033531072
832;-0.9572124333930317;-0.5148225868026551;0.9216401284719397
833;-0.9547667418493321;-0.4680672706897032;0.7156048504169428
834;-0.9527813803885509;-0.5178273917784956;0.9116514297860508
835;-0.9513089835973594;-0.5185494638067636;0.9064532760995947
836;-0.9503844361887808;-0.5186635758582223;0.9012602819738211
837;-0.9499728630744163;-0.4819310134874448;1.1693444362354133
838;-0.9500370981244244;-0.4625001861623239;1.2333598163507906
839;-0.9506047054545681;-0.48139825801095754;1.1615693826678757
840;-0.9517262144782214;-0.5145644143635203;0.8850644969552195
841;-0.9532742880144249;-0.479850522003112;1.1561896663880025
842;-0.955288105190629;-0.510137344203408;0.8807321500036077
843;-0.957696419733528;-0.5074606282656817;0.8796393993181164
844;-0.9604154446977542;-0.5045059649159244;0.879245004205216
845;-0.9631691388206278;-0.4599160697751989;0.6837477979222313
846;-0.9660868596251748;-0.4987905319699363;0.8809232598873395
847;-0.9689766085180389;-0.46910333595430803;1.1578133706522595
848;-0.9716682906970205;-0.45377278045762615;0.6875075456770521
849;-0.9742729726381611;-0.4907313118763881;0.8883303090099451
850;-0.9766809157882175;-0.48858867386301386;0.8919246129837607
851;-0.9786884686801759;-0.4583866282334147;0.7164525342748902
852;-0.9803424738892754;-0.48556266654128444;0.9003623166893978
853;-0.9814836291996039;-0.44626273434582053;1.2482822922212455
854;-0.9821211904732674;-0.46043528257885014;1.1850287728031113
855;-0.9822291559971703;-0.46088874733064544;1.189406535568247
856;-0.9817887538337267;-0.4480220058003213;1.2603763517799598
857;-0.9808273275366424;-0.4634232959807659;1.1973327392892064
858;-0.9793676798730334;-0.4864636974737044;0.9254905567895227
859;-0.9774436695870585;-0.4516471199171307;0.722565891307693
860;-0.9751251640180414;-0.46174367578015907;0.7465275008059564
861;-0.9724556725184559;-0.4923484298611658;0.9327383446796074
862;-0.9694961097154389;-0.49479165852138696;0.9336765091271877
863;-0.9663211404679786;-0.49726871466031974;0.9336205397937426
864;-0.9630157892491349;-0.4999779751906397;0.9330249764792707
865;-0.9597108846563182;-0.46538444936326506;0.727079698810819
866;-0.9564967803087221;-0.4764085407704863;0.7472499997954568
867;-0.9534602013302258;-0.47899963645203025;0.7453425109786613
868;-0.9506774169648021;-0.4892183584601447;1.1971174889323297
869;-0.9482183148203431;-0.4908250207442527;1.1932382641255723
870;-0.946133324122157;-0.5130636903346693;0.9159923193700589
871;-0.9444712482201139;-0.4794682896045579;1.2515565708207945
872;-0.9432662629884321;-0.4941338114055883;1.1796639874094252
873;-0.9425253478810872;-0.48107704569374976;1.2424894503280806
874;-0.9422764167826316;-0.5147394206140284;0.8983755450899815
875;-0.9425131295343973;-0.5141323354459842;0.8941400680218288
876;-0.9431619639246184;-0.4862448165925838;0.7184372750348307
877;-0.9441786077322453;-0.47774993184090525;0.6965813060974482
878;-0.9455292897286302;-0.47694742914692356;0.694513651557545
879;-0.9472708563477724;-0.5088248870544279;0.8805598105598919
880;-0.9493457895859405;-0.5068861949195722;0.8782332406210549
881;-0.9516897059724843;-0.504688864800127;0.8763089831189121
882;-0.9542366360933741;-0.5026088308392342;0.8751273313730499
883;-0.9568305950543468;-0.47766587499704594;0.7080089726849714
884;-0.9593964474922718;-0.4695962191310291;0.6895414713978726
885;-0.9619952755744896;-0.4960242415512578;0.8741734734514086
886;-0.96445647905265;-0.46735080980790283;0.6905769575987695
887;-0.9667655762006084;-0.47266486537896735;0.7099367963084098
888;-0.9689591103670381;-0.4906274094918732;0.8772463978662326
889;-0.9709835611895397;-0.4892150147643235;0.8787728653417634
890;-0.9727945418044077;-0.4880642482382036;0.8804239680028424
891;-0.974302484683071;-0.47050752365819076;0.7147362609451977
892;-0.9754793794494885;-0.45570118723828035;1.2153079049760156
893;-0.9764075579095345;-0.48629718082599105;0.8848821184061925
894;-0.9770457014911624;-0.47111585158170033;0.7172401635895067
895;-0.9774112032253387;-0.4663726324889479;0.698326067778938
896;-0.9775162540772289;-0.45579341895821657;1.2178873223614923
897;-0.977429896384417;-0.47379893200436696;0.7161449729066418
898;-0.9772044942260658;-0.4885075937957314;0.8853024148185769
899;-0.9768642772297484;-0.4895458249247171;0.8835231018406248
900;-0.9764271222270458;-0.4778611943554677;0.7096519744729696
901;-0.9759314563174087;-0.47943855854297757;0.7061481029418124
902;-0.9754187562284209;-0.49325721089928437;0.873995505749247
903;-0.9749130055156239;-0.4946908769150641;0.8690808973031992
904;-0.974436994072082;-0.4959986728092419;0.8639723961561464
905;-0.9740101256590746;-0.4973680838423409;0.8580573036978572
906;-0.9736484326514;-0.49869918247393913;0.8516452538402
907;-0.9733552413883182;-0.48879318520327386;0.6730543257843682
908;-0.9731387597850844;-0.4901400362463667;0.6661824960012297
909;-0.9730013691013173;-0.4914336211156661;0.6591707136477897
910;-0.9729589615098779;-0.5030430624500698;0.8230579726034213
911;-0.9729872453448772;-0.4937304424472303;0.6451328835682293
912;-0.9731045263768417;-0.5044570673258839;0.8085470420271718
913;-0.9732743241876332;-0.49555613454366004;0.631719298678956
914;-0.9734855652093422;-0.4963120192194521;0.6254647390348129
915;-0.9737268245837502;-0.4921358959798896;0.6010588873432718
916;-0.9740846385194507;-0.47151552835257304;1.1242398665637263
917;-0.9745095644286104;-0.505644058939524;0.7781017858809491
918;-0.9749370418803538;-0.4982307804353143;0.6049930032597206
919;-0.97535358407585;-0.4938295842499746;0.5828502851728092
920;-0.9758114034494582;-0.5051210153866347;0.7664883343598999
921;-0.9762362120455776;-0.49860854950574396;0.5954787947090734
922;-0.976686561269901;-0.5042468450371413;0.7621476376709617
923;-0.9770820877091088;-0.498507761638525;0.592119133496783
924;-0.9775639055053291;-0.47720731102381964;1.0348180590140017
925;-0.9780453168635489;-0.5023652618656249;0.7606353637880907
926;-0.9784330663488463;-0.4937626647132035;0.572652403337194
927;-0.9788039535290991;-0.5011376788009909;0.762594416592564
928;-0.9790635194033266;-0.49333823453827086;0.5743147405485236
929;-0.9792139089155968;-0.4970548475916846;0.5946700301524245
930;-0.9792528904586515;-0.49687302231399216;0.5965446386067388
931;-0.9793212033942267;-0.47341488263793063;1.0491195545150336
932;-0.9792640499017169;-0.49657130921059256;0.6011053482238295
933;-0.9791616506044851;-0.4978637332721647;0.7787420994932027
934;-0.9790426527998553;-0.46605498459018646;1.130565008957566
935;-0.9787912246059262;-0.49627722363556426;0.6091662440148636
936;-0.9784128768058072;-0.49284586770005556;0.5920108648144953
937;-0.9779982434995087;-0.4970170363496571;0.7932649446708673
938;-0.9775524829065607;-0.49667190677396567;0.7969086608730727
939;-0.9771120718309083;-0.4726807555143192;1.0814658326544984
940;-0.9766485093571982;-0.4969115584208986;0.8035487809217661
941;-0.976172956794146;-0.4970178363943327;0.8066003932989575
942;-0.97571494116059;-0.4739576652341085;1.0921514228760703
943;-0.9752691530509988;-0.49716847363252803;0.8120116281649489
944;-0.9747905374646296;-0.4971751576570822;0.6302045587127713
945;-0.9743653062239204;-0.49786113375621954;0.8161025914355082
946;-0.9740092603840892;-0.49788516731751437;0.8178109336074246
947;-0.9737361332252475;-0.49812341536748894;0.819135527069965
948;-0.9734949724812598;-0.4947238283596861;0.6126438396483117
949;-0.973370646909781;-0.49851650748137133;0.8209191461850942
950;-0.9733706124503381;-0.4986572856383559;0.8214117888739177
951;-0.9734991650796854;-0.4989622923042947;0.8215986408770873
952;-0.9737590013880337;-0.499031443916374;0.821644471599935
953;-0.9741000424309986;-0.4978162186486911;0.633960749499689
954;-0.9745201481192323;-0.49473990267586615;0.6118050226812217
955;-0.9750313081184151;-0.4975922041876931;0.6328984532788029
956;-0.9756315215793758;-0.4974611434418815;0.6322477036787894
957;-0.9763657176747047;-0.4982357124248801;0.8198054004128613
958;-0.9771602982924978;-0.4942272138724437;0.6090771993286765
959;-0.9780658151319067;-0.49760814160311817;0.8186497010157012
960;-0.9790482541081107;-0.47838127846554934;1.1072107490385614
961;-0.9800519662402611;-0.49349005345167163;0.6069376884360551
962;-0.981074569786518;-0.49597805058630806;0.6281425772879736
963;-0.982102896537189;-0.4956929915818845;0.627596044995397
964;-0.9831160593955571;-0.4927384664592285;0.6052278397095633
965;-0.9841020052181189;-0.492566664840172;0.604805965247735
966;-0.9851016838167547;-0.49498261850471253;0.8163319988935787
967;-0.9860978864303709;-0.47630334672676633;1.1071498766508625
968;-0.98707344911139;-0.4943983112896968;0.8165727182183863
969;-0.9880013292362744;-0.47233499026276005;1.1796019818575982
970;-0.9888393623540402;-0.491853020751925;0.6039392463156212
971;-0.9896263707114583;-0.49404586790763305;0.8176480874093511
972;-0.9903162547648394;-0.4942112784345647;0.6263536198952669
973;-0.9909406807121452;-0.4940895068438149;0.818711723312032
974;-0.9915060311072419;-0.47724519248626995;1.1118194781111428
975;-0.9919910505132369;-0.4945919479585816;0.8198723186736319
976;-0.9923921671951658;-0.4947100472953032;0.8205370113717078
977;-0.9927073260503652;-0.4950598917118063;0.8211433495906917
978;-0.9929364194483041;-0.4954677007361158;0.82172460576147
979;-0.9930808147005172;-0.4960726148944439;0.8222163322087481
980;-0.9931359259163204;-0.49293400600615644;0.6055398091944153
981;-0.9931157221853117;-0.49563394322549914;0.6283982354799249
982;-0.9930508754555509;-0.48244493875152317;1.1181611193876448
983;-0.9929463718696067;-0.47945027247868;1.1904785727768952
984;-0.9927917630317583;-0.49662860720675583;0.6285916046816027
985;-0.9926019956982766;-0.49460161764439514;0.6056490834017167
986;-0.9923809333475448;-0.49956561762909435;0.824483790828869
987;-0.9921420056978403;-0.4976433322832845;0.6283762530766634
988;-0.991894742752853;-0.4979696127516977;0.6282300193830689
989;-0.9916372159491387;-0.500683554943503;0.8246902496239218
990;-0.9913868811893493;-0.4962790907215431;0.6047886770352167
991;-0.9911391080950415;-0.4849868617719759;1.1935932237282403
992;-0.9908929017023105;-0.5015548537867599;0.824616809868043
993;-0.990651304352729;-0.5017849587223571;0.8245774124470366
994;-0.990408468875962;-0.48661485383572034;1.1943073945918827
995;-0.9901725079583331;-0.502152833636725;0.8245086809634868
996;-0.9899452099970021;-0.5022846159352423;0.824485945436547
997;-0.9897061580542618;-0.48818837576565804;1.1949514259334426
998;-0.9894966388808;-0.49896842894181265;0.6262681076850778
999;-0.9893197244016518;-0.4967270070812738;0.6027610430259809
1000;-0.9891758069583889;-0.49660156561269186;0.6025884829604995
