0;-0.5240422223153659;-0.4831617249456409;2.0414823500600545
1;-0.5228520663658496;-0.48365739986235773;2.4238941709036346
2;-0.5214393268913733;-0.484255838386155;2.0379101757588924
3;-0.5198405538387879;-0.4849393546993507;1.7808942645720778
4;-0.5181125286204249;-0.48567828830497517;1.6250597657469799
5;-0.516282210602357;-0.48645578290480607;1.5098854975537292
6;-0.5143582417085614;-0.48726333706945224;1.4180062558381834
7;-0.5123525856890967;-0.4880924581272616;1.3416981283982836
8;-0.5102862438758666;-0.48893211046999374;1.2765295892410384
9;-0.5081801670162395;-0.4897704371475392;1.2197245569267112
10;-0.5060492292908276;-0.490597450556703;1.169579384966995
11;-0.5039031407793687;-0.49140563994868636;1.125052331250753
12;-0.5017491017151587;-0.4921895859140285;1.0854877718803138
13;-0.49959362570702365;-0.4929456471066765;1.0504575589174074
14;-0.4974432631734016;-0.4936718258347216;1.0196728163461533
15;-0.4953043348500845;-0.49436778947544036;0.9929332826268593
16;-0.49318199157661285;-0.49503506285754795;0.9700970325593672
17;-0.49107916262474965;-0.4956773371372519;0.9510623758788788
18;-0.48899591585591135;-0.49630073291158966;0.9357579298374616
19;-0.4869293827341811;-0.4969138506053548;0.9241385087671625
20;-0.48487401431830646;-0.4975275733272921;0.9161849890517861
21;-0.48282184245685233;-0.49815473710075614;0.9119065600143967
22;-0.48076260750522115;-0.4988098157146045;0.9113441462844285
23;-0.4786838322327043;-0.4995086817261468;0.9145743008983536
24;-0.476571000054569;-0.5002684058197945;0.921713393421905
25;-0.4744079480384733;-0.5011070195921228;0.9329223824013527
26;-0.47217749993775837;-0.5020431875412437;0.9484129240309547
27;-0.4698622978466782;-0.5030957743671756;0.9684562053338595
28;-0.4674457497900646;-0.5042833289600942;0.9933969789613256
29;-0.46491297976983337;-0.5056235329429591;1.0236772151605407
30;-0.4622516353101671;-0.507132683509796;1.0598771852349809
31;-0.459452382097595;-0.5088252968608445;1.1027878686160058
32;-0.4565089248120038;-0.510713918410268;1.1535406182212202
33;-0.45341747515350067;-0.5128091918918158;1.2138481577610813
34;-0.4501757494250114;-0.5151201664750866;1.2864881955971628
35;-0.44678175732288583;-0.5176547355157524;1.3764081734569933
36;-0.4432327338235674;-0.5204200523535683;1.4938110248099008
37;-0.43952450766813256;-0.5234227879724002;1.6662486429758054
38;-0.43565144242973425;-0.5266691617713373;2.0493644892658236
39;-0.4316069346243193;-0.5301647407740322;1.9224263369697774
40;-0.42738436903802063;-0.5339140336396352;1.7442233349337717
41;-0.4229784016295828;-0.537919909989782;1.6878542980281617
42;-0.4183864227884987;-0.5421828777419304;1.68345464302923
43;-0.4136100264487932;-0.5467002698680955;1.7206997733769083
44;-0.40865628543683746;-0.5514654265284192;1.8130166254934201
45;-0.4035386384502285;-0.5564669902074693;2.0486025983223697
46;-0.39827724728852765;-0.5616884362613536;2.0884864693025698
47;-0.3928987778897404;-0.5671079268579955;1.7859732155683263
48;-0.38743566705338944;-0.5726985126425649;1.651739614871176
49;-0.3819250218512026;-0.5784286411329136;1.5683783560138171
50;-0.376407332535556;-0.5842628914981346;1.512013049289624
51;-0.3709251572431763;-0.590162852468372;1.4737251785716734
52;-0.3655218791340918;-0.5960880829764696;1.4494550931324137
53;-0.36024057688153893;-0.6019971230111231;1.4373753402417777
54;-0.35512301163168625;-0.6078485392472261;1.437062191341668
55;-0.3502087226581825;-0.6136019920255342;1.4493819664167626
56;-0.34553423119464566;-0.6192193013059473;1.4769791669183312
57;-0.341132365392623;-0.6246654757442767;1.5259597265146922
58;-0.3370317303320215;-0.6299096561537748;1.6117255106279793
59;-0.3332563510816683;-0.6349259155946441;1.7905855471809229
60;-0.32982551239405294;-0.6396938554580732;2.1417780020336403
61;-0.32675380571348533;-0.6441989420955285;1.6606433505556013
62;-0.3240513740109604;-0.6484325433340741;1.492245573214592
63;-0.3217243203125445;-0.6523916491226109;1.3840573139629884
64;-0.31977522126767;-0.656078294056595;1.3030912512120785
65;-0.3182036687195298;-0.659498737294941;1.2379515303673065
66;-0.31700675595852235;-0.6626624903004665;1.1832993169723072
67;-0.316179434918859;-0.6655813064017434;1.1361928123541927
68;-0.3157146956593506;-0.6682682511351992;1.0948409547760223
69;-0.3156035550898189;-0.6707369556110848;1.0580803699565178
70;-0.3158348799383578;-0.673001119605398;1.025122851329301
71;-0.31639510084516487;-0.6750742849111242;0.9954201845949313
72;-0.31726789386451587;-0.676969853484393;0.9685856729382609
73;-0.31843390980057096;-0.6787012889211745;0.9443454551564104
74;-0.3198706214666628;-0.6802824199192277;0.9225065892888569
75;-0.32155233751878115;-0.6817277620436941;0.9029351422105573
76;-0.3234504038793254;-0.6830527866549354;0.8855405748163322
77;-0.3255335854317327;-0.6842740879740996;0.8702642898509447
78;-0.3277685967966574;-0.6854094246823166;0.8570710686936827
79;-0.3301207354401448;-0.6864776354488322;0.8459426121005379
80;-0.33255456477122614;-0.6874984444041927;0.8368726879387443
81;-0.33503459842650324;-0.6884921813215552;0.8298635637657574
82;-0.33752594681308673;-0.6894794430467523;0.8249235108245806
83;-0.33999489959498486;-0.6904807199999397;0.8220652350108166
84;-0.34240943002670904;-0.6915160071673958;0.8213051348048015
85;-0.34473961695917077;-0.6926044149859341;0.8226633150811651
86;-0.34695798737817035;-0.6937637927611096;0.8261643048040441
87;-0.3490397867760489;-0.6950103755882375;0.8318384400076859
88;-0.3509631870927977;-0.696358464512886;0.839723884873171
89;-0.3527094428611438;-0.6978201482947746;0.8498692773392632
90;-0.3542630057513796;-0.6994050734229069;0.8623370069186975
91;-0.3556116059594987;-0.7011202671572162;0.8772071685597
92;-0.3567463058615393;-0.7029700167299828;0.8945822978125056
93;-0.3576615273204407;-0.7049558067657182;0.9145930943901899
94;-0.35835504953564856;-0.707076316563052;0.9374055071000473
95;-0.35882797020901525;-0.7093274788949999;0.9632298226316207
96;-0.3590846200502773;-0.711702601917283;0.99233284470847
97;-0.35913242017890346;-0.7141925549950716;1.0250550036357702
98;-0.3589816743869645;-0.7167860172197669;1.0618355710211633
99;-0.35864529353839425;-0.7194697838488044;1.103251648851889
100;-0.358138456919932;-0.7222291210959956;1.1500815679523613
101;-0.35747822377806515;-0.7250481543851931;1.2034139782580235
102;-0.35668311578219414;-0.7279102705256307;1.2648488786547665
103;-0.35577269593687905;-0.7307985115699402;1.3369023426082038
104;-0.35476717021240867;-0.7336959383992239;1.4239262710968954
105;-0.35368703449312;-0.736585945701645;1.5346067563980614
106;-0.3525527820830021;-0.7394525164442566;1.691096554297872
107;-0.3513846775943088;-0.742280411852742;1.9942434009316978
108;-0.35020259360475303;-0.7450553005827881;2.041692797681749
109;-0.3490258987860929;-0.7477638366444396;1.8017180396662225
110;-0.34787338133643547;-0.7503936988683092;1.7154747741067247
111;-0.34676318966810793;-0.752933605305856;1.6771207556551468
112;-0.34571277290585567;-0.7553733146663901;1.6644243158193888
113;-0.3447388060248853;-0.757703624717146;1.6691345022354172
114;-0.3438570876464122;-0.7599163753459184;1.6875436250660876
115;-0.3430824021045643;-0.7620044621159312;1.7179731841779817
116;-0.34242834116834076;-0.7639618646006313;1.7599166560621147
117;-0.34190708468401276;-0.76578369228125;1.8137666414386961
118;-0.3415291433801434;-0.7674662490002297;1.8808645241102044
119;-0.3413030710843059;-0.7690071147138285;1.963900295553897
120;-0.34123515748695626;-0.7704052406259597;2.0680217122376514
121;-0.3413291161278983;-0.7716610509661171;2.2040889506131287
122;-0.34158578520977867;-0.7727765420762411;2.401710231707126
123;-0.34200286090092974;-0.7737553674985096;2.8374992670714247
124;-0.34257468375694916;-0.7746028967446058;2.696914102564585
125;-0.34329209861058874;-0.7753262355802233;2.574671428982503
126;-0.3441424066703491;-0.7759341970154533;2.589661753614889
127;-0.34510942562119157;-0.776437214632035;2.7117217799398174
128;-0.346173669299798;-0.7768471931571601;3.354124126080783
129;-0.34731265316061927;-0.7771772949940771;2.7300425831245163
130;-0.3485013254832443;-0.7774416654095969;2.558967536050641
131;-0.3497126174264371;-0.7776551029519387;2.4794989524146716
132;-0.3509180980552215;-0.777832685170091;2.444149030987188
133;-0.3520887139041973;-0.7779893626147955;2.440028456141781
134;-0.3531955870985457;-0.7781395362435234;2.4640172256512765
135;-0.354210842111712;-0.7782966345800425;2.51908288740091
136;-0.3551084293424147;-0.7784727071871188;2.6170523087325037
137;-0.35586491406606313;-0.7786780501580748;2.7973270833505435
138;-0.356460201902367;-0.7789208774720102;3.4941768947567584
139;-0.35687817641478514;-0.7792070493480633;2.9406285677303337
140;-0.3571072302801526;-0.779539865432811;2.890458673152601
141;-0.35714067798702265;-0.7799199270811943;3.2735913003111605
142;-0.35697704458266166;-0.7803450694777538;2.7540584962083186
143;-0.3566202310211354;-0.7808103611869485;2.4903888293416467
144;-0.3560795617441188;-0.7813081661388274;2.326914041628921
145;-0.3553697239970348;-0.7818282611743258;2.2064829602177163
146;-0.3545106109548678;-0.7823580011228572;2.1116116098095574
147;-0.35352708205270367;-0.7828825229131093;2.0343485013825076
148;-0.35244865413907167;-0.7833849803177753;1.9703319379714164
149;-0.3513091364178606;-0.7838468014634333;1.916892238156386
150;-0.3501462208739987;-0.7842479620474139;1.8722764111385013
151;-0.34900103825015943;-0.7845672681529936;1.8352780990014632
152;-0.347917687895689;-0.7847826435241854;1.805040252400865
153;-0.3469427481421191;-0.7848714170643764;1.780940005632615
154;-0.3461247724149543;-0.7848106071058533;1.7625152181366464
155;-0.3455137751522858;-0.7845771996389;1.7494119594755901
156;-0.3451607107939717;-0.7841484181957921;1.7413403987600122
157;-0.34511694860995235;-0.7835019834815378;1.7380294703753238
158;-0.34543374589849807;-0.7826163611644479;1.739170692959655
159;-0.3461617220322649;-0.7814709965214655;1.7443397466312995
160;-0.34735033588582914;-0.7800465349057266;1.752882371609284
161;-0.3490473692749664;-0.7783250272865906;1.763752989236518
162;-0.35129841912378534;-0.776290120412516;1.7753108630190475
163;-0.3541464011197197;-0.7739272314593899;1.785130022170915
164;-0.35763106760816066;-0.7712237073359257;1.7899823100893641
165;-0.36178854242679914;-0.7681689691007192;1.7862557148927856
166;-0.3666508753082691;-0.7647546421759304;1.770960199387448
167;-0.37224561842212595;-0.7609746731930195;1.7429492863469283
168;-0.37859542762199394;-0.7568254343516947;1.703471461339857
169;-0.38571769104795695;-0.7523058160946148;1.6555582916583138
170;-0.39362418793761533;-0.7474173086858429;1.6027910698295322
171;-0.4023207808371891;-0.7421640729296775;1.5483209216355664
172;-0.41180714487136416;-0.736552999790795;1.4944777269703977
173;-0.42207653829575226;-0.7305937581045465;1.4427991524129928
174;-0.4331156191583394;-0.7242988289416133;1.3942202411233557
175;-0.4449043134492122;-0.7176835245719246;1.3492706251858109
176;-0.4574157405174102;-0.7107659894249568;1.308226881390055
177;-0.47061620167595425;-0.7035671800329433;1.2712162545850552
178;-0.4844652377181623;-0.6961108207240292;1.2382828821466583
179;-0.49891576048880726;-0.6884233318357931;1.2094286428936052
180;-0.5139142627052766;-0.6805337274490111;1.1846379149239232
181;-0.5294011089732098;-0.6724734800717467;1.1638925249922836
182;-0.5453109094940523;-0.6642763502882955;1.147180923698359
183;-0.5615729764385174;-0.6559781800707943;1.1345041367665603
184;-0.5781118614662435;-0.647616649182819;1.1258801303487567
185;-0.5948479714778944;-0.6392309948488104;1.1213477068832893
186;-0.6116982584150648;-0.6308616956056077;1.1209707951003498
187;-0.6285769777558148;-0.6225501209958378;1.1248439483624242
188;-0.6453965092406387;-0.6143381495216966;1.133100007149243
189;-0.6620682322468573;-0.6062677580677929;1.1459212597504642
190;-0.6785034470600932;-0.5983805868322383;1.1635561829139172
191;-0.6946143320448802;-0.5907174846718999;1.186345259132822
192;-0.7103149253984394;-0.5833180406512628;1.214762105855437
193;-0.7255221188187391;-0.5762201084512625;1.2494817283171653
194;-0.7401566490910063;-0.5694593311018418;1.2914998841937284
195;-0.7541440723720572;-0.5630686742030465;1.3423566334722377
196;-0.7674157049104723;-0.5570779763496037;1.404595196734646
197;-0.7799095131607634;-0.5515135258354333;1.482832349092389
198;-0.7915709358002639;-0.5463976728594794;1.5867834312340472
199;-0.8023536200965948;-0.5417484863649655;1.7431494960095029
200;-0.8122200554493568;-0.537579464311607;2.103184201296
201;-0.8211420877836729;-0.5338993056007151;1.9633295127215402
202;-0.8291012998433259;-0.530711751044571;1.7550331517569264
203;-0.836089244353322;-0.5280154996909507;1.6618707038913052
204;-0.8421075195266664;-0.5258042054766564;1.6085059750020458
205;-0.847167679496658;-0.5240665575862333;1.5760141455394252
206;-0.8512909759579799;-0.5227864460355385;1.5566097369011498
207;-0.854507931551636;-0.5219432118995269;1.5462700046976283
208;-0.8568577502299424;-0.5215119792964005;1.542604611779035
209;-0.8583875748230386;-0.521464063791522;1.544047895951836
210;-0.8591516070658202;-0.5217674493916042;1.549496916143228
211;-0.8592101101455151;-0.522387323889765;1.5581295811765252
212;-0.8586283180733639;-0.523286660143553;1.569305292489739
213;-0.8574752795473702;-0.5244268290766525;1.5825070948100532
214;-0.8558226661749946;-0.5257682289355287;1.5973062816676198
215;-0.8537435757620245;-0.527270914720094;1.6133398997317103
216;-0.8513113607536349;-0.528895211812155;1.6302960749230273
217;-0.8485985098690139;-0.5306022986600447;1.647904349000337
218;-0.8456756076601522;-0.5323547448962296;1.665929425906366
219;-0.8426103924127397;-0.5341169933657388;1.6841673962505945
220;-0.8394669278294473;-0.5358557770829512;1.7024438778347477
221;-0.8363048986618935;-0.5375404649415343;1.7206137016509593
222;-0.8331790352456234;-0.5391433328970496;1.7385618541841956
223;-0.8301386670548012;-0.5406397601516504;1.7562054037225414
224;-0.8272274011709698;-0.5420083524449576;1.773496128802079
225;-0.8244829181097438;-0.5432309967758637;1.7904235668891206
226;-0.821936874842443;-0.5442928536650584;1.8070182443021146
227;-0.819614903082078;-0.5451822943744065;1.8233549611561064
228;-0.8175366899095176;-0.5458907913204863;1.8395562047990492
229;-0.8157161274880413;-0.5464127702813373;1.855796059792309
230;-0.8141615188194447;-0.5467454329497423;1.8723053802278833
231;-0.8128758270896674;-0.5468885580045376;1.8893795208296313
232;-0.8118569569965852;-0.5468442882369585;1.9073906765644206
233;-0.8110980574193406;-0.5466169104706297;1.926808076586488
234;-0.8105878357677154;-0.546212634138991;1.948231414961438
235;-0.8103108752543849;-0.5456393735132075;1.9724471053271215
236;-0.8102479471003404;-0.5449065377756208;2.000525921099226
237;-0.8103763102796698;-0.5440248324612664;2.034001409960041
238;-0.8106699918291586;-0.5430060752763258;2.075222043630187
239;-0.8111000410177718;-0.5418630289591906;2.1281282174031912
240;-0.8116347508527082;-0.54060925366496;2.2002731619070457
241;-0.8122398405916348;-0.5392589812907747;2.309679467571093
242;-0.8128785932739646;-0.5378270141557107;2.5249487392590204
243;-0.81351194295737;-0.5363286504196288;2.7422763912929855
244;-0.814098507567405;-0.5347796384641902;2.368519283121879
245;-0.8145945652882831;-0.5331961620438364;2.225132551441018
246;-0.8149539755085473;-0.5315948572140273;2.1371306134488983
247;-0.8151280497458988;-0.5299928607294124;2.0766393336530475
248;-0.815065383923009;-0.5284078876633549;2.0343262436651512
249;-0.8147116709621618;-0.5268583333546633;2.0065767144575744
250;-0.8140095218529106;-0.5253633914173961;1.9925068851572154
251;-0.8128983338184467;-0.5239431755181356;1.9933131129524138
252;-0.8113142553369395;-0.5226188281039423;2.0129076328308186
253;-0.8091903085637073;-0.5214125945552776;2.0608714483814135
254;-0.8064567387697354;-0.5203478367837397;2.1651096626799533
255;-0.8030416660700752;-0.5194489566676289;2.496919673818894
256;-0.798872115116242;-0.5187411975869693;2.2537597483799447
257;-0.7938754918193656;-0.5182502923797324;2.003915711808788
258;-0.7879815612115567;-0.5180019289248082;1.863472644362182
259;-0.7811249566114524;-0.5180210107311863;1.7630898376226904
260;-0.7732482176267488;-0.5183306995927119;1.6848083204620339
261;-0.7643053144231541;-0.5189512404840009;1.6212258412983118
262;-0.7542655700228005;-0.5198985851100563;1.5685678300943682
263;-0.743117843297356;-0.5211828494325539;1.5246530223430965
264;-0.730874784638598;-0.5228066616460568;1.4881146067320956
265;-0.7175769253176782;-0.524763480132995;1.4580493328413198
266;-0.7032963113339878;-0.5270359855551509;1.4338412416901507
267;-0.6881393450022343;-0.5295946767310089;1.4150664133450963
268;-0.6722484571550775;-0.5323968245379206;1.4014393335598223
269;-0.6558022086986736;-0.5353859581380092;1.3927827553536205
270;-0.639013426896988;-0.5384920672968141;1.3890123754477757
271;-0.6221250379697558;-0.5416326951477091;1.3901324491938811
272;-0.6054033819619169;-0.5447150583782512;1.3962414622350758
273;-0.5891289992790063;-0.5476392594850662;1.4075495454545253
274;-0.5735851553143688;-0.5503025472944791;1.4244125303189836
275;-0.5590446920388736;-0.5526044453754018;1.4473929529198615
276;-0.5457561122901625;-0.5544524217106118;1.4773693319384145
277;-0.5339300483930528;-0.5557676438182323;1.5157406359502108
278;-0.5237273776780724;-0.5564902809990484;1.564840191123571
279;-0.5152501794969051;-0.5565838042246702;1.6288795831825884
280;-0.508536472755978;-0.5560378067044187;1.7165266729090614
281;-0.5035592626299206;-0.5548690194264906;1.8504335407404584
282;-0.5002299290167527;-0.5531204031850553;2.137629377746328
283;-0.4984054966773462;-0.5508584256006217;2.1310373260459707
284;-0.49789892495218263;-0.5481688373775605;1.8727497340308998
285;-0.49849130672553926;-0.5451514109082773;1.7593534388358674
286;-0.499944797284924;-0.5419141748935685;1.6910475333927826
287;-0.5020151892989443;-0.5385676679349476;1.6459899963867008
288;-0.5044632652448356;-0.535219656157361;1.6157374030464704
289;-0.507064334188914;-0.5319706398970562;1.5961668132021551
290;-0.5096156396583575;-0.5289103402637376;1.5849902957461754
291;-0.5119415680224365;-0.526115231620806;1.5808418823014896
292;-0.5138967703390851;-0.5236470859614778;1.5828798228360221
293;-0.5153674306743922;-0.5215524258629518;1.5905954241138534
294;-0.5162709782133567;-0.5198627429086942;1.603719035225554
295;-0.5165545624962635;-0.5185953225740826;1.6221801556868478
296;-0.5161926048341622;-0.517754517520427;1.646105750833271
297;-0.5151837158905707;-0.5173333225748531;1.6758559689990076
298;-0.5135472375545606;-0.5173151215083873;1.7121110596178422
299;-0.5113196313761805;-0.5176754949050568;1.7560482723194375
