0;-0.4505557558283419;-0.5229412704411999;5.434293038223618
1;-0.44981579024571716;-0.5232867145310758;5.584239040136892
2;-0.4491498917753115;-0.5236005242058329;5.769051664305079
3;-0.44856944417546313;-0.5238770533217884;5.834556322168231
4;-0.4480853724904358;-0.524109170321082;6.103037936725668
5;-0.44770829486775066;-0.5242908204793039;6.163484025134569
6;-0.4474490301796216;-0.52441632184819;6.271178953814151
7;-0.4473181727633751;-0.5244801667576603;6.271918757206805
8;-0.44732508353039413;-0.5244771985598736;6.310460398038421
9;-0.44747711447786875;-0.5244029559920412;5.96706790092816
10;-0.4477790568426951;-0.5242539824775119;5.88535420682946
11;-0.44883618746933446;-0.5237246504348247;5.547545252628899
12;-0.4495835714466952;-0.5233448934691105;5.2927966338903865
13;-0.4504638834847705;-0.522892366897651;5.135242281618023
14;-0.45146093957455063;-0.5223733001732158;4.983883099554821
15;-0.45255380708105664;-0.5217967284224363;4.850146114797097
16;-0.4537182810538572;-0.5211741378107716;4.736269860797923
17;-0.4549290825433429;-0.5205185843515637;4.652037493074612
18;-0.45616212710208615;-0.5198434766967127;4.577140262239087
19;-0.4573961711794411;-0.5191613898391156;4.528375387810438
20;-0.45861345899356054;-0.5184832594190492;4.479639665332398
21;-0.4597993924724325;-0.5178181212526985;4.434413819585978
22;-0.4609414859975966;-0.5171733546496112;4.399614146168516
23;-0.4620279132016984;-0.5165552766472034;4.388091700398947
24;-0.4630459157874225;-0.5159699218565974;4.373652875343872
25;-0.46398033230479285;-0.5154238676151367;4.36797689578194
26;-0.46481254558911717;-0.5149249724787061;4.380730562084156
27;-0.46552017754523406;-0.5144828765665702;4.377807672103029
28;-0.46607776191024164;-0.5141090999957287;4.301238377510372
29;-0.46645833482634397;-0.5138166315676096;4.230449282983274
30;-0.4666355143973344;-0.513619054500531;4.1700589566624595
31;-0.4665854541252376;-0.5135294449183305;4.110239433345822
32;-0.4662882018058698;-0.5135593658962273;4.041844623253421
33;-0.4657283409120827;-0.5137181927430636;3.9845993296013145
34;-0.46489507460209395;-0.5140128208104224;3.9313335705617773
35;-0.4637820045792095;-0.5144476625414269;3.8993516046162786
36;-0.462386805690053;-0.5150247984507058;3.868283429893701
37;-0.46071090350681054;-0.5157441782140163;3.8476796655437946
38;-0.45875918837702034;-0.5166038188508265;3.829662474902856
39;-0.4565397605198621;-0.5175999850295517;3.8135755060771377
40;-0.45406368961918964;-0.5187273547623;3.7982133278081065
41;-0.4513447780204966;-0.5199791768601505;3.785069169448166
42;-0.448399329314949;-0.5213474217135666;3.7789544291366743
43;-0.44524593548017033;-0.5228229206495442;3.767332486131664
44;-0.44190530046732657;-0.5243954853702294;3.7535093887461266
45;-0.43840011529607964;-0.5260539988875421;3.7449144674383774
46;-0.43475499161406106;-0.5277864720963217;3.7390363224322694
47;-0.43099645025211003;-0.5295800645323296;3.7371199245272546
48;-0.42715295139848447;-0.5314210730182808;3.7436894577606297
49;-0.42325494625612403;-0.5332948968149556;3.758825925686268
50;-0.41933492804805095;-0.5351859913955657;3.750739461122623
51;-0.4154274626808513;-0.5370778241172689;3.7560955226148964
52;-0.4115691842091261;-0.5389528437847737;3.7645313568116494
53;-0.40779874505026337;-0.5407924732707863;3.7748189852241167
54;-0.40415671437629186;-0.5425771312192087;3.7928552141024867
55;-0.400685420478851;-0.5442862862007467;3.8102145622641124
56;-0.3974287352080966;-0.5458985445691482;3.827693273003644
57;-0.3944318016649891;-0.5473917713268064;3.8373755184000244
58;-0.39174071014117945;-0.5487432413238736;3.8402544974695187
59;-0.3894021308692206;-0.5499298162917591;3.858307438765537
60;-0.38746291401799815;-0.5509281421150282;3.8785374382375735
61;-0.3859696664521544;-0.5517148609297722;3.8995586939520344
62;-0.38496831108286167;-0.5522668342228139;3.931230527340553
63;-0.3845036294621129;-0.5525613756025474;3.9684929848534654
64;-0.38461878359921503;-0.5525764944095762;4.0061477129482235
65;-0.38535481054047105;-0.5522911529372297;4.0693362183830395
66;-0.3867500838454064;-0.5516855402175884;4.141715368887672
67;-0.38883973948042533;-0.5507413640608192;4.22803047151603
68;-0.39165506893590335;-0.5494421606422578;4.295838895573136
69;-0.39522288848453935;-0.5477736178992666;4.342155044610057
70;-0.39956489955027585;-0.5457239057984402;4.427072671215126
71;-0.4046970605874315;-0.5432840035212214;4.581608602930917
72;-0.4106289953943376;-0.5404480110265604;4.533016543568864
73;-0.4173634662153945;-0.537213430448976;4.567701862683303
74;-0.4248959420095661;-0.5335814015650966;4.647990431782253
75;-0.4332142923140176;-0.5295568753851133;4.795188436901172
76;-0.4422986344276908;-0.5251487111580943;4.819561608632742
77;-0.4521213554224738;-0.5203696850776225;4.8058151101057
78;-0.4626473203580035;-0.5152364039397771;4.81694051149319
79;-0.4738342642617295;-0.5097691238519738;4.864427548463667
80;-0.48563334893020615;-0.5039914823618773;4.986571521165315
81;-0.497989848174249;-0.4979301612215518;4.977722727464272
82;-0.5108439093083582;-0.4916145051706065;5.016777745162946
83;-0.5241313277912429;-0.4850761279553547;5.169819154181535
84;-0.5377842698188965;-0.47834853835787977;5.25443739743833
85;-0.5517318878573141;-0.4714668145110243;5.118031230709759
86;-0.5659007979219485;-0.4644673434981989;5.228127364857483
87;-0.5802154218991915;-0.4573876265725974;5.026867552459422
88;-0.5945982351554959;-0.4502661322607086;4.960667546396647
89;-0.6089699876610641;-0.443142165738849;4.933586611003125
90;-0.6232499761845408;-0.43605571797410975;4.892111936681722
91;-0.6373564330461866;-0.4290472636157442;4.775379844892716
92;-0.6512070692289387;-0.42215748974185324;4.723841180367998
93;-0.6647197772469049;-0.4154269530005836;4.692411129255665
94;-0.6778134722416452;-0.40889567545021993;4.684613402499846
95;-0.6904090335447228;-0.40260269692859396;4.7147332714457235
96;-0.7024303031582174;-0.39658560419500766;4.750596836183314
97;-0.7138050987622666;-0.3908800561304763;4.713071117282471
98;-0.7244662029650165;-0.3855193219637885;4.642227184973035
99;-0.7343522948063114;-0.3805338472255392;4.567091663086713
100;-0.7434087929308477;-0.3759508605009591;4.502459934222311
101;-0.7515885825791024;-0.3717940329678887;4.461575779553288
102;-0.7588526014820098;-0.36808320171649556;4.43489878513309
103;-0.7651702638424918;-0.3648341664176059;4.418038183865727
104;-0.7705197074796368;-0.3620585666277306;4.403398708469119
105;-0.7748878570094749;-0.35976384373331644;4.389193664510636
106;-0.7782703051791958;-0.35795328738781507;4.379874647278166
107;-0.7806710242186777;-0.35662616170418215;4.373573583617817
108;-0.7821019281026591;-0.35577790204009385;4.374580026372695
109;-0.7825823136977363;-0.3554003696067983;4.384568615089029
110;-0.7821382129469322;-0.35548214888147955;4.39801107984948
111;-0.780801689074759;-0.35600887219273003;4.4173969676999025
112;-0.7786101074427247;-0.35696355684414127;4.443309323135814
113;-0.7756054068653029;-0.35832694241010077;4.479762374223807
114;-0.7718333909721801;-0.3600778188539039;4.523859803306694
115;-0.7673430527057166;-0.36219333930612474;4.525112720763871
116;-0.7621859392172659;-0.36464931421290236;4.53628436747652
117;-0.7564155598688095;-0.3674204858064708;4.551481962479766
118;-0.7500868369696643;-0.3704807833477175;4.575795022636508
119;-0.7432555971760149;-0.37380356039156526;4.60675178134352
120;-0.7359781008516135;-0.37736181558257503;4.644101996458258
121;-0.7283106067578502;-0.3811283983908489;4.688046196607808
122;-0.7203089698647152;-0.3850762009252127;4.736824280789453
123;-0.7120282705876342;-0.38917833664824875;4.802402326573722
124;-0.7035224741964263;-0.393408306550601;4.8655450611283335
125;-0.6948441194414486;-0.3977401531572502;4.886848733609024
126;-0.6860440355960498;-0.40214860263724306;4.935431818258805
127;-0.6771710871625447;-0.40660919525004247;4.941879029630936
128;-0.6682719454853977;-0.4110984043568705;4.94870103720889
129;-0.6593908865109063;-0.4155937442257037;4.953138610473703
130;-0.6505696139637734;-0.42007386684331427;4.959006324680234
131;-0.6418471072934828;-0.4245186479062092;4.966346145716123
132;-0.6332594938750347;-0.428909262094096;4.956363921574146
133;-0.6248399451115816;-0.43322824764235424;4.954587090419847
134;-0.6166185962549314;-0.4374595601367113;4.958594431230323
135;-0.6086224899049977;-0.4415886153687603;4.966523838383892
136;-0.6008755432449663;-0.44560232102918323;4.976608904554087
137;-0.5933985390956662;-0.44948909698771455;4.992422043147574
138;-0.5862091408188932;-0.4532388839223539;5.002461618494532
139;-0.579321930962792;-0.4568431401177418;5.015277092571377
140;-0.5727484733282623;-0.4602948263528841;5.0260113866441385
141;-0.5664973978560652;-0.46358837893616944;5.040104355760715
142;-0.5605745074068973;-0.46671967111367907;5.057997397468441
143;-0.5549829051509914;-0.46968596326514056;5.078082382967156
144;-0.5497231409210238;-0.4724858425004324;5.098108156833973
145;-0.5447933745328286;-0.4751191524676049;5.117618561585302
146;-0.540189553761282;-0.4775869143707498;5.138816928910734
147;-0.5359056043903431;-0.4798912403640423;5.16410017439788
148;-0.5319336295488717;-0.48203524062889624;5.186316593856231
149;-0.5282641154072463;-0.48402292554890564;5.209999544752256
150;-0.5248861402484624;-0.48585910446781827;5.234356998045702
151;-0.5217875839433701;-0.48754928254711977;5.267615880007541
152;-0.5189553349502835;-0.489099557231602;5.300368126906898
153;-0.5163754921192805;-0.49051651578500594;5.327758532383942
154;-0.514033558802886;-0.4918071352762917;5.3677510577510334
155;-0.5119146270475561;-0.49297868628466235;5.402467767781562
156;-0.5100035499525731;-0.4940386414532951;5.435178693587742
157;-0.50828510062262;-0.49499458986370826;5.477758335826275
158;-0.5067441164946832;-0.4958541580310892;5.512989393273545
159;-0.5053656281771327;-0.496624938142001;5.526241632643067
160;-0.5041349722876829;-0.49731442397574716;5.510063692607935
161;-0.5030378881077713;-0.49792995477479157;5.4932972300617235
162;-0.5020605981753932;-0.498478667163042;5.4778745555256885
163;-0.5011898732106393;-0.49896745505735046;5.456500041448627
164;-0.5004130820031709;-0.4994029373806671;5.4485214462228955
165;-0.4997182270865127;-0.4997914332668342;5.431233180611086
166;-0.4990939671790566;-0.5001389443485854;5.406146343002934
167;-0.49852962748679636;-0.5004511436421901;5.396740919845772
168;-0.498015199040034;-0.5007333704840825;5.388408055795499
169;-0.4975413282782671;-0.5009906309358511;5.388527775793308
170;-0.4970992981080818;-0.5012276030525522;5.384722859278678
171;-0.4966810016421242;-0.5014486464037561;5.3747250248891
172;-0.49627890978750744;-0.5016578152448244;5.369821094899162
173;-0.4958860337940183;-0.50185887475554;5.374932284239736
174;-0.4954958838000996;-0.5020553197920588;5.371602504961744
175;-0.4951024243324376;-0.5022503956341285;5.371789793656331
176;-0.49470002762634563;-0.5024471202504612;5.3745259815403434
177;-0.494283425542689;-0.5026483076493174;5.386031036253928
178;-0.49384766076549846;-0.5028565919269894;5.3832900580488845
179;-0.4933880378752447;-0.5030744516724776;5.401951090546161
180;-0.49290007480806236;-0.5033042344311909;5.40015398484051
181;-0.49237945513242587;-0.5035481809727145;5.385131078429716
182;-0.4918219815034311;-0.5038084491469409;5.332968105233161
183;-0.49122353059159246;-0.5040871371484446;5.26746881422527
184;-0.4905800097288096;-0.5043863060404868;5.215668263129138
185;-0.4898873154691271;-0.5047080014170173;5.173168415192546
186;-0.4891412942265563;-0.5050542741034134;5.133151644766809
187;-0.4883377051264953;-0.5054271998142084;5.094899853803653
188;-0.48747218519122854;-0.5058288976987761;5.0605271263989575
189;-0.48654021697364813;-0.5062615477136799;5.026347686701315
190;-0.4855370987563624;-0.5067274067633344;4.998328645032952
191;-0.48445791744574673;-0.5072288235487905;4.976895344147603
192;-0.4832975243120135;-0.507768252057857;4.952142969571025
193;-0.4820505137567404;-0.5083482636184681;4.927562610906814
194;-0.4807112053282801;-0.5089715574214879;4.906963751612953
195;-0.47927362925292016;-0.5096409693987889;4.882824956798642
196;-0.47773151580511725;-0.5103594793177736;4.8634536576468514
197;-0.4760782889033778;-0.5111302159245602;4.8504910354598145
198;-0.474307064389124;-0.5119564599348251;4.832549077591511
199;-0.4724106535237433;-0.5128416446339547;4.822230076934458
200;-0.47038157232368866;-0.5137893538067315;4.816233661978406
201;-0.4682120574448614;-0.5148033166711908;4.803926607314108
202;-0.4658940894251799;-0.5158873994416928;4.794924082294518
203;-0.46341942419860804;-0.5170455930921433;4.7857024989888854
204;-0.46077963390518145;-0.5182819968317794;4.77416892174684
205;-0.45796615814078195;-0.5196007967420688;4.765486850226961
206;-0.45497036691900367;-0.5210062389535005;4.75638920429105
207;-0.4517836367580518;-0.5225025966639917;4.745751108500504
208;-0.4483974414612502;-0.5240941302147095;4.728656104253871
209;-0.4448034593351522;-0.5257850393422745;4.717811561548584
210;-0.4409936987890356;-0.5275794066160835;4.71831456773923
211;-0.4369606444889518;-0.5294811309437069;4.685210866858202
212;-0.43269742650105647;-0.5314938498845075;4.660120504631331
213;-0.42819801515083955;-0.533620849352787;4.626981414047311
214;-0.42345744463328067;-0.5358649591231711;4.595036008880546
215;-0.4184720687007159;-0.5382284323880807;4.558971903510349
216;-0.4132398519614839;-0.5407128074920177;4.525858675249948
217;-0.40776070031978906;-0.5433187499379823;4.497500223367619
218;-0.40203683366970444;-0.5460458729242802;4.476605334477456
219;-0.396073202807539;-0.5488925351749623;4.456037407248397
220;-0.38987795019832544;-0.5518556158872732;4.43360669949824
221;-0.3834629101561435;-0.5549302685069539;4.413341611640439
222;-0.37684413757343815;-0.5581096580495263;4.398310742540559
223;-0.37004244514963813;-0.5613846910223769;4.38493249242668
224;-0.3630839173114365;-0.5647437526034836;4.373908231525893
225;-0.35600035605662067;-0.5681724719808813;4.362772578960084
226;-0.3488296028953687;-0.5716535422158606;4.3541386725095395
227;-0.34161567678761506;-0.575166623373812;4.348779751489757
228;-0.3344086759650195;-0.5786883543620495;4.340425633063898
229;-0.3272644151207271;-0.5821924882812044;4.337064454153358
230;-0.32024380633825544;-0.5856501491180319;4.338283438220428
231;-0.3134120325579235;-0.5890301887751445;4.343352240562434
232;-0.3068375918415165;-0.5922996095308801;4.352261132566426
233;-0.3005912971894634;-0.5954240137407063;4.363235762965259
234;-0.2947452981029856;-0.598368051012272;4.379768078161339
235;-0.28937215594283405;-0.6010958488455082;4.40527231254777
236;-0.2845439706623013;-0.6035714286946161;4.448170660227466
237;-0.2803315340568765;-0.605759119739245;4.451792496456732
238;-0.2768034786260922;-0.6076239852539369;4.479053397131924
239;-0.2740253984773306;-0.6091322727133585;4.5424395255184615
240;-0.2720589331113231;-0.6102518916180052;4.524300360455733
241;-0.2709608206177554;-0.6109529152060614;4.450582374750045
242;-0.27078194021620344;-0.6112080954285561;4.426257802246977
243;-0.2715663737873078;-0.6109933755018498;4.43119821356999
244;-0.2733505219233944;-0.6102883811088222;4.393656441047525
245;-0.27616231243693035;-0.6090768697726099;4.341519143861778
246;-0.2800205385831144;-0.6073471179378477;4.308539041131462
247;-0.28493436077729245;-0.6050922267665184;4.297010434026206
248;-0.290902999602773;-0.6023103304922602;4.302378766704678
249;-0.2979156397916619;-0.599004695220958;4.3231061691496615
250;-0.30595155518092276;-0.5951837010560561;4.388851040372824
251;-0.31498045413480713;-0.5908607059969617;4.372106245280142
252;-0.3249630344278224;-0.5860537957674347;4.379426833509104
253;-0.335851726937605;-0.5807854291220319;4.399181985649303
254;-0.3475915994178262;-0.5750819928449898;4.434078599404221
255;-0.3601213856060891;-0.568973284289543;4.43403236196744
256;-0.37337460121254473;-0.5624919417274967;4.4598511059369965
257;-0.3872807069280309;-0.5556728439409886;4.49813149089771
258;-0.40176627928278436;-0.5485525004560098;4.558622059484303
259;-0.41675615264928856;-0.5411684527369871;4.661982635064222
260;-0.43217449952914644;-0.5335587047262199;4.672965624476186
261;-0.44794582111097414;-0.525761198529851;4.7206026529456295
262;-0.4639958255923182;-0.5178133480229361;4.818407688284587
263;-0.48025217763908756;-0.5097516398500138;4.791731902149752
264;-0.4966451083831079;-0.5016113078885369;4.8864921461516895
265;-0.513107881346834;-0.49342608385195075;4.790507695516299
266;-0.5295771154729748;-0.4852280234515582;4.790688865109251
267;-0.5459929718718095;-0.47704740451460115;4.925930270763481
268;-0.5622992158214273;-0.46891269076679765;4.793754207257973
269;-0.5784431697999202;-0.4608505527219738;4.747621312769833
270;-0.5943755767261053;-0.452885935362728;4.769710245003757
271;-0.6100503949820572;-0.4450421611134112;4.722172438063059
272;-0.6254245480639895;-0.43734105604834206;4.627440374699844
273;-0.6404576517872391;-0.42980308736197276;4.518628777249892
274;-0.6551117408547793;-0.4224475008360187;4.448834363960318
275;-0.6693510143642631;-0.4152924483143808;4.392471108513756
276;-0.6831416166328265;-0.4083550969450331;4.3492987098646365
277;-0.6964514657885099;-0.4016517140427243;4.30813782400397
278;-0.7092501381897987;-0.39519772371906625;4.274181210888003
279;-0.72150881219453;-0.38900773376060505;4.2484228053512405
280;-0.7332002704087658;-0.3830955334585424;4.2307456874329015
281;-0.7442989555801237;-0.37747406507121384;4.217938696426292
282;-0.7547810719843183;-0.3721553732246348;4.208576288219206
283;-0.7646247216500712;-0.36715053775379725;4.202678527534224
284;-0.7738100631667965;-0.36246959622034414;4.195603769890494
285;-0.7823194801420736;-0.3581214626085121;4.19070733789158
286;-0.7901377465783039;-0.35411384852962846;4.194389982802812
287;-0.7972521774235865;-0.35045319270993947;4.197864916680031
288;-0.8036527541848154;-0.3471446036692114;4.207804521642834
289;-0.8093322176094713;-0.34419181940189736;4.223370373468484
290;-0.814286121872678;-0.3415971866361817;4.244105968021744
291;-0.8185128472735053;-0.33936166095567166;4.274817957339915
292;-0.8220135709847269;-0.337484827804155;4.285737963656565
293;-0.8247921977664585;-0.3359649432266314;4.288760419603292
294;-0.8268552546234175;-0.334798992188044;4.296821314471408
295;-0.8282117550630639;-0.3339827614990334;4.311713708776121
296;-0.8288730398330069;-0.33351092379490543;4.3314486901497045
297;-0.8288526017477851;-0.33337712867382885;4.351256493140757
298;-0.8281659024539565;-0.33357409700260066;4.377827331925952
299;-0.8268301887535846;-0.33409371452967396;4.411288620539623
300;-0.8248643154582498;-0.3349271212804015;4.461509004740433
301;-0.8222885807469029;-0.3360647937150937;4.528291303939593
302;-0.8191245787332828;-0.3374966172663091;4.50783685015243
303;-0.815395072501703;-0.3392119475945232;4.5371702109199665
304;-0.8111238893359591;-0.34119965966679955;4.560278826686761
305;-0.8063358383333945;-0.343448184529025;4.543550212113318
306;-0.8010566491455806;-0.34594553437006015;4.529665205634606
307;-0.795312929288198;-0.3486793171330168;4.524377130980819
308;-0.7891321363714221;-0.3516367424878134;4.51843634924739
309;-0.7825425607588843;-0.35480462142105107;4.521163938822313
310;-0.7755733135937208;-0.3581693620112193;4.530258580921481
311;-0.7682543148447049;-0.3617169641338529;4.535920071006517
312;-0.7606162760209247;-0.36543301588278576;4.538976443221458
313;-0.7526906724648769;-0.36930269440611513;4.544215629517156
314;-0.744509700635951;-0.3733107736491756;4.550217476596871
315;-0.7361062165059982;-0.3774416411861036;4.559582557184095
316;-0.7275136520666399;-0.3816793259229818;4.571635043033624
317;-0.7187659079510227;-0.38600753798849263;4.583857002708785
318;-0.7098972212551674;-0.3904097216122673;4.5948833797122886
319;-0.7009420087597862;-0.39486912124795737;4.618845561093514
320;-0.6919346868572044;-0.3993688606479599;4.637385235610003
321;-0.6829094705368746;-0.4038920340603352;4.647114944212038
322;-0.6739001547374543;-0.40842180821482943;4.641346023630898
323;-0.66493988219884;-0.4129415333118942;4.620047136449779
324;-0.6560609026144607;-0.4174348608417403;4.600354180786156
325;-0.6472943283699296;-0.4218858657531749;4.580544989924529
326;-0.6386698924425986;-0.4262791702745863;4.570930990181059
327;-0.6302157141192712;-0.43060006656919475;4.548841137129691
328;-0.6219580780653465;-0.4348346353876432;4.532146691497032
329;-0.6139212319543091;-0.43896985796308124;4.50979287781383
330;-0.6061272073557156;-0.44299371857415365;4.476352929020084
331;-0.5985956679028754;-0.44689529547227436;4.4458738988554245
332;-0.5913437879450497;-0.4506648382208925;4.418787046096522
333;-0.5843861639649763;-0.45429382991189465;4.401506359332616
334;-0.5777347600483878;-0.4577750331902801;4.391348262273747
335;-0.5713988876707353;-0.4611025195119805;4.3936036988974845
336;-0.5653852190668465;-0.46427168155680626;4.395368407836303
337;-0.5596978325297218;-0.4672792291910203;4.385504774002772
338;-0.5543382872119067;-0.47012316979058477;4.375580088038399
339;-0.5493057244524218;-0.47280277406220683;4.305581538673909
340;-0.544596992400288;-0.47531852869961133;4.266315218476637
341;-0.5402067908132234;-0.47767207725543515;4.2458136868245635
342;-0.536127833396453;-0.4798661504753674;4.233511581974999
343;-0.5323510258567619;-0.4819044870344383;4.23354300416983
344;-0.5288656588267425;-0.4837917451767384;4.240464649635182
345;-0.525659615709049;-0.4855334052736825;4.258292085492227
346;-0.5227195959864067;-0.4871356629086097;4.300046941838873
347;-0.5200313543446642;-0.48860531191423034;4.3527024122955105
348;-0.5175799548810394;-0.4899496169716809;4.403891496514719
349;-0.5153500377026505;-0.4911761760229682;4.500567425452423
350;-0.513326092497368;-0.4922927739003286;4.562059726102264
351;-0.5114927303869007;-0.49330723024634826;4.520278507514547
352;-0.5098349417775521;-0.4942272469640664;4.477373109154912
353;-0.5083383243549983;-0.49506026298307854;4.466036938008756
354;-0.5069892625971489;-0.4958133267123201;4.469478563697634
355;-0.5057750397686664;-0.4964929984330482;4.483500359829885
356;-0.5046838677358954;-0.49710529489711086;4.507800132025833
357;-0.5037048316963366;-0.497655685200565;4.529281907591172
358;-0.5028277671320873;-0.49814913970064617;4.553529758004766
359;-0.5020431120786749;-0.4985902226120289;4.583442168296536
360;-0.5013417999072277;-0.4989832059715434;4.594380715332553
361;-0.5007152606300003;-0.4993321718994507;4.6017814231031515
362;-0.5001555673207658;-0.4996410673866892;4.604574479319377
363;-0.49965570075341587;-0.4999136873612227;4.601527322328783
364;-0.4992098403083218;-0.5001535887703702;4.588880260158087
365;-0.49881356143256705;-0.5003639709740066;4.5689633752968035
366;-0.49846383768446395;-0.500547578261451;4.548488507186469
367;-0.4981587854695191;-0.5007066782969998;4.522478842269227
368;-0.4978971391890876;-0.5008431494764134;4.497690035867179
369;-0.49767751547418226;-0.5009586781972256;4.4891809354106496
370;-0.497497617743885;-0.501055028193121;4.491566672933526
371;-0.4973536053227293;-0.5011343069970033;4.509686359958948
372;-0.49723984258388354;-0.5011991383578105;4.567359154653037
373;-0.49714912656713417;-0.50125267254554;4.699174784827228
374;-0.4970733148306081;-0.5012984266164268;4.767108042114491
375;-0.4970041363666816;-0.5013400137213466;4.73823562676594
376;-0.49693393810040615;-0.5013808561089366;4.6475936504042465
377;-0.49685619344925847;-0.5014239646675179;4.650221409353928
378;-0.49676571771637656;-0.5014718247575081;4.7068918292993684
379;-0.4966586341934306;-0.5015263833418286;4.6785331660689575
380;-0.49653218253972137;-0.5015891062588487;4.754028298980008
381;-0.4963844602140347;-0.5016610699651985;4.7377505299888965
382;-0.4962141607621023;-0.5017430609846991;4.618574143136523
383;-0.49602034230935244;-0.5018356684362589;4.595969844864249
384;-0.49580223809601315;-0.501939364044447;4.624133088317084
385;-0.495559110105135;-0.5020545684715687;4.735933792484218
386;-0.49529014303570396;-0.5021817040636093;4.620942239562565
387;-0.4949943747713126;-0.5023212341850883;4.602256638602235
388;-0.4946706585876911;-0.5024736895357983;4.5955427915521
389;-0.4943176510120659;-0.502639682569908;4.541006208930277
390;-0.4939338179228441;-0.5028199121440734;4.510180967488754
391;-0.49351745080779147;-0.5030151613836917;4.47358295919057
392;-0.49306668547728494;-0.5032262921430334;4.451277992627057
393;-0.4925795169575504;-0.5034542392233806;4.427155689657331
394;-0.49205380644225516;-0.5037000067880234;4.423275223603903
395;-0.49148727857051766;-0.5039646683946535;4.422324789020169
396;-0.4908775094430521;-0.5042493710161345;4.44076841372672
397;-0.49022190733961457;-0.5045553425605888;4.470733318352007
398;-0.4895176889111042;-0.5048839018588569;4.491016925326643
399;-0.48876185373167014;-0.5052364698859708;4.519997169224598
400;-0.48795115968772473;-0.5056145810637939;4.552460190881358
401;-0.48708210098839;-0.5060198937496253;4.580646659682083
402;-0.48615088982811583;-0.5064541993399362;4.61451156086874
403;-0.4851534420790243;-0.5069194297214771;4.646325218036103
404;-0.48408536692194765;-0.5074176630325844;4.714822602884511
405;-0.4829419600555323;-0.5079511278392174;4.783010692436129
406;-0.4817182000192764;-0.5085222058931341;4.8852513360659
