0;-0.8524703649181418;0.3319557273849838;2.3796515931556423
1;-0.8470542715131332;0.3183432478000683;2.4909892884554754
2;-0.8398963826137542;0.30278679195012004;2.6543712600101794
3;-0.8307314688714944;0.28502277689669087;3.0142077197936867
4;-0.8194693090537737;0.2651056360374534;2.887532660079779
5;-0.8060563234698043;0.2431140654377687;2.677282143009083
6;-0.7904750102459982;0.21915844644903126;2.5821955087401585
7;-0.7727440820971776;0.19338379911137715;2.5256940381747435
8;-0.7529154705738544;0.16595586515551097;2.488736082176995
9;-0.7310684114251061;0.13703779226625545;2.463516166592164
10;-0.7073031862493421;0.10676568244382478;2.445992789125661
11;-0.6817397025943837;0.07524026020054153;2.433728593284775
12;-0.654525416871061;0.04255240581361319;2.4250772514239567
13;-0.6258514814211356;0.008837269433912165;2.418838671966785
14;-0.5959707411222239;-0.02567231524836666;2.4141113095945212
15;-0.5652112108365198;-0.06061560635465291;2.41023830911702
16;-0.5339799823927409;-0.09550146277651661;2.4068028230853495
17;-0.5027540036831446;-0.12973189915776895;2.403657318380483
18;-0.4720584870163604;-0.16264656933127686;2.4009977340880044
19;-0.44243850853489014;-0.19357804476072127;2.399491731545034
20;-0.41442843576954563;-0.22190608134145945;2.4004020418912937
21;-0.38851627998624794;-0.24710418338227913;2.4055929026818244
22;-0.36510389729310816;-0.26878153434475505;2.417566870140934
23;-0.34448005900103557;-0.28671924184222664;2.440022547494599
24;-0.3268151304648884;-0.30088428131660744;2.479572029007799
25;-0.31217083572058535;-0.3114153496483836;2.5510986320175952
26;-0.3005183213218239;-0.3185907838920431;2.704544839486194
27;-0.2917599186231575;-0.3227880281123982;3.2081929195818715
28;-0.2857507082197906;-0.3244409327948957;2.585797599319587
29;-0.2823170053457071;-0.3239997745105402;2.3925843701778904
30;-0.2812703461163849;-0.32189772715230697;2.2642748657574674
31;-0.28241686359605933;-0.31852617386405524;2.1644043348578568
32;-0.28556272864249066;-0.3142197621944405;2.0810135137748977
33;-0.2905166377720889;-0.3092506664883476;2.008718000370811
34;-0.2970903825507958;-0.30383039730169475;1.9446661169005721
35;-0.30509847051838945;-0.2981168904854603;1.887192466192914
36;-0.31435760255189976;-0.29222457335607;1.8352604518383462
37;-0.3246865443936216;-0.28623552207186076;1.7881956256403408
38;-0.33590661501258934;-0.2802104427482442;1.7455440991571367
39;-0.347842744435771;-0.2741987638332579;1.7069912597751042
40;-0.3603248974946527;-0.26824746165684876;1.6723124034498005
41;-0.37318962236613895;-0.2624083556661399;1.6413417054864823
42;-0.3862815172705518;-0.25674361544717195;1.6139525563068653
43;-0.3994544605898694;-0.2513292424351451;1.5900454336155652
44;-0.41257249016552455;-0.246256390764086;1.569541042123626
45;-0.4255102484508125;-0.24163056749969047;1.5523772458663254
46;-0.43815294811501626;-0.23756895347141693;1.5385087386077874
47;-0.45039587097551653;-0.2341962576407035;1.5279086476286317
48;-0.46214349297052254;-0.2316396220081931;1.5205714537729162
49;-0.4733084182069365;-0.23002311096369388;1.5165167930544665
50;-0.4838103858795393;-0.2294622435846606;1.5157939106878584
51;-0.49357565946683657;-0.23005886920785418;1.5184867811998375
52;-0.5025370909459077;-0.23189647757632537;1.5247202020304453
53;-0.5106350524551203;-0.23503583578234788;1.5346675456143557
54;-0.5178192425889496;-0.2395107350405098;1.5485613987426736
55;-0.5240511435665779;-0.2453236746713836;1.566709208848874
56;-0.529306715725345;-0.2524415071913587;1.5895176654855692
57;-0.5335788643873772;-0.2607913340107959;1.6175326464011681
58;-0.5368793340967658;-0.2702571662732888;1.65150790404031
59;-0.539239904305558;-0.2806780021276375;1.6925296487670318
60;-0.5407129510337908;-0.29184805452720763;1.7422580660741038
61;-0.5413715123737379;-0.30351992997089394;1.8034397076504343
62;-0.541308950513905;-0.3154115667854448;1.8811456253299697
63;-0.5406381997251716;-0.327217577222767;1.9864350987454849
64;-0.5394904964276179;-0.3386251893316462;2.1519775315739276
65;-0.5380134368777734;-0.3493342105795286;2.633359982250196
66;-0.5363681802434228;-0.35907938077653745;2.270550974912104
67;-0.5347255516122571;-0.3676522686915308;2.0844809061491407
68;-0.533260667285649;-0.3749187208934597;1.9877331214292708
69;-0.532145605200709;-0.3808272533925612;1.923237230935758
70;-0.5315398756812957;-0.38540453064035174;1.8744346407474435
71;-0.5315793044976147;-0.3887371361075076;1.833929382295519
72;-0.5323651954762726;-0.39094395582204367;1.7976811520798301
73;-0.5339563560083459;-0.3921479386662018;1.7632743448639219
74;-0.5363659253507512;-0.3924560417977716;1.7292593348948302
75;-0.5395632633947147;-0.39195133794134396;1.6948426378270345
76;-0.5434795696977213;-0.3906955011932398;1.6596988540012847
77;-0.548015165218734;-0.3887371739308728;1.6238279050974156
78;-0.5530464582382317;-0.3861223089451855;1.5874366735561587
79;-0.5584311728122715;-0.38290428891435946;1.5508437399856294
80;-0.5640111351520252;-0.3791527729914803;1.5144093240353285
81;-0.5696125955801351;-0.37496064749534985;1.4784898931463275
82;-0.575044585450192;-0.3704487821001292;1.4434137731139627
83;-0.5800960770684876;-0.365768998780425;1.4094726175204997
84;-0.5845326393369311;-0.3611067696032003;1.3769238032315905
85;-0.5880927800943314;-0.35668636806415965;1.3459999727736407
86;-0.5904833093809281;-0.3527820023830064;1.316923314875088
87;-0.5913724874173849;-0.3497377499570731;1.2899232751377434
88;-0.5903812544771972;-0.3479943063374319;1.265256900424453
89;-0.5870789168865017;-0.34810869563152924;1.2432307526995992
90;-0.5809986192908967;-0.35073911978293115;1.224222444453123
91;-0.5716890528622971;-0.3565716703505276;1.2086990207853439
92;-0.5588045265021458;-0.36619767793635205;1.1972292540960507
93;-0.5422180306431031;-0.37997425538083185;1.1904875470132088
94;-0.5221337360306427;-0.3978943480012892;1.1892488817711184
95;-0.49917072174647453;-0.4194890401171639;1.1943778754717855
96;-0.47438407801633325;-0.44379742756839063;1.206820857867434
97;-0.44919121905952064;-0.4694437323128561;1.2276174350774511
98;-0.4251914201221672;-0.4948387807091315;1.2579566888638436
99;-0.40390559219387195;-0.5184741009650498;1.2993158559800735
100;-0.38650457429883966;-0.5392211856145686;1.3537509538469146
101;-0.3736126447534883;-0.5565223644679234;1.4245095041813913
102;-0.365251778590851;-0.5703961121197112;1.5174886032672614
103;-0.3609367563840561;-0.5812692499858819;1.6455924279016951
104;-0.35987109328762806;-0.589728774808566;1.84845369954621
105;-0.3611632791062414;-0.5963015639982124;2.633880612485535
106;-0.3639940992153539;-0.6013343392339483;1.971779918068869
107;-0.3677049775272788;-0.604995152378389;1.8536727556947992
108;-0.3718172250203152;-0.6073609284025696;1.8242614582205694
109;-0.3760101525153307;-0.6085184377228209;1.8411014424361152
110;-0.38008250707276214;-0.608620063437751;1.897076265606056
111;-0.3839124437886451;-0.607882423813628;2.001952375298163
112;-0.38742518385495855;-0.6065508509715163;2.2077679424721803
113;-0.3905728978185842;-0.6048584676557629;2.6337875163594675
114;-0.39332616585661856;-0.6029972233786836;2.176618845848388
115;-0.3956725215179206;-0.6011055809291248;2.0646408622578196
116;-0.39761706623500026;-0.5992697922517348;2.025140673843264
117;-0.3991822050202358;-0.5975325983538644;2.0266386101691216
118;-0.40040600419175304;-0.5959033380069874;2.061911337354519
119;-0.4013399534110039;-0.5943657315368753;2.1343431228255336
120;-0.40204683540078306;-0.5928827263506128;2.263046136233892
121;-0.4025987102965141;-0.5914001506435352;2.54301408024584
122;-0.40307455584077934;-0.5898513402273484;2.6083751459941067
123;-0.4035572153859326;-0.5881635240886571;2.3672331454181927
124;-0.40412978221821705;-0.5862649239637028;2.3030954421906316
125;-0.40487198005110725;-0.584090612719207;2.3146305573417756
126;-0.40585722297463567;-0.5815856009114666;2.409944069799195
127;-0.4071508426162176;-0.5787048558072175;2.806736335637113
128;-0.40880961024737883;-0.5754111557374838;2.45745834273875
129;-0.4108823423240028;-0.5716722370774505;2.2392503629480762
130;-0.4134111781450658;-0.5674584796246104;2.1245674533151826
131;-0.41643308094208165;-0.5627417030344068;2.0530983801752263
132;-0.41998119487468927;-0.5574949714095577;2.0081135674683397
133;-0.4240858265899061;-0.5516929464113071;1.9827233838164688
134;-0.42877495897178275;-0.5453123457364621;1.9737396010845432
135;-0.4340743137852082;-0.5383323046011808;1.9799024960713185
136;-0.4400070436949438;-0.5307346984333579;2.001375749684506
137;-0.4465931512578939;-0.5225046236275968;2.039927767203849
138;-0.4538487124488899;-0.5136312163216121;2.100061147999005
139;-0.4617849407304943;-0.5041088714475608;2.192900358642445
140;-0.47040708086146177;-0.493938794576917;2.3539198386720908
141;-0.4797130823834638;-0.48313074600471995;2.940152603247236
142;-0.48969197917699436;-0.47170484083017533;2.417309047539299
143;-0.5003218980364337;-0.4596933274354376;2.236068210035117
144;-0.5115676383868698;-0.44714233629510347;2.1363874287817954
145;-0.5233778094130026;-0.4341136318133485;2.0671942229988494
146;-0.5356815832612838;-0.42068638957347326;2.0131524700245857
147;-0.5483852277060006;-0.4069589566500402;1.9679126608493713
148;-0.5613687220979209;-0.39305044384146504;1.9288490206001707
149;-0.5744829357811368;-0.37910186384766786;1.8953017267648289
150;-0.5875480479532822;-0.365276391224558;1.8677398973719486
151;-0.6003540836176559;-0.35175820679324676;1.8473057176749679
152;-0.6126645752406013;-0.3387493388557816;1.8356287515179663
153;-0.6242243419942543;-0.32646397605170063;1.8349149019950397
154;-0.6347720863081598;-0.3151199602501735;1.848426019072893
155;-0.6440578227615349;-0.304927620734457;1.8818056103164975
156;-0.6518640329776935;-0.29607678278208416;1.9471235460102816
157;-0.6580280057955759;-0.288723572383897;2.0807784634075475
158;-0.6624614347503203;-0.2829792991280604;2.643904158588195
159;-0.665162575366895;-0.27890386422991365;2.0917773883937847
160;-0.666216727090295;-0.276505455500475;1.8886304756893877
161;-0.6657828681324371;-0.2757466621039212;1.77048961104957
162;-0.6640677365924287;-0.27655499582729104;1.6870833520772273
163;-0.6612925355746275;-0.27883412382942685;1.6233276163434016
164;-0.6576601159844624;-0.28247199819336655;1.57249771980112
165;-0.6533304343102803;-0.2873438788403466;1.530935045666883
166;-0.6484090371587695;-0.2933110547080289;1.4963940047960747
167;-0.6429488336631743;-0.30021815945038255;1.4673852133729146
168;-0.6369618036981053;-0.3078922334017087;1.4428697861543145
169;-0.6304358795760605;-0.31614537150686517;1.4220991537879053
170;-0.623352696534689;-0.32478099721516007;1.4045226317768968
171;-0.6157031150593191;-0.3336023930943518;1.389729582362522
172;-0.6074985811251365;-0.34242143808398673;1.3774107207034605
173;-0.5987773390960054;-0.35106558149059164;1.367330842275468
174;-0.5896053749142509;-0.35938182416178543;1.3593088701622205
175;-0.5800728064175078;-0.3672375950178237;1.3532029242727772
176;-0.5702871331456826;-0.37451943777111296;1.3488990667672345
177;-0.5603651114492723;-0.3811309106086992;1.3463029139158962
178;-0.550424926612727;-0.3869909003440515;1.3453336268138654
179;-0.5405798706627043;-0.39203289390214735;1.345919998456245
180;-0.5309341165429107;-0.39620505963002517;1.3479984914156944
181;-0.5215806269572594;-0.3994706007221065;1.3515131774112437
182;-0.512600875280241;-0.40180783398697373;1.3564176086502922
183;-0.5040658993332781;-0.40320968984226;1.3626787302701182
184;-0.49603819929510035;-0.40368262585294673;1.3702830443603495
185;-0.48857405555478395;-0.40324515045028375;1.3792453864902203
186;-0.4817259260127411;-0.4019262164684907;1.3896209197570841
187;-0.4755446574639788;-0.39976369367680636;1.4015213700434375
188;-0.4700813059758378;-0.39680302480040414;1.4151372768396373
189;-0.4653884118424525;-0.3930960620263881;1.4307694362188335
190;-0.461520624293315;-0.3886999966155606;1.4488754464228937
191;-0.45853462607611767;-0.38367623630810843;1.4701428734475395
192;-0.4564883691297617;-0.3780890484030687;1.4956128272665188
193;-0.4554396929493685;-0.37200377151004893;1.526907031399011
194;-0.45544444299779885;-0.3654844209693893;1.5666899574235722
195;-0.4565542217211935;-0.35859059805942817;1.6197439348175011
196;-0.4588138807766559;-0.35137378452168355;1.6960074307011919
197;-0.46225880803260466;-0.34387336006617863;1.8225324515201178
198;-0.46691200397301;-0.3361129763438827;2.1523556244271873
199;-0.47278091656306337;-0.3280981657548009;1.9745330346007064
200;-0.4798540398582178;-0.31981614510057255;1.7317207310578497
201;-0.4880973800237289;-0.31123860519726315;1.6023759520256096
202;-0.4974510172042669;-0.30232784578027166;1.5120737239391677
203;-0.5078260814171094;-0.29304600802215625;1.4423807727960654
204;-0.5191024551862018;-0.28336654206488854;1.3859679368372924
205;-0.5311273874724598;-0.2732866080051498;1.339266883313127
206;-0.5437149766759204;-0.26283896976111465;1.3003438222590384
207;-0.5566462251100872;-0.2521021175956135;1.2680915092594263
208;-0.5696691700965162;-0.2412077587397501;1.2418673813709704
209;-0.5824985239328949;-0.2303453071230055;1.22131356954249
210;-0.5948143284109619;-0.21976345580084722;1.2062619611812813
211;-0.6062593303023046;-0.2097692533216735;1.1966840287397964
212;-0.6164350808634295;-0.20072530041290892;1.1926674637223436
213;-0.6248971499052627;-0.19304572544942977;1.1944119751815911
214;-0.6311503750733991;-0.18719145729038755;1.2022426587955908
215;-0.6346458548742603;-0.18366492482809793;1.2166446298798212
216;-0.6347825884872345;-0.1830035713925513;1.2383299835382326
217;-0.6309183644403411;-0.18577037401850005;1.268362372351402
218;-0.6223965810571633;-0.19253787492111063;1.3083976851350414
219;-0.6085975187890954;-0.2038602730837471;1.3611892170835778
220;-0.5890227008602991;-0.2202265828927602;1.4317947541873468
221;-0.5634168858994972;-0.24198819331524157;1.5311073245001694
222;-0.5319210582247205;-0.26925853974180314;1.690648571557121
223;-0.4952303724119572;-0.301793101574483;2.1376712122201322
224;-0.45470745518144906;-0.33887441207158336;1.8261802494921189
225;-0.4123856907561425;-0.3792441167602909;1.6388142328345707
226;-0.37080625990962457;-0.421131425096067;1.5476630158824405
227;-0.33267852390771235;-0.46241202690610783;1.4928588045043394
228;-0.30042765530384;-0.5008892626387589;1.4574959150711553
229;-0.27576176287563237;-0.5346334314617427;1.4339984332113924
230;-0.2594070263113874;-0.5622761948759329;1.4179619241151997
231;-0.2510997779091673;-0.5831651887680085;1.4062786363559314
232;-0.2498156182532592;-0.5973422715739002;1.3964123997341984
233;-0.2541230433507288;-0.6053830919652927;1.3861042191229025
234;-0.2625259001287287;-0.608178910296165;1.3733005581330548
235;-0.27370384077007276;-0.6067345254966636;1.3562282056858987
236;-0.2866278863168132;-0.6020192880771238;1.3335555578813707
237;-0.3005765374961419;-0.5948747433185584;1.304556553104084
238;-0.31509387753694496;-0.5859680857447197;1.2691842722445685
239;-0.3299251861428529;-0.5757802587081193;1.2280021236139789
240;-0.344952437374427;-0.5646203629982143;1.1819960060469819
241;-0.36014047232364654;-0.5526585547359824;1.1323451196137433
242;-0.3754971468032383;-0.5399683804855402;1.0802276565564612
243;-0.39104676095098334;-0.5265690773074531;1.0266982047559017
244;-0.40681431461826045;-0.5124601739066521;0.972634458098349
245;-0.42281763985464665;-0.4976443338104193;0.918731763847722
246;-0.43906467617626177;-0.4821383133181888;0.8655227837477093
247;-0.4555537271819898;-0.4659747648763952;0.8134061226682223
248;-0.47227520581366333;-0.4491987566546809;0.7626749792677703
249;-0.48921394795680484;-0.4318625020514006;0.7135419694580107
250;-0.5063515591144137;-0.4140205959591093;0.6661591331393039
251;-0.5236684689745456;-0.3957267680473564;0.6206334495888916
252;-0.5411454762764254;-0.37703224051047024;0.5770386382270948
253;-0.5587646455771608;-0.35798533284275746;0.5354240626998477
254;-0.5765095069296016;-0.3386318762010371;0.49582143754660024
255;-0.5943646083866174;-0.31901610061899355;0.4582498789797266
256;-0.612314557934812;-0.2991817925151429;0.4227196952798443
257;-0.6303427448747689;-0.2791736137966794;0.3892351949146478
258;-0.6484299428784449;-0.2590385140049035;0.3577967037621269
259;-0.6665529741109507;-0.23882717043595147;0.3284019230734342
260;-0.6846835699525987;-0.218595380788557;0.3010467216759034
261;-0.7027875135686481;-0.19840532480793627;0.27572543400734917
262;-0.7208241031799136;-0.17832661284326168;0.25243072510159636
263;-0.7387459372799363;-0.15843705092932225;0.23115308060470213
264;-0.7564989949976046;-0.1388230712566021;0.2118799810877246
265;-0.7740229651587314;-0.1195797997283895;0.19459482291297978
266;-0.7912517650444065;-0.10081075448498278;0.17927565102982684
267;-0.8081141837652113;-0.08262718684423842;0.16589377134067135
268;-0.824534585681655;-0.0651470858309754;0.15441231131994795
269;-0.8404336168514017;-0.04849386730930172;0.14478479751856363
270;-0.8557288724435989;-0.03279475824444433;0.13695381791983643
271;-0.8703355054875417;-0.01817886713972383;0.13084983647152393
272;-0.8841667868837801;-0.00477490634853539;0.12639022710538314
273;-0.8971346624964435;0.007291494386913011;0.12347859551799473
274;-0.9091503938179059;0.01790096457977708;0.12200445878548796
275;-0.9201254112847855;0.026944148060321527;0.1218433546715188
276;-0.9299725488012256;0.03432610761957855;0.12285745252645355
277;-0.9386078563218707;0.03997139866100008;0.12489673329657458
278;-0.94595319287129;0.04382973531527112;0.12780079396596003
279;-0.9519397706018562;0.045882027623142196;0.1314013081933854
280;-0.9565127363685152;0.046146380262217734;0.13552513730267146
281;-0.9596367300279339;0.04468343357654447;0.1399980336629379
282;-0.9613021485995594;0.041600238001921586;0.1446488148848416
283;-0.961531591432231;0.03705174319703286;0.14931381938487223
284;-0.9603857056383814;0.031239020504446158;0.15384139265238003
285;-0.957967456316807;0.0244035756642641;0.15809611164916004
286;-0.9544237846180547;0.01681756218220254;0.16196244346650474
287;-0.9499437487894418;0.008770326859753763;0.16534756024194056
288;-0.9447525929085385;0.0005523933881069754;0.16818309488801914
289;-0.9391017240215443;-0.007561442487902359;0.17042571332020778
290;-0.9332552114589333;-0.015327932022607182;0.17205648462742884
291;-0.9274740215188524;-0.022548202956793384;0.17307913456708324
292;-0.9219996292641034;-0.029076142434771746;0.17351735494647577
293;-0.9170388048659995;-0.03482159599638357;0.17341140169034486
294;-0.912751221180314;-0.039748456970975954;0.17281424382934107
295;-0.9092411176196256;-0.04386842729314855;0.17178752637146072
296;-0.9065536903423894;-0.047231685030993065;0.17039758828378207
297;-0.9046762913571023;-0.04991584102279245;0.16871174067013656
298;-0.9035440210251618;-0.05201444950336631;0.16679496746702138
299;-0.9030489518668456;-0.05362606388532276;0.16470716770514945
300;-0.9030520319646212;-0.054844523356174624;0.16250101833757713
301;-0.9033966463973963;-0.05575091287505263;0.16022050108470415
302;-0.9039228112661204;-0.0564074961309986;0.15790010488952513
303;-0.9044809931145785;-0.05685385765328643;0.15556468540881363
304;-0.9049445706716986;-0.057105447324432346;0.1532299325175969
305;-0.9052200015739624;-0.057154630732979106;0.15090336546897137
306;-0.9052538621162978;-0.05697416849012782;0.14858574483972134
307;-0.9050361332183448;-0.05652277950632634;0.1462727648000515
308;-0.9045994291371402;-0.05575214122709016;0.14395687397427048
309;-0.9040142864080574;-0.05461443247897768;0.14162907293722587
310;-0.9033810867698712;-0.05306942089685629;0.1392805531803012
311;-0.9028195905993793;-0.05109018832095846;0.1369040741457935
312;-0.9024573191782744;-0.048666863351899625;0.1344950159151718
313;-0.9024180882217575;-0.04580811910811344;0.13205208756734582
314;-0.9028118541768231;-0.042540591526384564;0.12957770764520943
315;-0.9037267315333971;-0.03890668095803962;0.12707809846429113
316;-0.905223650148026;-0.03496135828888369;0.12456314836153937
317;-0.9073337311332978;-0.030768599489947923;0.12204609673752179
318;-0.9100581377237031;-0.026397955882963453;0.1195430893322244
319;-0.9133699437226053;-0.02192158935041799;0.11707263984311947
320;-0.9172174649033848;-0.01741191849235124;0.1146550226465636
321;-0.9215285014770187;-0.012939872839439315;0.1123116128167723
322;-0.9262150121707258;-0.008573655804983704;0.11006418523561878
323;-0.9311778493322063;-0.004377873303989088;0.10793418439513439
324;-0.9363113010461476;-0.0004128832644184621;0.1059419795382644
325;-0.9415072899975878;0.0032657529209207947;0.1041061245106388
326;-0.9466591580509808;0.006607796295926449;0.10244264642893292
327;-0.9516650161825956;0.009568870037166333;0.10096439057748621
328;-0.9564306631503448;0.012111010576174253;0.09968044988152586
329;-0.9608720784685222;0.014203197469737527;0.09859570551441477
330;-0.9649174832556755;0.015821810026850902;0.09771050086512575
331;-0.9685089444004629;0.01695095153624715;0.09702046481517268
332;-0.9716034809235665;0.01758258698479298;0.09651649286631286
333;-0.9741736228526132;0.017716456371500877;0.09618488696861954
334;-0.9762073768937354;0.017359750835066246;0.09600764765205821
335;-0.9777075717561172;0.016526569300717497;0.09596290578548947
336;-0.9786905885382686;0.01523720463784084;0.09602547626661537
337;-0.9791845248673616;0.013517335260484042;0.09616751227954848
338;-0.979226890091276;0.011397215707319774;0.09635923640721131
339;-0.9788619760115211;0.008910963983849607;0.09656972375679854
340;-0.9781380863489568;0.006096032032634424;0.09676771223694935
341;-0.9771048320061757;0.0029929185608330577;0.09692241609786323
342;-0.9758107034673467;-0.00035485698156145773;0.0970043206611595
343;-0.9743011137671999;-0.0039005494176154176;0.0969859386048609
344;-0.9726170652514768;-0.007593832672241119;0.0968425109220919
345;-0.9707945333058923;-0.011380419604762548;0.09655263836890099
346;-0.9688645853691953;-0.015201811785452102;0.09609883150177936
347;-0.9668541713072303;-0.018995341953375044;0.09546796904576918
348;-0.9647874411043904;-0.022694652892215283;0.09465165531541059
349;-0.9626873786009953;-0.026230709807116392;0.093646467979968
350;-0.9605774963726917;-0.029533373251974693;0.09245408808856137
351;-0.958483325541333;-0.03253347591982403;0.09108130551498927
352;-0.9564334599398578;-0.03516526321116764;0.08953989533665135
353;-0.9544599753218301;-0.037368990342489194;0.08784636437298088
354;-0.9525981332212325;-0.03909343200808091;0.08602157206771244
355;-0.9508853817724626;-0.040298062869782214;0.0840902356316107
356;-0.9493597650620896;-0.040954708723992095;0.08208033512363916
357;-0.9480579314817228;-0.04104854049739237;0.08002243910079354
358;-0.9470129773585343;-0.040578370811070075;0.07794897488203056
359;-0.9462523692256564;-0.03955629757181811;0.07589346890207538
360;-0.9457961589323207;-0.03800680491342945;0.0738897819986375
361;-0.9456556497960639;-0.03596546896473973;0.07197136206469543
362;-0.9458326026482418;-0.033477422418047964;0.07017053285451039
363;-0.9463190018907364;-0.03059571291696561;0.06851783352832116
364;-0.947097344858997;-0.027379655571872163;0.0670414193997699
365;-0.9481413795415963;-0.023893240259795112;0.06576653081356329
366;-0.9494171976350143;-0.020203618845457516;0.06471503442415841
367;-0.9508845893610187;-0.01637967177658184;0.06390503945003193
368;-0.9524985780936456;-0.012490639743094056;0.06335059063962548
369;-0.9542110702946566;-0.008604803453127086;0.06306143947424159
370;-0.9559725736364824;-0.004788200578409785;0.06304289525355303
371;-0.9577339489662962;-0.0011033804821072302;0.06329575785313282
372;-0.9594481672074283;0.0023917884463600103;0.06381633383308499
373;-0.9610720395364126;0.005645229582384559;0.06459653699299464
374;-0.962567879020295;0.008611644979964028;0.06562407326564137
375;-0.963905036528476;0.011253327000739777;0.0668827079564466
376;-0.9650612363561308;0.013540738661365292;0.06835261078824056
377;-0.9660236214718494;0.015452808320006617;0.0700107711077943
378;-0.9667894087052711;0.016976893334029852;0.07183147214252902
379;-0.9673660542963811;0.018108384438149328;0.07378680963646081
380;-0.9677708429406815;0.01884994770709958;0.075847236894893
381;-0.9680298402549742;0.01921043283333912;0.0779821156445657
382;-0.9681761890709558;0.019203512517843135;0.08016025063129767
383;-0.9682477817417436;0.018846154260814707;0.082350385999476
384;-0.9682843995263388;0.018157058087136413;0.08452164364803627
385;-0.9683244706800747;0.01715521676908882;0.08664388823224756
386;-0.9684016552709551;0.01585876427354027;0.0886880103578751
387;-0.9685415114309124;0.014284269743944589;0.09062612855391777
388;-0.9687585299775701;0.0124466059456102;0.09243172116552881
389;-0.9690538380764968;0.010359471947330556;0.09407971027851203
390;-0.9694138640586304;0.008036580861279119;0.09554652963402749
391;-0.9698102204599279;0.005493437891293418;0.09681021536155018
392;-0.9702009959947389;0.002749537894122689;0.09785056030934292
393;-0.9705335449442989;-0.00016928469749277752;0.09864936811595168
394;-0.9707487223794812;-0.0032287024377418705;0.09919083100050921
395;-0.9707863400815498;-0.006384334452164464;0.09946203582151195
396;-0.9705914255798374;-0.009581168268077533;0.09945357812688721
397;-0.9701206825835076;-0.012754273829441942;0.09916023725767906
398;-0.9693484134395218;-0.015830963246993512;0.09858164198018493
399;-0.9682711152552468;-0.0187343305194575;0.09772284094140066
400;-0.9669100350687284;-0.021387859774009588;0.096594689882116
401;-0.9653111781306591;-0.023720572468121315;0.09521398007826068
402;-0.9635425870694942;-0.02567205088061042;0.09360325871679037
403;-0.9616890952951689;-0.027196668729396856;0.09179032737488604
404;-0.9598451297414655;-0.028266488896423914;0.08980744277739239
405;-0.9581064179522718;-0.028872523173331333;0.08769027746737382
406;-0.956561585249403;-0.029024329471768473;0.08547672132376558
407;-0.9552845893829657;-0.028748177859953428;0.08320561514582742
408;-0.9543287542589336;-0.028084191254846957;0.0809155050200965
409;-0.9537228845064222;-0.027082932636709023;0.07864349358354156
410;-0.9534696355059242;-0.025801874812271808;0.07642424560444594
411;-0.9535460393770335;-0.024302082625645482;0.0742891846283508
412;-0.9539058864037846;-0.022645302813170898;0.0722658980804359
413;-0.9544835484367967;-0.020891530950416293;0.07037775222964038
414;-0.9551987990373181;-0.0190970326442913;0.06864370660019414
415;-0.9559622135669752;-0.01731274655389259;0.06707830958504604
416;-0.9566807948445237;-0.015582986840342206;0.06569185241726941
417;-0.9572635419309893;-0.013944381727606925;0.06449065633231657
418;-0.9576267427367269;-0.012425019965267792;0.06347746682457373
419;-0.9576988150675573;-0.011043815968356796;0.06265192871554598
420;-0.9574245429308643;-0.009810137713843536;0.062011115935103556
421;-0.9567685596117175;-0.008723762577162342;0.061550090345013825
422;-0.9557179252955799;-0.007775231494539847;0.061262464651493126
423;-0.9542836465725564;-0.006946659911145625;0.061140945592441986
424;-0.9525009997495932;-0.006213035968373082;0.061177835279177334
425;-0.9504285585170483;-0.005543995563215054;0.06136547089171737
426;-0.9481458928259316;-0.004906015667326069;0.061696585834339956
427;-0.9457499963574363;-0.004264918703685838;0.062164578799621395
428;-0.9433506037910396;-0.0035885396512709278;0.06276368071735691
429;-0.9410646595531373;-0.002849380922506528;0.06348901300254828
430;-0.9390102781655446;-0.002027072496975535;0.0643365336454399
431;-0.9373005768581081;-0.0011104670023711627;0.0653028704419914
432;-0.9360377553742198;-9.922779278859206e-05;0.06638504320618593
433;-0.9353077477717682;0.0009951945532623574;0.06758007954627779
434;-0.9351756886213132;0.002149264191337541;0.0688845323416448
435;-0.9356823407231293;0.003327776895390544;0.07029391213839717
436;-0.9368415451217201;0.004485009331558487;0.07180205493516076
437;-0.9386386957865993;0.005566609569062186;0.07340045563007438
438;-0.9410302227669382;0.006512232958414299;0.07507760962652987
439;-0.9439440911519775;0.007258915639716812;0.0768184189059446
440;-0.9472813803333385;0.0077451454062303915;0.07860373249170552
441;-0.9509190799161116;0.007915523654493217;0.08041010178828925
442;-0.9547142969032028;0.007725805059419222;0.08220983487224143
443;-0.9585100787438803;0.007147956460256788;0.08397142586021816
444;-0.9621429830132745;0.006174712735063093;0.08566041167939475
445;-0.9654523404689399;0.0048229648034927575;0.08724066647503251
446;-0.9682908601472491;0.0031352506930795165;0.08867608495215523
447;-0.9705358453025383;0.0011786974532989047;0.08993253723657432
448;-0.9720999027037074;-0.0009589761148133258;0.09097991237410982
449;-0.9729397456784716;-0.003176341499264046;0.09179402213258644
450;-0.9730616321229276;-0.005367417462982305;0.09235812697827941
451;-0.972522227332254;-0.00743196145498759;0.09266388042494972
452;-0.9714242463619543;-0.009285411530713938;0.09271156317950341
453;-0.9699070214338782;-0.010866966328932692;0.09250957948272756
454;-0.9681329821527367;-0.012144610954028634;0.09207329233683029
455;-0.9662717231578949;-0.013116483419903124;0.09142335975496871
456;-0.9644836966185089;-0.01380866005696535;0.09058378573520423
457;-0.9629055332386298;-0.01427002999729976;0.08957991279365934
458;-0.9616386081254743;-0.014565291848051665;0.08843656255181531
459;-0.9607418588565746;-0.014767196376388014;0.08717648771685985
460;-0.9602291971818848;-0.014949022959416025;0.08581924470659685
461;-0.9600712735159426;-0.015178011434358374;0.08438054095109612
462;-0.9602009357835133;-0.015510175982583085;0.08287206082689852
463;-0.9605214879699173;-0.015986675510698545;0.08130173221604683
464;-0.9609167692592335;-0.016631736118116636;0.07967436266581862
465;-0.9612620928003003;-0.017452011811186607;0.0779925501061548
466;-0.9614351583534078;-0.01843720764121648;0.07625775827536416
467;-0.9613261560671498;-0.019561750977873937;0.07447144204827855
468;-0.9608463984298158;-0.02078726649041318;0.07263611340777515
469;-0.9599349557405237;-0.02206558559441918;0.07075625474489847
470;-0.9585629327813356;-0.02334200814117182;0.06883901095693726
471;-0.9567352118285644;-0.024558542823085783;0.06689462221847298
472;-0.9544896914020311;-0.025656889718299047;0.06493659089975451
473;-0.9518942530651165;-0.026580992542889592;0.06298160422619833
474;-0.9490418659550756;-0.0272790701278135;0.06104925509147685
475;-0.9460443666521867;-0.027705121463067806;0.05916161480386181
476;-0.9430255134922627;-0.02781997066531794;0.057342713265729595
477;-0.940113903952021;-0.027591965623202874;0.05561797566150545
478;-0.9374362684114483;-0.02699746174911244;0.054013652744938606
479;-0.9351115309783908;-0.02602121210330155;0.0525562672229721
480;-0.9332458815569127;-0.02465675422418656;0.05127208423855242
481;-0.9319289568898075;-0.02290684170426438;0.05018660163963404
482;-0.9312311018446529;-0.020783923913985092;0.04932404689502817
483;-0.9312015889221177;-0.018310637096469407;0.048706862760402564
484;-0.931867619549223;-0.015520238219342897;0.04835516312079105
485;-0.9332339143930182;-0.012456890702717827;0.04828614348227453
486;-0.9352827164323685;-0.009175697845697828;0.04851343681874956
487;-0.937974072413154;-0.005742374066717404;0.04904641432895335
488;-0.9412463178791349;-0.0022324448058509416;0.049889441599542034
489;-0.9450167613749614;0.0012701269479056254;0.051041113231930196
490;-0.9491826388136764;0.0046749743676703925;0.05249350268641531
491;-0.9536224836921147;0.007888080634388173;0.05423147826849389
492;-0.9581981256782237;0.010815268462926797;0.05623214977555718
493;-0.962757578622174;0.013366372728149667;0.058464521634294
494;-0.9671390941497541;0.015459946805239988;0.06088943484402504
495;-0.9711766192778468;0.017028228081945596;0.06345987832813488
496;-0.9747067855469616;0.018021945004389694;0.06612173661408485
497;-0.9775773586717523;0.018414412033198713;0.06881501193647999
498;-0.9796567937238032;0.01820427118210377;0.07147551387048534
499;-0.9808442005255198;0.017416251384410164;0.07403695138608382
500;-0.981078689389205;0.016099477711481902;0.07643329890114428
501;-0.9803468287426109;0.014323191800474033;0.07860125253707256
502;-0.9786869020625588;0.012170210953491356;0.08048256065871948
503;-0.976188876443284;0.009728960493875505;0.08202601675117593
504;-0.9729895041997615;0.0070853173605092135;0.08318894776691305
505;-0.9692627044520342;0.0043156548091356495;0.08393811096188647
506;-0.9652061664068152;0.0014822904638408518;0.08425000975615404
507;-0.9610257894053149;-0.0013679660981982256;0.08411073103034528
508;-0.9569199528507513;-0.0042021590941465625;0.0835154703974808
509;-0.9530655954192682;-0.0069970888264963005;0.08246793416830431
510;-0.9496076920405205;-0.009733897033121441;0.08097978433118946
511;-0.9466530649113494;-0.012392612986066531;0.07907023458632606
512;-0.9442687217521262;-0.014947781781369573;0.07676582795901601
513;-0.9424842460206769;-0.01736592467232434;0.07410034951595351
514;-0.9412972845540701;-0.01960512367790701;0.07111476914627074
515;-0.9406809349312646;-0.021616597168135687;0.06785708132608861
516;-0.9405918154658305;-0.023347818538674403;0.06438191502384086
517;-0.9409777557872032;-0.024746560102830606;0.06074982249028818
518;-0.9417843113083451;-0.02576521519491015;0.05702620894835439
519;-0.9429596172607918;-0.02636483427940628;0.05327992161216366
520;-0.9444574035411777;-0.026518463471499665;0.04958156304628125
521;-0.9462382498023689;-0.026213551519165046;0.04600162261729182
522;-0.948269345672399;-0.02545335548376315;0.042608528884185926
523;-0.9505231242047636;-0.02425740020685141;0.03946671862228418
524;-0.9529751630784085;-0.02266112134510534;0.03663480105074535
525;-0.9556017149099583;-0.020714848792047325;0.03416387540027263
526;-0.9583771594569799;-0.018482277819058646;0.03209604151681417
527;-0.9612715920166139;-0.0160385435585928;0.030463129939710953
528;-0.964248696104012;-0.013467973706992376;0.029285670966952698
529;-0.9672640099697443;-0.010861554534590034;0.028572121224875763
530;-0.9702636924857372;-0.008314113265057488;0.028318369817772304
531;-0.9731839213947852;-0.005921200526910586;0.02850755233987856
532;-0.9759511022769837;-0.0037756543475726545;0.02911020772077294
533;-0.978483105699356;-0.001963846728009977;0.030084817737162345
534;-0.9806917508558953;-0.0005616592360071504;0.03137876967654776
535;-0.9824866841376056;0.00036969388502916534;0.03292977673409256
536;-0.9837806407944953;0.0007877838846273022;0.034667776185490745
537;-0.9844958358002049;0.0006727181399648341;0.03651730079037627
538;-0.9845709529299569;3.0137089334636435e-05;0.038400284017175546
539;-0.9839679675698325;-0.001106956926031466;0.040239216076234985
540;-0.9826779334252712;-0.0026779100664646727;0.04196051917082527
541;-0.9807249393966654;-0.004595918131215182;0.043497963000559886
542;-0.9781676938555918;-0.006751391480417701;0.04479590359807184
543;-0.9750985504619292;-0.009017055804072749;0.04581210915450065
544;-0.9716401479952388;-0.011254479786941274;0.0465199435449877
545;-0.9679400983463762;-0.013321593874092486;0.046909715984583655
546;-0.9641642666020016;-0.015080706966829727;0.046989071719900244
547;-0.960489148242385;-0.01640653384173718;0.0467823850488068
548;-0.95709371335026;-0.01719379351138217;0.04632920795560852
549;-0.9541509310278408;-0.017364001022352027;0.045681909128179626
550;-0.9518190733559667;-0.016871132389206678;0.04490269565542568
551;-0.9502328581565374;-0.015705887657676;0.04406023614207413
552;-0.949494517411397;-0.013898314550209623;0.04322609980763811
553;-0.9496649480601191;-0.011518589841631455;0.04247119838375696
554;-0.9507551997715972;-0.00867578225876886;0.04186237721197783
555;-0.9527187031528208;-0.005514420382016771;0.04145926079675902
556;-0.9554449054174529;-0.0022086418141448183;0.04131142693321943
557;-0.9587554298136267;0.0010463860412111003;0.041455970686213095
558;-0.9624045135646251;0.0040461360794994405;0.04191552971564691
559;-0.9660861399671409;0.006591710049696942;0.042696875147447855
560;-0.9694505488221822;0.008507844266270492;0.04379021824564713
561;-0.9721320770191514;0.009662566743499523;0.045169421314919384
562;-0.973788046867848;0.009985658621006532;0.04679329809929844
563;-0.9741447980685958;0.009481719489572327;0.04860810770214277
564;-0.9730430438676461;0.008233304498517557;0.05055116763758219
565;-0.9704723300184269;0.006391063793008578;0.05255526034258051
566;-0.9665850435127741;0.004151063540877686;0.05455326189132284
567;-0.9616844495342525;0.001723405939875744;0.05648229022820922
568;-0.9561873980441505;-0.0007008324285124878;0.058286734426847814
569;-0.9505685170859806;-0.002976807986402097;0.059919786822315996
570;-0.9452968850085695;-0.005021755651957394;0.061343468294238146
571;-0.9407771995626928;-0.006817486232240322;0.0625274840879963
572;-0.9373053461031167;-0.008401026273890166;0.0634474683730511
573;-0.9350440249115028;-0.009847173665246345;0.0640832284756962
574;-0.9340192720440683;-0.011247498625806096;0.06441750257065756
575;-0.9341347480853235;-0.012689881956672866;0.06443554861968159
576;-0.93519842182963;-0.014241617746487134;0.06412564578466684
577;-0.9369558077121213;-0.01593787966021698;0.06348036505650517
578;-0.9391246978080022;-0.01777621468212931;0.06249829648636074
579;-0.9414276257819477;-0.01971679104753421;0.06118583624808169
580;-0.9436195293173255;-0.021687429878863296;0.059558648628727756
581;-0.9455089855503906;-0.02359201851788084;0.05764251250359734
582;-0.9469720237950154;-0.02532075014133417;0.055473403989750036
583;-0.9479580548340938;-0.02676074030337572;0.05309681289938714
584;-0.9484880506638345;-0.027805874360188998;0.0505664039214172
585;-0.9486457878960578;-0.028365142007723554;0.04794219651956816
586;-0.9485636259856733;-0.028369109038988816;0.04528845248986338
587;-0.9484047639962412;-0.02777447902424024;0.04267144149067156
588;-0.9483440792529071;-0.026566873430831306;0.0401572199097642
589;-0.9485494708871443;-0.024762020742198798;0.037809520486635856
590;-0.9491651923151891;-0.022405535484569694;0.035687816446600046
591;-0.9502981091797074;-0.019571429980638877;0.03384559700601189
592;-0.9520073229011242;-0.016359458927239334;0.03232887108989366
593;-0.9542972739493054;-0.01289135070088987;0.031174902757502898
594;-0.9571143352374993;-0.009305921839242726;0.030411175624140863
595;-0.9603470042441662;-0.0057530064854379726;0.030054585587809962
596;-0.9638300164769875;-0.0023860918131184405;0.03011087232227666
597;-0.9673528924815735;0.0006464081639385721;0.030574319741136613
598;-0.9706734211239901;0.0032111175962182825;0.031427780536590594
599;-0.9735362047947331;0.00520040033567748;0.032643102413850184
600;-0.9756955565194008;0.006542757736327398;0.034182041957677184
601;-0.9769408213015017;0.0072113211481197315;0.035997732170273494
602;-0.9771208983512607;0.007228488007549161;0.03803671080693824
603;-0.9761638596548391;0.006664878269249441;0.04024141921487978
604;-0.9740876020038849;0.005631560188157914;0.04255296435561032
605;-0.9709987062661809;0.004265847777389142;0.0449138371837873
606;-0.9670789499531235;0.0027125673519743376;0.04727024186645354
607;-0.962561628420382;0.0011040112177974626;0.0495737409239366
608;-0.9577021533240673;-0.0004576387848302943;0.05178205662655608
609;-0.9527485669903218;-0.0019120618326859962;0.05385904889417431
610;-0.9479172658808414;-0.0032446757419519745;0.055774056412766476
611;-0.943377512214846;-0.004482385741582884;0.05750089101914424
612;-0.9392458422250143;-0.005682688372751876;0.05901679414302233
613;-0.9355890898997004;-0.0069188246622987615;0.06030160844719212
614;-0.9324331611523886;-0.008264087137658915;0.061337318742603425
615;-0.9297742472491541;-0.0097780074619358;0.06210800925993765
616;-0.9275897196938315;-0.01149624278488548;0.06260019651997156
617;-0.9258470443990408;-0.013424911004198403;0.06280344143711042
618;-0.9245101802569737;-0.015539223327865392;0.06271112105457777
619;-0.9235437375677948;-0.017785698221412405;0.06232124150708637
620;-0.9229155511506614;-0.020087018231049747;0.06163718897967463
621;-0.9225983391296375;-0.022348607602849513;0.060668335782631116
622;-0.9225709195463437;-0.0244661352517046;0.05943043902433054
623;-0.9228191881040073;-0.026333287669378036;0.057945788133736215
624;-0.9233368227149036;-0.02784926611523031;0.05624307528063052
625;-0.9241255265636161;-0.02892554324733032;0.05435698068956887
626;-0.9251945668120074;-0.029491490639557028;0.05232748324668346
627;-0.9265594038549935;-0.029498585146167988;0.050198924612555984
628;-0.9282393160015214;-0.02892302834354865;0.04801887020244694
629;-0.9302540783905859;-0.027766758503354416;0.045836820635989955
630;-0.9326199205285055;-0.026056972570069226;0.04370283116369336
631;-0.9353451326884372;-0.023844376437230475;0.041666094195162706
632;-0.9384257931757463;-0.021200424420593778;0.03977353301927203
633;-0.9418421331496101;-0.018213790058528634;0.03806844590816458
634;-0.9455560417360875;-0.014986246935224434;0.03658923218500604
635;-0.9495101465617175;-0.01162806188114851;0.035368228135257196
636;-0.9536287880370632;-0.008252951287665233;0.03443068218302603
637;-0.9578210390518971;-0.004972657218609511;0.03379390505157043
638;-0.9619857015786534;-0.0018912814105689346;0.0334666391839534
639;-0.9660179414746293;0.0009003334686542575;0.03344869824779917
640;-0.969816927090281;0.0033296992644941126;0.033730926856855026
641;-0.9732935711935488;0.005346618646874024;0.03429551799488556
642;-0.9763773195335803;0.006925271629290242;0.03511669880125856
643;-0.9790209637715775;0.008063880997244088;0.03616175652648898
644;-0.9812027242210735;0.008781706753057228;0.03739233290485072
645;-0.9829253201994184;0.009113603016169702;0.038765878126572756
646;-0.9842123158981224;0.009102904057528338;0.04023713663552436
647;-0.9851025426660097;0.008793833825169739;0.041759543586919495
648;-0.9856437087165233;0.008224810746804367;0.0432864427842605
649;-0.9858863347057907;0.007423870420609657;0.04477208595475196
650;-0.9858789132222039;0.0064069788398726235;0.04617242580223907
651;-0.9856647797655832;0.005179379537818107;0.04744575759207706
652;-0.9852807394746381;0.0037394827252882346;0.04855328647564444
653;-0.984757141372151;0.0020843267930334974;0.049459697227490884
654;-0.9841189012749596;0.00021542428990706242;0.050133782549084155
655;-0.9833869520174678;-0.001856137763914134;0.050549152641763434
656;-0.9825797008303807;-0.004106198098088654;0.05068501092209582
657;-0.9817142321254253;-0.006496084179481554;0.05052694652164508
658;-0.9808071492436756;-0.008973293700739071;0.05006766969390972
659;-0.9798750637441993;-0.011474009212966152;0.049307605106162805
660;-0.9789348044059801;-0.013926929251080966;0.04825526130325078
661;-0.9780034379713571;-0.016257790435510566;0.04692731105885983
662;-0.9770981854920655;-0.01839395873498595;0.04534834354672951
663;-0.9762362968604638;-0.020268561089045622;0.04355028061627084
664;-0.9754349214554995;-0.021823780745325982;0.041571480843887204
665;-0.9747109892496522;-0.023013118336562055;0.039455581838803655
666;-0.9740810956587478;-0.023802594714036673;0.037250150166623
667;-0.973561365913284;-0.024171015049134104;0.03500521759401795
668;-0.9731672628147341;-0.024109509665845685;0.03277178229430466
669;-0.9729132981914843;-0.023620609030044593;0.030600345759949826
670;-0.9728126153711685;-0.022717102086283525;0.02853954290034258
671;-0.9728764276619036;-0.021420880341985082;0.026634906897941346
672;-0.9731133235344007;-0.019761900677350286;0.024927794363886147
673;-0.9735284779251019;-0.017777324292030938;0.023454482124903364
674;-0.9741228348508078;-0.015510821485065107;0.022245435829192667
675;-0.9748923440468237;-0.013011981704958542;0.021324743022937492
676;-0.9758273403818337;-0.010335740029109752;0.020709699378152313
677;-0.9769121487980745;-0.007541724781435555;0.020410535880299507
678;-0.9781249813313045;-0.004693442693208372;0.02043027629181743
679;-0.9794381697810668;-0.0018572421892357749;0.02076471727266474
680;-0.9808187516403719;0.0008989740628084775;0.02140252734594933
681;-0.9822294011879174;0.0035072845658525864;0.022325464706873854
682;-0.9836296742593051;0.005901500637671919;0.023508717057485612
683;-0.9849775149489217;0.008019078314242534;0.02492136869602843
684;-0.9862309552233153;0.009803115628688186;0.026527000598581957
685;-0.9873499236722725;0.011204346549672284;0.028284427913548488
686;-0.988298067175144;0.012183033640231322;0.030148575977472253
687;-0.9890444796425797;0.012710656709836066;0.03207149063058079
688;-0.9895652266537579;0.012771294760881235;0.03400347142389151
689;-0.9898445559574311;0.012362604287336376;0.03589430765455026
690;-0.9898756939322013;0.011496309618514111;0.037694587684731634
691;-0.9896611492477467;0.010198141445723508;0.03935704258430325
692;-0.9892124779024256;0.008507188128555443;0.040837876876688245
693;-0.9885495073132936;0.00647465990959295;0.04209803323364744
694;-0.987699067601075;0.004162106464097759;0.04310433545280537
695;-0.9866933297729867;0.0016391696569145742;0.043830455788384265
696;-0.9855678957167366;-0.001019008602894389;0.04425765906839535
697;-0.9843598159988621;-0.0037345738444011234;0.04437528682083927
698;-0.9831057218576152;-0.006429775422318373;0.044180959033062045
699;-0.9818402437376619;-0.009029644492645872;0.04368048782676617
700;-0.980594850450667;-0.011464382507577975;0.042887514530359744
701;-0.9793971852086636;-0.013671341217950994;0.04182289754873514
702;-0.9782709059435665;-0.015596519198727288;0.04051389142255801
703;-0.9772359685653234;-0.01719555001250528;0.0389931663133912
704;-0.976309234548177;-0.01843420626442971;0.03729772121926847
705;-0.9755052478863353;-0.01928848505098224;0.03546774354058321
706;-0.9748370164226255;-0.019744368142801116;0.03354546279730092
707;-0.974316649074344;-0.019797361610675357;0.031574038411714606
708;-0.9739557387378682;-0.019451914458272657;0.029596511825370847
709;-0.9737654320249214;-0.01872079701902174;0.027654843150306613
710;-0.9737561811488412;-0.017624492413382487;0.025789043237472803
711;-0.9739372205721817;-0.01619062421452455;0.02403640435962867
712;-0.9743158444101674;-0.014453416249549211;0.022430827174335533
713;-0.9748965767820791;-0.012453160322790091;0.021002238421873293
714;-0.975680326914752;-0.01023565664222581;0.019776092787777505
715;-0.976663607527591;-0.007851589753480881;0.01877295316792907
716;-0.9778378743394924;-0.0053558080232974925;0.018008145739906195
717;-0.9791890222351922;-0.0028064844099406905;0.017491489252060538
718;-0.9806970546275917;-0.00026414755119774647;0.017227101298521563
719;-0.982335930119012;0.002209417190637941;0.017213287618542655
720;-0.9840735860296752;0.004552388471691704;0.01744252327487933
721;-0.9858721412329309;0.006704236875635594;0.017901536621102776
722;-0.9876882890419422;0.008607140638522193;0.01857150799968263
723;-0.989473901620571;0.010207465619064049;0.019428394890812356
724;-0.9911768769347247;0.011457280999783048;0.02044339355564062
725;-0.9927422638438252;0.012315875592132541;0.02158354393210013
726;-0.9941136970627158;0.012751231005150188;0.022812479572474426
727;-0.9952351587185647;0.012741397807895183;0.02409131781496393
728;-0.9960530558344469;0.012275710535567086;0.025379677396376976
729;-0.9965185641359735;0.011355769078927547;0.026636801804880622
730;-0.9965901415802265;0.00999611020089719;0.02782275754204483
731;-0.9962360662338903;0.008224496075316723;0.028899668011432567
732;-0.9954368112020182;0.006081758498773349;0.02983293697838435
733;-0.9941870439101688;0.003621158037695693;0.03059241140987734
734;-0.9924970368835642;0.0009072452970025902;0.031153432745702314
735;-0.9903933076027376;-0.0019857565339916894;0.03149772864021999
736;-0.9879183659515672;-0.004975997061655191;0.031614103842123875
737;-0.9851295326435894;-0.007976394299469614;0.03149889856248361
738;-0.9820968883987735;-0.010897283928718915;0.031156194447680724
739;-0.9789005056380048;-0.01364921599798219;0.030597760940752144
740;-0.9756271862404426;-0.0161457915394152;0.02984274719468402
741;-0.9723669684798482;-0.01830643608929028;0.028917135788672832
742;-0.9692096682474801;-0.020059014586722324;0.027852983589080366
743;-0.9662416862910139;-0.021342200639443587;0.026687481823469805
744;-0.9635432531914765;-0.02210752235488156;0.025461871729459712
745;-0.9611862098495105;-0.022321017982220193;0.024220254147127973
746;-0.9592323467938552;-0.021964449207344194;0.02300833142026662
747;-0.9577322620052414;-0.02103603912899965;0.02187211829778493
748;-0.956724651621643;-0.0195507251251561;0.02085665555298391
749;-0.9562359238725352;-0.017539941504699175;0.02000475616029168
750;-0.9562800229935636;-0.015050969210178233;0.019355809507042354
751;-0.956858363102284;-0.012145905857509742;0.018944664714213716
752;-0.9579597971576961;-0.008900316038305989;0.01880061013785833
753;-0.9595605781695321;-0.0054016179278983945;0.018946462931668157
754;-0.961624304476925;-0.0017472488965841748;0.019397780501813178
755;-0.9641018749542474;0.001957366968487584;0.020162204986078514
756;-0.9669315111721069;0.005601048380858509;0.021238952586327853
757;-0.9700389301583735;0.009069301266184215;0.022618461528418093
758;-0.9733377717978454;0.012247006873693511;0.024282215253339068
759;-0.9767303969346453;0.015021380997842337;0.026202760567327982
760;-0.980109173066833;0.017285214781443514;0.028343943088386225
761;-0.983358350897497;0.01894037382477254;0.030661383434540307
762;-0.9863566041232789;0.019901483339678783;0.03310321612774583
763;-0.9889802557130927;0.020099668175914465;0.03561110812295884
764;-0.9911071489313481;0.019486157243367885;0.038121564484623977
765;-0.9926210472788793;0.018035515340587227;0.04056751483892698
766;-0.9934163753601604;0.01574824629790783;0.04288015643693249
767;-0.9934030556693536;0.012652531746931817;0.044991009505928437
768;-0.9925111662947643;0.008804934297328426;0.0468341204370617
769;-0.9906951479535906;0.004289995088464171;0.04834833116785356
770;-0.9879373235144934;-0.0007812271693534711;0.04947952170339684
771;-0.9842505485323008;-0.006273526342927771;0.05018272911632618
772;-0.9796798711566854;-0.012030624226994302;0.050424051177314105
773;-0.9743031282073997;-0.017878762433943374;0.05018225487211864
774;-0.9682304317445765;-0.023630708401697342;0.04945002682332689
775;-0.9616025080407947;-0.029090203716176433;0.0482348206429129
776;-0.9545878499774334;-0.034057007460297495;0.04655927236151591
777;-0.9473786524350889;-0.03833274567347966;0.044461167471159496
778;-0.9401855353711969;-0.04172772278063097;0.04199295181089366
779;-0.9332311298477416;-0.04406866965767442;0.03922078529232345
780;-0.9267427038866387;-0.04520713150950617;0.036223144976334165
781;-0.9209441194985979;-0.04502791587903743;0.03308899458676606
782;-0.9160475117304949;-0.04345682485215674;0.029915551971887056
783;-0.9122451351055815;-0.04046686663684529;0.026805703003834364
784;-0.9097018088607965;-0.036082310192322664;0.023865126865024316
785;-0.9085483005971902;-0.03038027625660955;0.0211992098337829
786;-0.9088758280771283;-0.02348995694468181;0.01890982949059916
787;-0.9107316598616122;-0.015589908143117559;0.0170920875867642
788;-0.9141156003087139;-0.006904063285078199;0.015831059024437655
789;-0.9189770015122068;0.002302883126340527;0.015198610241408617
790;-0.9252118991900777;0.011730282512069312;0.015250328227401272
791;-0.9326599586139904;0.021046467839599736;0.01602259768860098
792;-0.9411011694569842;0.0298942388982526;0.017529874727122585
793;-0.9502526648710625;0.03789782905566619;0.01976223605790095
794;-0.959766660860516;0.04467272913690945;0.022683336279819694
795;-0.9692312710232007;0.0498399869322903;0.02622898073882357
796;-0.9781767119805013;0.053046446757472276;0.030306609054551042
797;-0.9860899062023755;0.05399159294427247;0.03479606363528015
798;-0.9924403099535293;0.052459996479494175;0.03955205332262329
799;-0.9967185087395047;0.04835584180685415;0.04440866842951813
800;-0.9984864731277533;0.041733119847991995;0.049186116689890536
801;-0.9974345466603165;0.032812939593294455;0.05369951632833442
802;-0.99343608359036;0.0219795815797319;0.05776914796498145
803;-0.9865876195884312;0.00975060057017163;0.06123114724680889
804;-0.9772222432978448;-0.0032767315546811115;0.06394737139891171
805;-0.9658876723122711;-0.016492360534831163;0.0658132201973669
806;-0.9532882909096885;-0.02933820384236907;0.06676255133246073
807;-0.9402000200528746;-0.04135567608451951;0.06676938473918237
808;-0.92737485026158;-0.05220739147326037;0.06584664641613647
809;-0.9154548684067831;-0.06167360238427644;0.0640425910765629
810;-0.9049124324192034;-0.06963120538714052;0.06143569729270554
811;-0.896025321051395;-0.07602568142414556;0.05812878614347916
812;-0.8888864321973317;-0.08084447997541777;0.054242964341315036
813;-0.8834400497208257;-0.0840965689271631;0.04991181755256613
814;-0.879532643039427;-0.085799516478817;0.04527612465152486
815;-0.8769658501463327;-0.0859735028221249;0.04047924126537056
816;-0.8755418402511669;-0.08464082481730606;0.03566320755752572
817;-0.8750952560338426;-0.08182918212707668;0.030965565040947246
818;-0.8755100270889822;-0.0775770022807376;0.02651681732812608
819;-0.8767225575797923;-0.0719392326396564;0.02243843885008731
820;-0.8787146940217945;-0.06499240091528136;0.01884132200555705
821;-0.8815005092638268;-0.056838235648308255;0.015824553831250115
822;-0.88511061034609;-0.047605604471172014;0.013474423955452786
823;-0.8895767967512513;-0.037450869884257276;0.011863581973712484
824;-0.8949188304947787;-0.026556954449960646;0.011050280802835627
825;-0.901134099972974;-0.015131474460005179;0.01107766060913809
826;-0.9081902210926995;-0.003404275935384282;0.011973044628391438
827;-0.9160201772512351;0.008375389922925525;0.013747234022558674
828;-0.9245194365872171;0.01994196944466431;0.016393805254119265
829;-0.9335445415671468;0.031017099702179474;0.019888432141945633
830;-0.9429128701368273;0.0413138113997118;0.02418827749400193
831;-0.952403552585189;0.05054194317338434;0.02923152697610315
832;-0.9617598392670177;0.05841538465191687;0.03493717031079477
833;-0.970693504702137;0.06466176462777717;0.041205169540594305
834;-0.9788920946023981;0.06903502517602123;0.04791718550609336
835;-0.986029913875381;0.07133091235992861;0.054938052796126485
836;-0.991783540506181;0.07140472853648883;0.06211818757772153
837;-0.9958522488833564;0.06918975059076293;0.0692970675148864
838;-0.9979829640090019;0.06471365882992242;0.07630782671602424
839;-0.9979982205049815;0.05810943738904739;0.08298285932026217
840;-0.995824151361349;0.04961693847071835;0.08916013851601728
841;-0.9915140511721033;0.039572114700871075;0.0946897708806945
842;-0.985262053175676;0.028383064672396152;0.09944017331213631
843;-0.9774015991767191;0.01649524499682875;0.10330323586411944
844;-0.9683852276704653;0.004351552823204319;0.10619794798427129
845;-0.9587457906068484;-0.007644899209450107;0.10807220224109837
846;-0.9490437323778542;-0.019157791810845648;0.10890278627911373
847;-0.9398090280720885;-0.02992980496976383;0.10869384430862669
848;-0.931488237592542;-0.03977993751872688;0.10747426033527815
849;-0.9244061034464597;-0.048590033825965606;0.1052944550394006
850;-0.918747583192239;-0.05628679804694192;0.10222301411645454
851;-0.9145614424859985;-0.06282522297483228;0.0983434280592696
852;-0.9117820395107912;-0.06817714816308462;0.09375107807923233
853;-0.9102628232136771;-0.07232589639361153;0.08855049101498011
854;-0.9098138480051549;-0.07526576682222397;0.08285282438305655
855;-0.9102362241742992;-0.07700413109686621;0.07677352680993729
856;-0.911348425625394;-0.07756392740819917;0.07043013267865494
857;-0.913002071028211;-0.07698507180350722;0.06394017438052482
858;-0.9150874200227035;-0.07532422955715945;0.05741921692539648
859;-0.9175307593741162;-0.07265314553773483;0.0509790307970821
860;-0.920286779076861;-0.06905614078548927;0.04472591935540696
861;-0.9233289964655204;-0.064627440596974;0.03875921036520366
862;-0.9266405834312325;-0.059468821493312785;0.03316991217836421
863;-0.9302069869840599;-0.053687800019312615;0.028039527620823318
864;-0.9340108409103332;-0.04739635443188828;0.023439014837437572
865;-0.9380290336733224;-0.040710029842358164;0.019427884586481287
866;-0.9422314660660018;-0.03374723181734285;0.016053427005701365
867;-0.9465809457740797;-0.02662853437292345;0.01335006653417134
868;-0.951033731929194;-0.019475879596252632;0.01133885038506846
869;-0.9555403741557498;-0.012411599445576571;0.010027082923746322
870;-0.9600466276322396;-0.005557230251168055;0.009408124982542704
871;-0.9644943376762736;0.0009678869086779951;0.009461383147287006
872;-0.9688222657980027;0.007048218305319098;0.010152518974009178
873;-0.9729668780123949;0.012573860004229998;0.011433911397822155
874;-0.9768631439206836;0.017442569596883728;0.013245406552230887
875;-0.9804454095965804;0.021562003383875816;0.015515386935276487
876;-0.9836484137007391;0.024852144672985133;0.018162185386178753
877;-0.9864085161880289;0.027247888308035484;0.021095857834829146
878;-0.9886652013340422;0.028701715213615087;0.02422031177345496
879;-0.9903628986828295;0.029186349678926637;0.02743576501678907
880;-0.9914531335265857;0.028697244500031305;0.03064148258017091
881;-0.9918969702925771;0.027254690614124888;0.033738710457035026
882;-0.9916676479518931;0.0249053066761471;0.03663369676017758
883;-0.9907532306253877;0.021722640320312125;0.039240666873064656
884;-0.9891590185181935;0.01780661743407841;0.0414846038986148
885;-0.9869093990748332;0.013281617935864465;0.04330368221690151
886;-0.9840487845775162;0.008293041351640329;0.044651212483870606
887;-0.9806412994817659;0.0030023511971674077;0.04549698111192296
888;-0.9767689629134322;-0.0024192563295262204;0.04582790418947369
889;-0.9725282623283853;-0.00779824494481729;0.04564796099517737
890;-0.9680252208083306;-0.01296672094889506;0.04497742055615672
891;-0.9633692927877935;-0.017770416600382477;0.04385142060489855
892;-0.9586666375752096;-0.0220760289697588;0.04231799701479161
893;-0.9540134695288497;-0.025777290965395494;0.04043568998809155
894;-0.9494902307221772;-0.0287992539734655;0.0382708693726046
895;-0.9451572614157879;-0.031100433395869542;0.03589492566112645
896;-0.9410524693056828;-0.03267268354612096;0.03338146700523342
897;-0.9371912587284184;-0.033538891723131625;0.030803648325151423
898;-0.9335687257228104;-0.03374877648566377;0.028231739033644065
899;-0.9301638985185501;-0.03337321428658713;0.025731013643297218
900;-0.9269456310653528;-0.03249758979915518;0.023360026814599255
901;-0.9238796417771856;-0.031214674880856275;0.02116931281811668
902;-0.9209361157537183;-0.029617509707487333;0.019200529771944974
903;-0.918097237125505;-0.027792712888255577;0.01748605147702703
904;-0.9153639788389092;-0.025814606191467693;0.016048993709625425
905;-0.9127614575461998;-0.023740512498751865;0.01490364661248822
906;-0.9103421856218527;-0.02160756682477727;0.014056269543875122
907;-0.9081866525943085;-0.019431352085619635;0.013506188959823584
908;-0.9064008685340854;-0.017206611250961568;0.013247123831565455
909;-0.905110802238725;-0.014910176527144436;0.013268647717940452
910;-0.9044540132395688;-0.012506086470339794;0.013557683607503368
911;-0.9045691420790395;-0.009952641996072042;0.014099919160588281
912;-0.9055842049136145;-0.007210908225112611;0.014881028241704952
913;-0.9076047635015474;-0.004253940826547731;0.015887591500283155
914;-0.9107029751403364;-0.0010758478680797934;0.017107625315769565
915;-0.9149082888143244;0.0023002712978730244;0.018530654673693053
916;-0.9202002156449924;0.005816422612361483;0.020147300311444877
917;-0.9265032668983225;0.009376611876864005;0.02194839160161491
918;-0.9336839248316702;0.01284708472339302;0.023923661390320622
919;-0.9415494659349317;0.0160602315637719;0.026060124580666866
920;-0.949848622531881;0.018822278537204085;0.028340286114018592
921;-0.958274426184857;0.020924722212644742;0.03074036373981842
922;-0.9664700525227912;0.022159292362251004;0.033228743517709214
923;-0.9740389551259405;0.022335952510229573;0.03576490645045294
924;-0.980560847778081;0.021302970638404917;0.038299065201594734
925;-0.9856149236707713;0.01896736482029715;0.04077272000635482
926;-0.9888108256897685;0.01531313817809854;0.04312027201455537
927;-0.9898261397130814;0.01041394867542933;0.045271715174594496
928;-0.9884466883693882;0.004436673015475678;0.04715627173998363
929;-0.9846032292853876;-0.002366804872662831;0.048706666704195656
930;-0.978396357556176;-0.009680134091960668;0.04986359386768896
931;-0.9701016896712784;-0.017152952920887143;0.05057985524805761
932;-0.9601505041157039;-0.024436041529346197;0.050823684993958645
933;-0.9490865355841016;-0.03121452036194383;0.050580896415748894
934;-0.9375058633086124;-0.03723310508858724;0.04985568114158703
935;-0.9259914374000014;-0.042309902164326396;0.04867009034105174
936;-0.9150549226453786;-0.04633837300714572;0.047062392195513586
937;-0.9050958861546141;-0.04927963469402352;0.04508460130587244
938;-0.8963831872145431;-0.0511485188592129;0.04279951200839133
939;-0.8890578215469784;-0.05199687659217622;0.04027755147695161
940;-0.8831522471782048;-0.051897016461601164;0.03759371795730784
941;-0.8786192532009702;-0.05092736892958061;0.03482480098459642
942;-0.8753635944985809;-0.04916170316324342;0.0320470069203887
943;-0.8732711420197481;-0.046662522880715374;0.02933404411838389
944;-0.8722322934509243;-0.043478648260417474;0.02675566390279957
945;-0.8721581887672585;-0.03964649608251081;0.02437660975160011
946;-0.8729895774726726;-0.035194249508668674;0.02225589833878977
947;-0.8746989856270555;-0.030147971761220194;0.02044634112642585
948;-0.8772872715210028;-0.02453872684826708;0.018994211698104113
949;-0.8807758841511748;-0.01840986742993933;0.01793896949405918
950;-0.88519622752852;-0.01182378709342613;0.01731296281635769
951;-0.8905775002134972;-0.004867585844220312;0.017141051055923506
952;-0.8969342134862354;0.002342748619921453;0.01744010648526137
953;-0.9042543039576002;0.00965989932124689;0.018218378387417022
954;-0.9124884002288277;0.016904668083277063;0.019474725901942047
955;-0.921540467326075;0.0238674253545752;0.02119775052722936
956;-0.9312598379142739;0.030311726491768276;0.02336488518320093
957;-0.9414346328100085;0.03598039967883793;0.025941525035192037
958;-0.9517868308980073;0.04060459584634546;0.0288803166275797
959;-0.9619697837074775;0.04391642833643905;0.03212075558252564
960;-0.9715697372393322;0.045665776442049166;0.03558927541104559
961;-0.9801137835553486;0.04564140328824717;0.03920003222456503
962;-0.9870873286884239;0.0436955787366915;0.04285658786997387
963;-0.9919641512594228;0.039769852869552924;0.046454648501282
964;-0.9942508107182031;0.03391772037356511;0.049885909829313235
965;-0.993544010139121;0.02631829442730471;0.05304289010351915
966;-0.989594561340804;0.01727480256838143;0.05582441893929552
967;-0.9823659984285481;0.007193753525586266;0.05814124780254398
968;-0.9720720776465233;-0.003454739411413277;0.05992112950708234
969;-0.9591783044350015;-0.014188985156384004;0.06111274021560653
970;-0.944359848074148;-0.02456883748999461;0.06168799898521743
971;-0.9284202644333527;-0.03423779943973648;0.0616426227910471
972;-0.9121876970653584;-0.0429458099588631;0.06099504476946899
973;-0.8964121595266547;-0.05055095828724987;0.05978403547502781
974;-0.8816860948169685;-0.057004252387560794;0.05806546562210668
975;-0.8684018764530647;-0.062324362412657264;0.05590865012936119
976;-0.856748578508521;-0.06656892244652424;0.05339265752080408
977;-0.8467408113921466;-0.06980715434097173;0.05060289013405267
978;-0.8382673560705045;-0.07209689072847647;0.047628155262573885
979;-0.8311468967711801;-0.07346804089028303;0.044558358895797984
980;-0.8251808132878617;-0.07391380471308517;0.04148286402674334
981;-0.820196721967083;-0.07339004843897079;0.03848947054929755
982;-0.8160797000677947;-0.07182215951765358;0.03566390252073057
983;-0.8127902564388674;-0.06911768114130723;0.03308963895465647
984;-0.8103693052482503;-0.06518239998328923;0.030847900366356845
985;-0.8089312229181276;-0.05993744007791457;0.029017604649309914
986;-0.8086469747997507;-0.05333521439477995;0.027675128731296517
987;-0.8097203331999168;-0.045372631068759994;0.026893750746766837
988;-0.8123610251168474;-0.03610060446565111;0.026742693521642547
989;-0.8167587768173808;-0.025629612662318668;0.027285735580916348
990;-0.8230614040044509;-0.014131726684231016;0.028579392839646833
991;-0.8313584628472392;-0.001840128958288334;0.030670697315765272
992;-0.8416699798217271;0.010952495354953351;0.033594607602247945
993;-0.8539379387639333;0.02389530858939315;0.03737108373287873
994;-0.868016875176849;0.036579479952776106;0.0420018561477746
995;-0.8836592306347291;0.04853717266016766;0.047466929702931066
996;-0.9004911011033371;0.05924087703961489;0.053720909792112
997;-0.9179749844064613;0.06810676367481283;0.060689345634546754
998;-0.9353590782709216;0.07450863239634442;0.06826548645601993
999;-0.951619494580284;0.07781239279931007;0.07630816154307207
