0;-0.594011403025941;-0.4529942984914026;4.869855350827236
1;-0.594011403025941;-0.4529942984914026;4.869855350827236
2;-0.594011403025941;-0.4529942984914026;4.869855350827236
3;-0.594011403025941;-0.4529942984914026;4.869855350827236
4;-0.594011403025941;-0.4529942984914026;4.869855350827236
5;-0.594011403025941;-0.4529942984914026;4.869855350827236
6;-0.594011403025941;-0.4529942984914026;4.869855350827236
7;-0.594011403025941;-0.4529942984914026;4.869855350827236
8;-0.594011403025941;-0.4529942984914026;4.869855350827236
9;-0.594011403025941;-0.4529942984914026;4.869855350827236
10;-0.594011403025941;-0.4529942984914026;4.869855350827236
11;-0.594011403025941;-0.4529942984914026;4.869855350827236
12;-0.594011403025941;-0.4529942984914026;4.869855350827236
13;-0.594011403025941;-0.4529942984914026;4.869855350827236
14;-0.594011403025941;-0.4529942984914026;4.869855350827236
15;-0.594011403025941;-0.4529942984914026;4.869855350827236
16;-0.594011403025941;-0.4529942984914026;4.869855350827236
17;-0.594011403025941;-0.4529942984914026;4.869855350827236
18;-0.594011403025941;-0.4529942984914026;4.869855350827236
19;-0.594011403025941;-0.4529942984914026;4.869855350827236
20;-0.594011403025941;-0.4529942984914026;4.869855350827236
21;-0.594011403025941;-0.4529942984914026;4.869855350827236
22;-0.594011403025941;-0.4529942984914026;4.869855350827236
23;-0.594011403025941;-0.4529942984914026;4.869855350827236
24;-0.594011403025941;-0.4529942984914026;4.869855350827236
25;-0.594011403025941;-0.4529942984914026;4.869855350827236
26;-0.594011403025941;-0.4529942984914026;4.869855350827236
27;-0.594011403025941;-0.4529942984914026;4.869855350827236
28;-0.594011403025941;-0.4529942984914026;4.869855350827236
29;-0.594011403025941;-0.4529942984914026;4.869855350827236
30;-0.594011403025941;-0.4529942984914026;4.869855350827236
31;-0.594011403025941;-0.4529942984914026;4.869855350827236
32;-0.594011403025941;-0.4529942984914026;4.869855350827236
33;-0.594011403025941;-0.4529942984914026;4.869855350827236
34;-0.594011403025941;-0.4529942984914026;4.869855350827236
35;-0.594011403025941;-0.4529942984914026;4.869855350827236
36;-0.594011403025941;-0.4529942984914026;4.869855350827236
37;-0.594011403025941;-0.4529942984914026;4.869855350827236
38;-0.594011403025941;-0.4529942984914026;4.869855350827236
39;-0.594011403025941;-0.4529942984914026;4.869855350827236
40;-0.594011403025941;-0.4529942984914026;4.869855350827236
41;-0.594011403025941;-0.4529942984914026;4.869855350827236
42;-0.594011403025941;-0.4529942984914026;4.869855350827236
43;-0.594011403025941;-0.4529942984914026;4.869855350827236
44;-0.594011403025941;-0.4529942984914026;4.869855350827236
45;-0.594011403025941;-0.4529942984914026;4.869855350827236
46;-0.594011403025941;-0.4529942984914026;4.869855350827236
47;-0.594011403025941;-0.4529942984914026;4.869855350827236
48;-0.594011403025941;-0.4529942984914026;4.869855350827236
49;-0.594011403025941;-0.4529942984914026;4.869855350827236
50;-0.594011403025941;-0.4529942984914026;4.869855350827236
51;-0.594011403025941;-0.4529942984914026;4.869855350827236
52;-0.594011403025941;-0.4529942984914026;4.869855350827236
53;-0.594011403025941;-0.4529942984914026;4.869855350827236
54;-0.594011403025941;-0.4529942984914026;4.869855350827236
55;-0.594011403025941;-0.4529942984914026;4.869855350827236
56;-0.594011403025941;-0.4529942984914026;4.869855350827236
57;-0.594011403025941;-0.4529942984914026;4.869855350827236
58;-0.594011403025941;-0.4529942984914026;4.869855350827236
59;-0.594011403025941;-0.4529942984914026;4.869855350827236
60;-0.594011403025941;-0.4529942984914026;4.869855350827236
61;-0.594011403025941;-0.4529942984914026;4.869855350827236
62;-0.594011403025941;-0.4529942984914026;4.869855350827236
63;-0.594011403025941;-0.4529942984914026;4.869855350827236
64;-0.594011403025941;-0.4529942984914026;4.869855350827236
65;-0.594011403025941;-0.4529942984914026;4.869855350827236
66;-0.594011403025941;-0.4529942984914026;4.869855350827236
67;-0.594011403025941;-0.4529942984914026;4.869855350827236
68;-0.594011403025941;-0.4529942984914026;4.869855350827236
69;-0.594011403025941;-0.4529942984914026;4.869855350827236
70;-0.594011403025941;-0.4529942984914026;4.869855350827236
71;-0.594011403025941;-0.4529942984914026;4.869855350827236
72;-0.594011403025941;-0.4529942984914026;4.869855350827236
73;-0.594011403025941;-0.4529942984914026;4.869855350827236
74;-0.594011403025941;-0.4529942984914026;4.869855350827236
75;-0.594011403025941;-0.4529942984914026;4.869855350827236
76;-0.594011403025941;-0.4529942984914026;4.869855350827236
77;-0.594011403025941;-0.4529942984914026;4.869855350827236
78;-0.594011403025941;-0.4529942984914026;4.869855350827236
79;-0.594011403025941;-0.4529942984914026;4.869855350827236
80;-0.594011403025941;-0.4529942984914026;4.869855350827236
81;-0.594011403025941;-0.4529942984914026;4.869855350827236
82;-0.594011403025941;-0.4529942984914026;4.869855350827236
83;-0.594011403025941;-0.4529942984914026;4.869855350827236
84;-0.594011403025941;-0.4529942984914026;4.869855350827236
85;-0.594011403025941;-0.4529942984914026;4.869855350827236
86;-0.594011403025941;-0.4529942984914026;4.869855350827236
87;-0.594011403025941;-0.4529942984914026;4.869855350827236
88;-0.594011403025941;-0.4529942984914026;4.869855350827236
89;-0.594011403025941;-0.4529942984914026;4.869855350827236
90;-0.594011403025941;-0.4529942984914026;4.869855350827236
91;-0.594011403025941;-0.4529942984914026;4.869855350827236
92;-0.594011403025941;-0.4529942984914026;4.869855350827236
93;-0.594011403025941;-0.4529942984914026;4.869855350827236
94;-0.594011403025941;-0.4529942984914026;4.869855350827236
95;-0.594011403025941;-0.4529942984914026;4.869855350827236
96;-0.594011403025941;-0.4529942984914026;4.869855350827236
97;-0.594011403025941;-0.4529942984914026;4.869855350827236
98;-0.594011403025941;-0.4529942984914026;4.869855350827236
99;-0.594011403025941;-0.4529942984914026;4.869855350827236
100;-0.594011403025941;-0.4529942984914026;4.869855350827236
101;-0.594011403025941;-0.4529942984914026;4.869855350827236
102;-0.594011403025941;-0.4529942984914026;4.869855350827236
103;-0.594011403025941;-0.4529942984914026;4.869855350827236
104;-0.594011403025941;-0.4529942984914026;4.869855350827236
105;-0.594011403025941;-0.4529942984914026;4.869855350827236
106;-0.594011403025941;-0.4529942984914026;4.869855350827236
107;-0.594011403025941;-0.4529942984914026;4.869855350827236
108;-0.594011403025941;-0.4529942984914026;4.869855350827236
109;-0.594011403025941;-0.4529942984914026;4.869855350827236
110;-0.594011403025941;-0.4529942984914026;4.869855350827236
111;-0.594011403025941;-0.4529942984914026;4.869855350827236
112;-0.594011403025941;-0.4529942984914026;4.869855350827236
113;-0.594011403025941;-0.4529942984914026;4.869855350827236
114;-0.594011403025941;-0.4529942984914026;4.869855350827236
115;-0.594011403025941;-0.4529942984914026;4.869855350827236
116;-0.594011403025941;-0.4529942984914026;4.869855350827236
117;-0.594011403025941;-0.4529942984914026;4.869855350827236
118;-0.594011403025941;-0.4529942984914026;4.869855350827236
119;-0.594011403025941;-0.4529942984914026;4.869855350827236
120;-0.594011403025941;-0.4529942984914026;4.869855350827236
121;-0.594011403025941;-0.4529942984914026;4.869855350827236
122;-0.594011403025941;-0.4529942984914026;4.869855350827236
123;-0.594011403025941;-0.4529942984914026;4.869855350827236
124;-0.594011403025941;-0.4529942984914026;4.869855350827236
125;-0.594011403025941;-0.4529942984914026;4.869855350827236
126;-0.594011403025941;-0.4529942984914026;4.869855350827236
127;-0.594011403025941;-0.4529942984914026;4.869855350827236
128;-0.594011403025941;-0.4529942984914026;4.869855350827236
129;-0.594011403025941;-0.4529942984914026;4.869855350827236
130;-0.594011403025941;-0.4529942984914026;4.869855350827236
131;-0.594011403025941;-0.4529942984914026;4.869855350827236
132;-0.594011403025941;-0.4529942984914026;4.869855350827236
133;-0.594011403025941;-0.4529942984914026;4.869855350827236
134;-0.594011403025941;-0.4529942984914026;4.869855350827236
135;-0.594011403025941;-0.4529942984914026;4.869855350827236
136;-0.594011403025941;-0.4529942984914026;4.869855350827236
137;-0.594011403025941;-0.4529942984914026;4.869855350827236
138;-0.594011403025941;-0.4529942984914026;4.869855350827236
139;-0.594011403025941;-0.4529942984914026;4.869855350827236
140;-0.594011403025941;-0.4529942984914026;4.869855350827236
141;-0.594011403025941;-0.4529942984914026;4.869855350827236
142;-0.594011403025941;-0.4529942984914026;4.869855350827236
143;-0.594011403025941;-0.4529942984914026;4.869855350827236
144;-0.594011403025941;-0.4529942984914026;4.869855350827236
145;-0.594011403025941;-0.4529942984914026;4.869855350827236
146;-0.594011403025941;-0.4529942984914026;4.869855350827236
147;-0.594011403025941;-0.4529942984914026;4.869855350827236
148;-0.594011403025941;-0.4529942984914026;4.869855350827236
149;-0.594011403025941;-0.4529942984914026;4.869855350827236
150;-0.594011403025941;-0.4529942984914026;4.869855350827236
151;-0.594011403025941;-0.4529942984914026;4.869855350827236
152;-0.594011403025941;-0.4529942984914026;4.869855350827236
153;-0.594011403025941;-0.4529942984914026;4.869855350827236
154;-0.594011403025941;-0.4529942984914026;4.869855350827236
155;-0.594011403025941;-0.4529942984914026;4.869855350827236
156;-0.594011403025941;-0.4529942984914026;4.869855350827236
157;-0.594011403025941;-0.4529942984914026;4.869855350827236
158;-0.594011403025941;-0.4529942984914026;4.869855350827236
159;-0.594011403025941;-0.4529942984914026;4.869855350827236
160;-0.594011403025941;-0.4529942984914026;4.869855350827236
161;-0.594011403025941;-0.4529942984914026;4.869855350827236
162;-0.594011403025941;-0.4529942984914026;4.869855350827236
163;-0.594011403025941;-0.4529942984914026;4.869855350827236
164;-0.594011403025941;-0.4529942984914026;4.869855350827236
165;-0.594011403025941;-0.4529942984914026;4.869855350827236
166;-0.594011403025941;-0.4529942984914026;4.869855350827236
167;-0.594011403025941;-0.4529942984914026;4.869855350827236
168;-0.594011403025941;-0.4529942984914026;4.869855350827236
169;-0.594011403025941;-0.4529942984914026;4.869855350827236
170;-0.594011403025941;-0.4529942984914026;4.869855350827236
171;-0.594011403025941;-0.4529942984914026;4.869855350827236
172;-0.594011403025941;-0.4529942984914026;4.869855350827236
173;-0.594011403025941;-0.4529942984914026;4.869855350827236
174;-0.594011403025941;-0.4529942984914026;4.869855350827236
175;-0.594011403025941;-0.4529942984914026;4.869855350827236
176;-0.594011403025941;-0.4529942984914026;4.869855350827236
177;-0.594011403025941;-0.4529942984914026;4.869855350827236
178;-0.594011403025941;-0.4529942984914026;4.869855350827236
179;-0.594011403025941;-0.4529942984914026;4.869855350827236
180;-0.594011403025941;-0.4529942984914026;4.869855350827236
181;-0.594011403025941;-0.4529942984914026;4.869855350827236
182;-0.594011403025941;-0.4529942984914026;4.869855350827236
183;-0.594011403025941;-0.4529942984914026;4.869855350827236
184;-0.594011403025941;-0.4529942984914026;4.869855350827236
185;-0.594011403025941;-0.4529942984914026;4.869855350827236
186;-0.594011403025941;-0.4529942984914026;4.869855350827236
187;-0.594011403025941;-0.4529942984914026;4.869855350827236
188;-0.594011403025941;-0.4529942984914026;4.869855350827236
189;-0.594011403025941;-0.4529942984914026;4.869855350827236
190;-0.594011403025941;-0.4529942984914026;4.869855350827236
191;-0.594011403025941;-0.4529942984914026;4.869855350827236
192;-0.594011403025941;-0.4529942984914026;4.869855350827236
193;-0.594011403025941;-0.4529942984914026;4.869855350827236
194;-0.594011403025941;-0.4529942984914026;4.869855350827236
195;-0.594011403025941;-0.4529942984914026;4.869855350827236
196;-0.594011403025941;-0.4529942984914026;4.869855350827236
197;-0.594011403025941;-0.4529942984914026;4.869855350827236
198;-0.594011403025941;-0.4529942984914026;4.869855350827236
199;-0.594011403025941;-0.4529942984914026;4.869855350827236
200;-0.594011403025941;-0.4529942984914026;4.869855350827236
201;-0.594011403025941;-0.4529942984914026;4.869855350827236
202;-0.594011403025941;-0.4529942984914026;4.869855350827236
203;-0.594011403025941;-0.4529942984914026;4.869855350827236
204;-0.594011403025941;-0.4529942984914026;4.869855350827236
205;-0.594011403025941;-0.4529942984914026;4.869855350827236
206;-0.594011403025941;-0.4529942984914026;4.869855350827236
207;-0.594011403025941;-0.4529942984914026;4.869855350827236
208;-0.594011403025941;-0.4529942984914026;4.869855350827236
209;-0.594011403025941;-0.4529942984914026;4.869855350827236
210;-0.594011403025941;-0.4529942984914026;4.869855350827236
211;-0.594011403025941;-0.4529942984914026;4.869855350827236
212;-0.594011403025941;-0.4529942984914026;4.869855350827236
213;-0.594011403025941;-0.4529942984914026;4.869855350827236
214;-0.594011403025941;-0.4529942984914026;4.869855350827236
215;-0.594011403025941;-0.4529942984914026;4.869855350827236
216;-0.594011403025941;-0.4529942984914026;4.869855350827236
217;-0.594011403025941;-0.4529942984914026;4.869855350827236
218;-0.594011403025941;-0.4529942984914026;4.869855350827236
219;-0.594011403025941;-0.4529942984914026;4.869855350827236
220;-0.594011403025941;-0.4529942984914026;4.869855350827236
221;-0.594011403025941;-0.4529942984914026;4.869855350827236
222;-0.594011403025941;-0.4529942984914026;4.869855350827236
223;-0.594011403025941;-0.4529942984914026;4.869855350827236
224;-0.594011403025941;-0.4529942984914026;4.869855350827236
225;-0.594011403025941;-0.4529942984914026;4.869855350827236
226;-0.594011403025941;-0.4529942984914026;4.869855350827236
227;-0.594011403025941;-0.4529942984914026;4.869855350827236
228;-0.594011403025941;-0.4529942984914026;4.869855350827236
229;-0.594011403025941;-0.4529942984914026;4.869855350827236
230;-0.594011403025941;-0.4529942984914026;4.869855350827236
231;-0.594011403025941;-0.4529942984914026;4.869855350827236
232;-0.594011403025941;-0.4529942984914026;4.869855350827236
233;-0.594011403025941;-0.4529942984914026;4.869855350827236
234;-0.594011403025941;-0.4529942984914026;4.869855350827236
235;-0.594011403025941;-0.4529942984914026;4.869855350827236
236;-0.594011403025941;-0.4529942984914026;4.869855350827236
237;-0.594011403025941;-0.4529942984914026;4.869855350827236
238;-0.594011403025941;-0.4529942984914026;4.869855350827236
239;-0.594011403025941;-0.4529942984914026;4.869855350827236
240;-0.594011403025941;-0.4529942984914026;4.869855350827236
241;-0.594011403025941;-0.4529942984914026;4.869855350827236
242;-0.594011403025941;-0.4529942984914026;4.869855350827236
243;-0.594011403025941;-0.4529942984914026;4.869855350827236
244;-0.594011403025941;-0.4529942984914026;4.869855350827236
245;-0.594011403025941;-0.4529942984914026;4.869855350827236
246;-0.594011403025941;-0.4529942984914026;4.869855350827236
247;-0.594011403025941;-0.4529942984914026;4.869855350827236
248;-0.594011403025941;-0.4529942984914026;4.869855350827236
249;-0.594011403025941;-0.4529942984914026;4.869855350827236
250;-0.594011403025941;-0.4529942984914026;4.869855350827236
251;-0.594011403025941;-0.4529942984914026;4.869855350827236
252;-0.594011403025941;-0.4529942984914026;4.869855350827236
253;-0.594011403025941;-0.4529942984914026;4.869855350827236
254;-0.594011403025941;-0.4529942984914026;4.869855350827236
255;-0.594011403025941;-0.4529942984914026;4.869855350827236
256;-0.594011403025941;-0.4529942984914026;4.869855350827236
257;-0.594011403025941;-0.4529942984914026;4.869855350827236
258;-0.594011403025941;-0.4529942984914026;4.869855350827236
259;-0.594011403025941;-0.4529942984914026;4.869855350827236
260;-0.594011403025941;-0.4529942984914026;4.869855350827236
261;-0.594011403025941;-0.4529942984914026;4.869855350827236
262;-0.594011403025941;-0.4529942984914026;4.869855350827236
263;-0.594011403025941;-0.4529942984914026;4.869855350827236
264;-0.594011403025941;-0.4529942984914026;4.869855350827236
265;-0.594011403025941;-0.4529942984914026;4.869855350827236
266;-0.594011403025941;-0.4529942984914026;4.869855350827236
267;-0.594011403025941;-0.4529942984914026;4.869855350827236
268;-0.594011403025941;-0.4529942984914026;4.869855350827236
269;-0.594011403025941;-0.4529942984914026;4.869855350827236
270;-0.594011403025941;-0.4529942984914026;4.869855350827236
271;-0.594011403025941;-0.4529942984914026;4.869855350827236
272;-0.594011403025941;-0.4529942984914026;4.869855350827236
273;-0.594011403025941;-0.4529942984914026;4.869855350827236
274;-0.594011403025941;-0.4529942984914026;4.869855350827236
275;-0.594011403025941;-0.4529942984914026;4.869855350827236
276;-0.594011403025941;-0.4529942984914026;4.869855350827236
277;-0.594011403025941;-0.4529942984914026;4.869855350827236
278;-0.594011403025941;-0.4529942984914026;4.869855350827236
279;-0.594011403025941;-0.4529942984914026;4.869855350827236
280;-0.594011403025941;-0.4529942984914026;4.869855350827236
281;-0.594011403025941;-0.4529942984914026;4.869855350827236
282;-0.594011403025941;-0.4529942984914026;4.869855350827236
283;-0.594011403025941;-0.4529942984914026;4.869855350827236
284;-0.594011403025941;-0.4529942984914026;4.869855350827236
285;-0.594011403025941;-0.4529942984914026;4.869855350827236
286;-0.594011403025941;-0.4529942984914026;4.869855350827236
287;-0.594011403025941;-0.4529942984914026;4.869855350827236
288;-0.594011403025941;-0.4529942984914026;4.869855350827236
289;-0.594011403025941;-0.4529942984914026;4.869855350827236
290;-0.594011403025941;-0.4529942984914026;4.869855350827236
291;-0.594011403025941;-0.4529942984914026;4.869855350827236
292;-0.594011403025941;-0.4529942984914026;4.869855350827236
293;-0.594011403025941;-0.4529942984914026;4.869855350827236
294;-0.594011403025941;-0.4529942984914026;4.869855350827236
295;-0.594011403025941;-0.4529942984914026;4.869855350827236
296;-0.594011403025941;-0.4529942984914026;4.869855350827236
297;-0.594011403025941;-0.4529942984914026;4.869855350827236
298;-0.594011403025941;-0.4529942984914026;4.869855350827236
299;-0.594011403025941;-0.4529942984914026;4.869855350827236
300;-0.594011403025941;-0.4529942984914026;4.869855350827236
301;-0.594011403025941;-0.4529942984914026;4.869855350827236
302;-0.594011403025941;-0.4529942984914026;4.869855350827236
303;-0.594011403025941;-0.4529942984914026;4.869855350827236
304;-0.594011403025941;-0.4529942984914026;4.869855350827236
305;-0.594011403025941;-0.4529942984914026;4.869855350827236
306;-0.594011403025941;-0.4529942984914026;4.869855350827236
307;-0.594011403025941;-0.4529942984914026;4.869855350827236
308;-0.594011403025941;-0.4529942984914026;4.869855350827236
309;-0.594011403025941;-0.4529942984914026;4.869855350827236
310;-0.594011403025941;-0.4529942984914026;4.869855350827236
311;-0.594011403025941;-0.4529942984914026;4.869855350827236
312;-0.594011403025941;-0.4529942984914026;4.869855350827236
313;-0.594011403025941;-0.4529942984914026;4.869855350827236
314;-0.594011403025941;-0.4529942984914026;4.869855350827236
315;-0.594011403025941;-0.4529942984914026;4.869855350827236
316;-0.594011403025941;-0.4529942984914026;4.869855350827236
317;-0.594011403025941;-0.4529942984914026;4.869855350827236
318;-0.594011403025941;-0.4529942984914026;4.869855350827236
319;-0.594011403025941;-0.4529942984914026;4.869855350827236
320;-0.594011403025941;-0.4529942984914026;4.869855350827236
321;-0.594011403025941;-0.4529942984914026;4.869855350827236
322;-0.594011403025941;-0.4529942984914026;4.869855350827236
323;-0.594011403025941;-0.4529942984914026;4.869855350827236
324;-0.594011403025941;-0.4529942984914026;4.869855350827236
325;-0.594011403025941;-0.4529942984914026;4.869855350827236
326;-0.594011403025941;-0.4529942984914026;4.869855350827236
327;-0.594011403025941;-0.4529942984914026;4.869855350827236
328;-0.594011403025941;-0.4529942984914026;4.869855350827236
329;-0.594011403025941;-0.4529942984914026;4.869855350827236
330;-0.594011403025941;-0.4529942984914026;4.869855350827236
331;-0.594011403025941;-0.4529942984914026;4.869855350827236
332;-0.594011403025941;-0.4529942984914026;4.869855350827236
333;-0.594011403025941;-0.4529942984914026;4.869855350827236
334;-0.594011403025941;-0.4529942984914026;4.869855350827236
335;-0.594011403025941;-0.4529942984914026;4.869855350827236
336;-0.594011403025941;-0.4529942984914026;4.869855350827236
337;-0.594011403025941;-0.4529942984914026;4.869855350827236
338;-0.594011403025941;-0.4529942984914026;4.869855350827236
339;-0.594011403025941;-0.4529942984914026;4.869855350827236
340;-0.594011403025941;-0.4529942984914026;4.869855350827236
341;-0.594011403025941;-0.4529942984914026;4.869855350827236
342;-0.594011403025941;-0.4529942984914026;4.869855350827236
343;-0.594011403025941;-0.4529942984914026;4.869855350827236
344;-0.594011403025941;-0.4529942984914026;4.869855350827236
345;-0.594011403025941;-0.4529942984914026;4.869855350827236
346;-0.594011403025941;-0.4529942984914026;4.869855350827236
347;-0.594011403025941;-0.4529942984914026;4.869855350827236
348;-0.594011403025941;-0.4529942984914026;4.869855350827236
349;-0.594011403025941;-0.4529942984914026;4.869855350827236
350;-0.594011403025941;-0.4529942984914026;4.869855350827236
351;-0.594011403025941;-0.4529942984914026;4.869855350827236
352;-0.594011403025941;-0.4529942984914026;4.869855350827236
353;-0.594011403025941;-0.4529942984914026;4.869855350827236
354;-0.594011403025941;-0.4529942984914026;4.869855350827236
355;-0.594011403025941;-0.4529942984914026;4.869855350827236
356;-0.594011403025941;-0.4529942984914026;4.869855350827236
357;-0.594011403025941;-0.4529942984914026;4.869855350827236
358;-0.594011403025941;-0.4529942984914026;4.869855350827236
359;-0.594011403025941;-0.4529942984914026;4.869855350827236
360;-0.594011403025941;-0.4529942984914026;4.869855350827236
361;-0.594011403025941;-0.4529942984914026;4.869855350827236
362;-0.594011403025941;-0.4529942984914026;4.869855350827236
363;-0.594011403025941;-0.4529942984914026;4.869855350827236
364;-0.594011403025941;-0.4529942984914026;4.869855350827236
365;-0.594011403025941;-0.4529942984914026;4.869855350827236
366;-0.594011403025941;-0.4529942984914026;4.869855350827236
367;-0.594011403025941;-0.4529942984914026;4.869855350827236
368;-0.594011403025941;-0.4529942984914026;4.869855350827236
369;-0.594011403025941;-0.4529942984914026;4.869855350827236
370;-0.594011403025941;-0.4529942984914026;4.869855350827236
371;-0.594011403025941;-0.4529942984914026;4.869855350827236
372;-0.594011403025941;-0.4529942984914026;4.869855350827236
373;-0.594011403025941;-0.4529942984914026;4.869855350827236
374;-0.594011403025941;-0.4529942984914026;4.869855350827236
375;-0.594011403025941;-0.4529942984914026;4.869855350827236
376;-0.594011403025941;-0.4529942984914026;4.869855350827236
377;-0.594011403025941;-0.4529942984914026;4.869855350827236
378;-0.594011403025941;-0.4529942984914026;4.869855350827236
379;-0.594011403025941;-0.4529942984914026;4.869855350827236
380;-0.594011403025941;-0.4529942984914026;4.869855350827236
381;-0.594011403025941;-0.4529942984914026;4.869855350827236
382;-0.594011403025941;-0.4529942984914026;4.869855350827236
383;-0.594011403025941;-0.4529942984914026;4.869855350827236
384;-0.594011403025941;-0.4529942984914026;4.869855350827236
385;-0.594011403025941;-0.4529942984914026;4.869855350827236
386;-0.594011403025941;-0.4529942984914026;4.869855350827236
387;-0.594011403025941;-0.4529942984914026;4.869855350827236
388;-0.594011403025941;-0.4529942984914026;4.869855350827236
389;-0.594011403025941;-0.4529942984914026;4.869855350827236
390;-0.594011403025941;-0.4529942984914026;4.869855350827236
391;-0.594011403025941;-0.4529942984914026;4.869855350827236
392;-0.594011403025941;-0.4529942984914026;4.869855350827236
393;-0.594011403025941;-0.4529942984914026;4.869855350827236
394;-0.594011403025941;-0.4529942984914026;4.869855350827236
395;-0.594011403025941;-0.4529942984914026;4.869855350827236
396;-0.594011403025941;-0.4529942984914026;4.869855350827236
397;-0.594011403025941;-0.4529942984914026;4.869855350827236
398;-0.594011403025941;-0.4529942984914026;4.869855350827236
399;-0.594011403025941;-0.4529942984914026;4.869855350827236
400;-0.594011403025941;-0.4529942984914026;4.869855350827236
401;-0.594011403025941;-0.4529942984914026;4.869855350827236
402;-0.594011403025941;-0.4529942984914026;4.869855350827236
403;-0.594011403025941;-0.4529942984914026;4.869855350827236
