0;-0.4691092539170194;-0.588865326146708;1.5808556724234546
1;-0.4723044918544983;-0.5912650417039216;1.7168242992772014
2;-0.4752673702096062;-0.5937291745958779;1.5781966957838187
3;-0.47807049192212187;-0.5962446030072077;1.5431832605697446
4;-0.4808134074818676;-0.5987919862432352;1.5284678174144901
5;-0.48353454656406303;-0.6013625186777997;1.5228652761749937
6;-0.4862057745659325;-0.6039640990842536;1.5231757731763826
7;-0.4888167837979966;-0.6065912957443937;1.5281479589029467
8;-0.4914121754042534;-0.6092086458406494;1.5372087778704886
9;-0.49407115758923076;-0.6117627010023986;1.550115812865424
10;-0.4968762325192203;-0.6142010924747149;1.566851105089476
11;-0.4998970083163383;-0.6164820694105484;1.5875905148837857
12;-0.5031870296741855;-0.6185757170531095;1.6127092608432039
13;-0.5067853128187305;-0.6204620162235391;1.6428366306679607
14;-0.5107189701144134;-0.6221281382134163;1.6790453079688328
15;-0.5150061632739706;-0.6235658152202721;1.7236326978488974
16;-0.5196589076166336;-0.6247693678491315;1.7901026542776897
17;-0.5246852560599272;-0.6257346456506822;1.8257215711051589
18;-0.5300906852406431;-0.6264586941226868;1.883982377506602
19;-0.5358787730052672;-0.6269397875867276;1.9686337223863088
20;-0.5420513527921481;-0.6271775568248974;2.1212652312046183
21;-0.5486083208926779;-0.6271730881996765;2.160857298002909
22;-0.5555472353908184;-0.6269289667948262;2.1180776783619537
23;-0.5628628132353722;-0.6264492749688861;2.148068909216335
24;-0.5705464084637939;-0.6257395646216818;2.2402317326392156
25;-0.5785855359825618;-0.624806815930727;2.303178772505988
26;-0.5869634880805867;-0.6236593877136529;2.6941402605904194
27;-0.5956590740418164;-0.6223069596732903;2.2943700970297285
28;-0.6046464976057044;-0.6207604659075412;2.253784674688352
29;-0.6138953739904648;-0.6190320211909506;2.260408803100153
30;-0.6233708789570356;-0.6171348443646979;2.307259310131158
31;-0.633034017570736;-0.6150831843895059;2.450615991124418
32;-0.6428419997695622;-0.6128922528862568;2.4096494118590863
33;-0.6527487126763134;-0.6105781623677162;2.3686696434994903
34;-0.6627052843252978;-0.6081578630810722;2.4172301542187005
35;-0.6726607383808367;-0.6056490652342419;2.7017876215200567
36;-0.6825627428620833;-0.6030701290837315;2.4193572018980247
37;-0.6923584565878996;-0.6004399040977104;2.267260145668204
38;-0.701995474276127;-0.5977775006582465;2.1937226349438417
39;-0.7114228647967258;-0.5951019833864929;2.1746526179136176
40;-0.7205922873374052;-0.5924319835597347;2.553192049406067
41;-0.7294591580075934;-0.5897852383392364;2.043742582148682
42;-0.7379838259022737;-0.5871780755553919;1.921223577711931
43;-0.7461327044452962;-0.5846248733893861;1.8329550656418232
44;-0.7538792927985094;-0.5821375331577375;1.7611705042325891
45;-0.7612050153212262;-0.5797250092445394;1.700092654708362
46;-0.7680998065852729;-0.5773929418289767;1.6471297898675963
47;-0.7745623771285836;-0.575143434477362;1.6010021650317598
48;-0.7806001121041738;-0.5729750094513539;1.5611679108191185
49;-0.7862285811255795;-0.5708827590207253;1.5276897955252402
50;-0.7914706709663785;-0.5688586924416499;1.501454026792173
51;-0.79635538926327;-0.5668922579208601;1.485286419670806
52;-0.8009164211401855;-0.5649710000257965;1.490845892103564
53;-0.8051905452394829;-0.5630812990379115;1.5005875296526223
54;-0.8092160257406524;-0.5612091324057347;1.4098164748281303
55;-0.8130310903142226;-0.5593408008778964;1.362342356510321
56;-0.816672582329912;-0.5574635721916891;1.3274146835962062
57;-0.8201748442638712;-0.5555662106927485;1.300083156792998
58;-0.8235688551490039;-0.5536393784129517;1.2786271012522124
59;-0.8268816146478186;-0.5516759086117128;1.2622992169547278
60;-0.8301357442867101;-0.5496709643488644;1.250772764742843
61;-0.8333492641551469;-0.5476221014593946;1.2439590925198498
62;-0.8365355001317408;-0.5455292576855255;1.2419464416362345
63;-0.8397030802347883;-0.5433946887365995;1.2449977910264465
64;-0.8428559864067051;-0.5412228689380338;1.2536013948956952
65;-0.8459936376619881;-0.5390203699914922;1.2686123607198967
66;-0.8491109904442382;-0.5367957269852973;1.291638971353607
67;-0.8521986512973089;-0.5345592966427677;1.326381332040087
68;-0.8552430050904278;-0.5323231091277488;1.3869406554056558
69;-0.8582263688292476;-0.5301007116773883;1.4365236933129741
70;-0.8611271863627624;-0.527907000015403;1.411732510274847
71;-0.8639202828065109;-0.525758032056438;1.4286759409342022
72;-0.8665771988697587;-0.5236708180210347;1.4643812455878205
73;-0.8690666240368576;-0.5216630819240169;1.5173738198810816
74;-0.8713549432570138;-0.5197529916104122;1.5918869672314686
75;-0.8734069041269166;-0.5179588581099297;1.7229424048743098
76;-0.8751864004810455;-0.5162988098959962;1.8128798630341338
77;-0.8766573542551719;-0.5147904532533966;2.012954069802988
78;-0.8777846614698022;-0.5134505356713395;2.4946438760681886
79;-0.8785351519014447;-0.5122946339698292;2.3462901720570697
80;-0.878878497930199;-0.5113368914460721;1.9630767527575101
81;-0.8787879993642222;-0.5105898272307837;1.7785319089373148
82;-0.8782411715749427;-0.5100642348211334;1.65940707313517
83;-0.8772200782851984;-0.5097691742590398;1.5738635882403789
84;-0.8757113820023268;-0.5097120432272941;1.508895886871368
85;-0.8737061372230159;-0.5098986873465362;1.4576463562768747
86;-0.8711994230911628;-0.5103334822077217;1.4158059411008703
87;-0.8681899940021546;-0.5110192951707659;1.380267641433559
88;-0.8646801970829087;-0.5119572229702153;1.3485617892655952
89;-0.8606764302220249;-0.5131460128605944;1.3186484533199114
90;-0.8561903563759645;-0.5145811193144982;1.2889048880380232
91;-0.8512409312988357;-0.5162534252836264;1.2581964058807737
92;-0.8458570666608901;-0.518147752774685;1.225920470149266
93;-0.8400805082722863;-0.5202413753001642;1.1919511210828282
94;-0.833968347406682;-0.5225027955752025;1.1564922210083646
95;-0.8275945641315077;-0.5248910477620974;1.1199087176615319
96;-0.8210501335615983;-0.5273557248669877;1.0825999400920938
97;-0.814441467749789;-0.5298378334681331;1.0449352038274882
98;-0.8078872507756643;-0.5322714612051335;1.0072375041277437
99;-0.801513984410929;-0.5345861297475082;0.9697916749344471
100;-0.7954507424893249;-0.5367096181529692;0.9328591339829824
101;-0.789823703425357;-0.5385709947243869;0.8966900660528425
102;-0.7847509911907267;-0.5401035960679812;0.8615301981788579
103;-0.7803382322875732;-0.5412477337083375;0.8276225802709749
104;-0.7766750736438319;-0.5419529746469954;0.7952059654362134
105;-0.7738327483574923;-0.542179912620716;0.7645114741467136
106;-0.7718626539872777;-0.5419014056094169;0.7357588709189401
107;-0.7707958335997362;-0.5411032947510184;0.709153330644956
108;-0.7706432184449733;-0.5397846407658204;0.6848831859101445
109;-0.7713964891455252;-0.5379575219022035;0.6631188848202336
110;-0.7730294242375306;-0.5356464393506044;0.6440132613777814
111;-0.7754996188728929;-0.5328873777951333;0.6277032278741808
112;-0.7787504660399756;-0.5297265734178984;0.6143131657256437
113;-0.782713296568853;-0.5262190495985483;0.6039607184088127
114;-0.7873095750232885;-0.5224269898904568;0.5967666878275515
115;-0.7924530509931467;-0.5184180253716982;0.5928732656059745
116;-0.7980517744355022;-0.5142635155412328;0.5924822696134469
117;-0.8040099037635772;-0.5100368955686135;0.5959519974691587
118;-0.8102292680905077;-0.5058121465817116;0.6041258225710666
119;-0.8166106882003159;-0.5016624210134875;0.6203437901088545
120;-0.8230551074476559;-0.4976588259700502;0.6361201786791078
121;-0.8294646229219999;-0.49386934057336385;0.6337686271180705
122;-0.8357435270622435;-0.4903578252107785;0.6432158776927487
123;-0.8417994624484489;-0.4871830765520476;0.6581365599653057
124;-0.8475447571703819;-0.484397893123232;0.6775596176830293
125;-0.8528979524157316;-0.4820481389864524;0.7013543922657896
126;-0.8577854702131178;-0.480171821705355;0.7297924611065766
127;-0.862143310673863;-0.4787982287197816;0.763556074957942
128;-0.8659186248855916;-0.47794718806547964;0.8039936607924894
129;-0.8690709882229346;-0.4776285313817875;0.853876698050497
130;-0.8715732023271832;-0.47784183732046837;0.9199986975400818
131;-0.8734114828969811;-0.4785765211380679;1.0281403180811286
132;-0.874584942808052;-0.47981231212829173;1.150600114068808
133;-0.8751043509980819;-0.48152012697479407;1.0277594601919455
134;-0.8749902285127713;-0.4836633082694888;1.00178575113342
135;-0.8742704224301459;-0.48619915913534895;0.9997338858903242
136;-0.872977362979414;-0.4890806735740012;1.01050673157744
137;-0.871145247535154;-0.49225834345744385;1.0305460108351752
138;-0.8688074005746251;-0.49568192019903945;1.058650226372842
139;-0.8659940313250479;-0.49930202179686245;1.0948017500377547
140;-0.8627305577536886;-0.5030715004467167;1.1399539665847365
141;-0.8590365983405264;-0.5069465163802316;1.1963686576840942
142;-0.8549256641527807;-0.5108872938160125;1.2689062010974228
143;-0.850405523010844;-0.5148585602411359;1.3696680133173913
144;-0.8454791605355164;-0.5188296884662636;1.5451887143240852
145;-0.8401462308681975;-0.5227745722283119;1.734810966129065
146;-0.8344048712699492;-0.5266712723127509;1.5007270820600984
147;-0.8282537468962212;-0.5305014734386961;1.4328250132281926
148;-0.8216941921619065;-0.5342497942519823;1.405222682589591
149;-0.814732321199726;-0.5379029945933329;1.3986963204843377
150;-0.8073809905022089;-0.5414491258013645;1.411025675211027
151;-0.7996615108556027;-0.5448766706957797;1.4165535613358613
152;-0.7916050223179429;-0.5481737194346092;1.4195157258289635
153;-0.7832534646430669;-0.5513272251610006;1.433412049381858
154;-0.7746600956898769;-0.5543223790481308;1.453438605411652
155;-0.7658895314493951;-0.5571421381181085;1.4781475396194166
156;-0.7570173027137339;-0.5597669313928886;1.5068232162932822
157;-0.7481289442784362;-0.5621745610126955;1.539064009276773
158;-0.739318651980615;-0.5643403054589698;1.5746533798825941
159;-0.7306875599108299;-0.5662372224564801;1.6135081281855919
160;-0.7223417040217494;-0.5678366399647504;1.6556564128882416
161;-0.7143897485528408;-0.5691088153044968;1.701231236645439
162;-0.7069405579315229;-0.5700237352448712;1.7504748659031737
163;-0.7001006990920269;-0.5705520240898865;1.8037537364300795
164;-0.6939719576910799;-0.5706659226717343;1.8615861308462662
165;-0.6886489468871124;-0.5703402988315461;1.9246880439657672
166;-0.6842168797078748;-0.569553649498479;1.994047741639821
167;-0.680749566164016;-0.5682890558184742;2.071049336985494
168;-0.6783076848174612;-0.5665350557881575;2.1576867334722287
169;-0.6769373661283496;-0.5642864032849407;2.256958999630241
170;-0.676669112195831;-0.5615446879546273;2.3736707057831508
171;-0.6775170650341944;-0.5583187967841472;2.516274975633925
172;-0.6794786237785884;-0.5546252049899982;2.702035628885035
173;-0.6825344006192604;-0.5504880907281023;2.9774962317088622
174;-0.6866484961842028;-0.5459392747206285;3.710907327326505
175;-0.6917690678358736;-0.541017991860236;3.579227185758472
176;-0.6978291591688223;-0.5357705068831504;3.147170187142466
177;-0.7047477560690821;-0.5302495900390755;2.8950525958074533
178;-0.7124310341001483;-0.5245138711390858;2.7604139659767695
179;-0.7207737636555847;-0.5186270913392018;2.679045468999276
180;-0.7296608430379797;-0.5126572715409314;2.6312380848997474
181;-0.7389689349748432;-0.5066758145116936;2.608639412902699
182;-0.7485681884691929;-0.5007565550220657;2.6073914779412863
183;-0.7583240345603803;-0.49497476884119046;2.6258765332884266
184;-0.768099050696304;-0.4894061477759562;2.6637722363296166
185;-0.7777548931195888;-0.4841257445659779;2.721533038686755
186;-0.7871542991205684;-0.47920688883117707;2.799903253959285
187;-0.7961631605012385;-0.474720073847121;2.899077432613998
188;-0.8046526656116582;-0.4707318140596524;3.0169184101110016
189;-0.8125014996158623;-0.4673034752108727;3.1457739498510566
190;-0.8195980813163011;-0.4644900828718316;3.2708238014056286
191;-0.8258428004387367;-0.46233912103925356;3.385743751208614
192;-0.8311502027761343;-0.4608893400263492;3.579267810987165
193;-0.8354510535731479;-0.46016960168679555;3.521575621098793
194;-0.8386941940831256;-0.4601977993043398;3.0556632877584455
195;-0.8408480948240411;-0.46097989822778784;2.77296173009268
196;-0.841902004317133;-0.4625091502751388;2.5512209655653537
197;-0.8418665963811496;-0.4647655387091824;2.366646342177826
198;-0.8407740339993671;-0.46771550992910604;2.2093586949933073
199;-0.8386773937436884;-0.4713120419991297;2.0737307565235
200;-0.835649430449408;-0.4754950884141485;1.9560450642896576
201;-0.8317807042296748;-0.48019241854217587;1.8536595958806998
202;-0.8271771364183916;-0.48532085528852753;1.7646233729654313
203;-0.8219571021708831;-0.4907878877204;1.6874680556981174
204;-0.8162481998228732;-0.49649361410745757;1.621083770207145
205;-0.8101838563660946;-0.5023329514961308;1.5646416267232932
206;-0.8038999320984241;-0.5081980335182257;1.5175453030428188
207;-0.7975314755420635;-0.5139807098398428;1.479402985888189
208;-0.7912097542747031;-0.519575058771434;1.4500159337997103
209;-0.785059652351884;-0.5248798285206906;1.4293836595127938
210;-0.7791974854809975;-0.5298007311886666;1.4177298474904747
211;-0.7737292461452059;-0.5342525253753048;1.415559560151594
212;-0.7687492569647314;-0.5381608366307145;1.4237709630464652
213;-0.7643391850813019;-0.541463678606508;1.4438738657017312
214;-0.7605673552101656;-0.5441126505788115;1.478443642340673
215;-0.7574882947241659;-0.5460737983294311;1.5321735719397118
216;-0.7551424498927136;-0.5473281348127724;1.6147869435643496
217;-0.7535560262814813;-0.547871824521392;1.7519797005427027
218;-0.7527409256227695;-0.5477160411514386;2.070122303654139
219;-0.7526947730349558;-0.5468865124115939;2.0184232164102482
220;-0.7534010490445783;-0.5454227691048887;1.7470543280216655
221;-0.7548293574356735;-0.5433771185067301;1.6268274880660418
222;-0.7569358700757864;-0.5408133651281516;1.5574796013080126
223;-0.759663991951163;-0.5378053056617601;1.51677378137928
224;-0.7629452831571517;-0.5344350295349342;1.4976244373399967
225;-0.7667006602243749;-0.5307910620142577;1.5413578315295975
226;-0.7708418788843162;-0.5269663927947987;1.4843256181219544
227;-0.7752732773477004;-0.5230564386033161;1.4862582655868555
228;-0.7798937374205299;-0.5191569922918133;1.500999032712915
229;-0.7845988045930772;-0.5153622117638836;1.526501128910069
230;-0.7892829011385026;-0.5117626986467124;1.5625223490031546
231;-0.7938415698338797;-0.5084437084369006;1.60985078821369
232;-0.7981736987674757;-0.5054835217052989;1.6706160200748341
233;-0.8021836951530599;-0.5029519920896816;1.7497072790078616
234;-0.8057835911758894;-0.5009092745492403;1.8606494055258258
235;-0.8088950706852419;-0.4994047300879836;2.0893159088670967
236;-0.81145139794704;-0.498476003015168;2.0608516568565305
237;-0.8133992096625784;-0.49814827364480313;2.1844683563639666
238;-0.8147001053535434;-0.49843370048855906;2.0971039061122294
239;-0.8153319486251589;-0.4993310771463369;2.1467208617527493
240;-0.8152897821894943;-0.500825735791898;2.2557651287137226
241;-0.8145862686962895;-0.5028897283531635;2.44119859788037
242;-0.8132515976237228;-0.5054823075267678;2.559549012987179
243;-0.8113328404446145;-0.5085507143805332;2.338643797455032
244;-0.8088927830397536;-0.5120312608903643;2.1657318936748187
245;-0.8060083060148517;-0.5158506782453142;2.0540417835290983
246;-0.8027684121800318;-0.5199276884106694;1.9825605939197746
247;-0.7992720117545858;-0.5241747490857231;1.9464281393977956
248;-0.7956255701385542;-0.5284999209100858;1.9594372245115617
249;-0.7919407045234231;-0.5328088091379042;2.211909653317891
250;-0.7883317907287155;-0.5370065377176636;1.9943161699981198
251;-0.7849136173767725;-0.5409997193969607;2.2109076854054215
252;-0.7817991063970807;-0.5446983893171748;1.6916967537997807
253;-0.779097109886276;-0.5480178707730716;1.4858887913500087
254;-0.7769102936596565;-0.5508805406630142;1.3394854095438968
255;-0.7753331250531372;-0.5532174597846088;1.2266785054402394
256;-0.7744499927395331;-0.5549698311486585;1.144045423016856
257;-0.7743334951355658;-0.5560902495303365;1.1509835613656638
258;-0.7750429376605934;-0.5565437088178127;0.9718101594969928
259;-0.7766230754096466;-0.5563083409540788;0.864443468738937
260;-0.779103126425073;-0.5553758711695032;0.7800382971827853
261;-0.7824960634123388;-0.5537517877093963;0.7091615241514829
262;-0.7867981718328084;-0.551455238620978;0.6486672805844562
263;-0.7919888441997679;-0.5485186812043046;0.596992457410261
264;-0.7980305686223302;-0.544987319206101;0.5531934409700356
265;-0.8048690679728533;-0.5409183667998528;0.5166274497637419
266;-0.8124335568137895;-0.5363801755559753;0.48681533503974056
267;-0.8206371067311087;-0.531451250607736;0.4633707415408393
268;-0.8293771450268848;-0.5262191658541856;0.445957920852377
269;-0.8385361525440026;-0.5207793673509034;0.43426338826705174
270;-0.8479826673335809;-0.5152338322640613;0.4279748311377955
271;-0.8575727339057416;-0.5096895321023924;0.42676410695617817
272;-0.8671519540977292;-0.5042566380832748;0.43027282058601213
273;-0.8765582866883264;-0.4990464079305367;0.43809990144417194
274;-0.885625702175967;-0.49416871062440054;0.44979122617412354
275;-0.8941887235842702;-0.4897291802231769;0.4648318154811045
276;-0.9020877761027546;-0.4858260407522406;0.48264152564188395
277;-0.9091751371251141;-0.4825467068954521;0.5025754384623919
278;-0.915321140930457;-0.47996433185750625;0.523930262127337
279;-0.9204201729727028;-0.47813453318254073;0.5459578913429591
280;-0.9243959151863802;-0.47709256667844324;0.5678867380139011
281;-0.9272053007953882;-0.47685122592948104;0.5889504820821951
282;-0.9288407187911374;-0.477399712493812;0.6084225708471859
283;-0.9293301704653285;-0.47870364962502954;0.6256533492309855
284;-0.9287352987745743;-0.480706309166011;0.6401055317456494
285;-0.9271474461126987;-0.48333100382611294;0.6513832823804837
286;-0.9246821031943933;-0.4864844855850198;0.6592507604037963
287;-0.9214722556860528;-0.4900611036355133;0.6636375916855666
288;-0.9176611981476073;-0.49394742356494403;0.6646309239986331
289;-0.9133953688038331;-0.49802699622761315;0.6624558798873001
290;-0.9088176810140438;-0.5021849852063283;0.6574477507540994
291;-0.9040617128796059;-0.5063124064302496;0.6500199003513634
292;-0.8992469899286496;-0.5103097915253255;0.640631143769532
293;-0.8944754768360126;-0.5140901480602798;0.6297556549756089
294;-0.889829295111285;-0.5175811477484034;0.6178575909297577
295;-0.8853696100893518;-0.5207265234704351;0.605371855729756
296;-0.8811365822762096;-0.5234866958687612;0.5926918514045998
297;-0.8771502512563285;-0.5258386803541942;0.5801646096342163
298;-0.8734122090909212;-0.5277753470173918;0.5680932060495361
299;-0.8699079181317014;-0.5293041210385898;0.5567456312513015
300;-0.8666095299302043;-0.530445221601596;0.5463682377256449
301;-0.8634790635503105;-0.531229544468451;0.5372007318257294
302;-0.8604718012683816;-0.5316962980361379;0.529489150137207
303;-0.8575397576565746;-0.5318905049601962;0.5234942383394882
304;-0.8546350764370723;-0.5318604808031138;0.5194953266584563
305;-0.8517132113772503;-0.5316553968398303;0.5177931217431708
306;-0.8487357560805446;-0.5313230253473983;0.5187173723503153
307;-0.8456728050902681;-0.5309077520371938;0.5226469106041344
308;-0.8425047557406027;-0.5304489220715795;0.530052012233081
309;-0.8392234949353843;-0.5299795644882876;0.541576810602233
310;-0.8358329538272253;-0.5295255167012871;0.5582035490310082
311;-0.8323490514336861;-0.5291049482954329;0.581618859493682
312;-0.8287990809342933;-0.5287282637041835;0.6152218659183091
313;-0.8252206164267994;-0.5283983480830001;0.6682811231484549
314;-0.8216600319807436;-0.5281111104076206;0.8631316322171216
315;-0.8181707296416069;-0.5278562722707445;0.7691121002684743
316;-0.8148111707904186;-0.5276183490837874;1.0096105232433765
317;-0.8116427986940039;-0.527377771177687;0.7330887315158868
318;-0.8087279316572227;-0.5271120944835622;0.6506492027439972
319;-0.8061276975763625;-0.5267972532419246;0.6025597585430158
320;-0.8039000726230487;-0.5264088101446784;0.5694338043178273
321;-0.8020980792358209;-0.5259231624307402;0.5452002638409285
322;-0.8007681911158797;-0.5253186659309401;0.5271417399120507
323;-0.7999489849805467;-0.524576643152656;0.5138180855842163
324;-0.7996700700363943;-0.5236822464106949;0.5043922777877399
325;-0.7999513163628195;-0.5226251528200245;0.4983546651488308
326;-0.8008023927726564;-0.5214000745942349;0.4953927995382145
327;-0.8022226135658382;-0.5200070753417781;0.4953242647911206
328;-0.8042010823679511;-0.5184516906304995;0.498060803342776
329;-0.806717110467223;-0.5167448586548352;0.503590500160208
330;-0.8097408772812698;-0.5149026740151336;0.5119728021626153
331;-0.8132342923635105;-0.5129459840189736;0.5233457096627327
332;-0.8171520122654979;-0.5108998521571253;0.5379486260876396
333;-0.8214425621483353;-0.5087929171317989;0.5561707802719549
334;-0.8260495117486574;-0.5066566777168309;0.5786491505055299
335;-0.8309126584507649;-0.5045247336052302;0.6064772194485635
336;-0.8359691768161985;-0.5024320102053412;0.6417061273152855
337;-0.8411547036037874;-0.5004139912545209;0.6888159229717878
338;-0.8464043392416294;-0.49850597755099996;0.7609565525646318
339;-0.8516535595969821;-0.49674238372744073;0.9613744632248664
340;-0.85683904410806;-0.49515607865246736;0.8270995125939338
341;-0.8618994361759843;-0.4937777696601461;0.7791592784663067
342;-0.8667760576681329;-0.4926354271865072;0.7370046081305237
343;-0.8714136004948072;-0.49175374509235925;0.7118661490766726
344;-0.875760814295263;-0.49115363314714644;0.6986430252753026
345;-0.8797712009546976;-0.4908517415833193;0.6919230023267038
346;-0.8834037153548258;-0.4908600226577686;0.6895556374648952
347;-0.8866234593013267;-0.4911853398543544;0.6903918944622186
348;-0.88940234397713;-0.49182914069455497;0.6937327325240086
349;-0.8917196873508371;-0.4927872131137753;0.6991208099727116
350;-0.8935627080682464;-0.49404954723367955;0.7062446470716011
351;-0.8949268771854735;-0.495600323645059;0.7148892162782825
352;-0.8958160936963665;-0.49741804589388305;0.724908752745657
353;-0.8962426585643166;-0.4994758289706601;0.736211607085155
354;-0.8962270337832727;-0.5017418477824527;0.7487526837654528
355;-0.8957973864339923;-0.5041799406062286;0.7625318900289747
356;-0.8949889312205785;-0.5067503532705697;0.7775990318111383
357;-0.8938430971109637;-0.5094106011838815;0.794067785030784
358;-0.8924065532781872;-0.5121164191103271;0.8121448813452595
359;-0.8907301357691751;-0.5148227633868643;0.8321877996815866
360;-0.8888677189118697;-0.5174848284282174;0.8548214468930215
361;-0.8868750745783934;-0.5200590389763527;0.8811926878473448
362;-0.88480875861855;-0.5225039814799534;0.9136065234280255
363;-0.8827250579048491;-0.5247812419215916;0.9575306856681616
364;-0.8806790244459182;-0.5268561229169915;1.031501029966246
365;-0.8787236158450702;-0.5286982195156779;1.2767960776836842
366;-0.8769089547355072;-0.5302818403649987;1.018381072009806
367;-0.8752817141556817;-0.5315862683336433;0.9537373238207558
368;-0.8738846312431792;-0.5325958619674271;0.9141420582124109
369;-0.8727561479043866;-0.5333000059897761;0.8848303767587551
370;-0.8719301737932532;-0.5336929252642367;0.8611134829623088
371;-0.8714359634223351;-0.5337733820815534;0.8409756560002055
372;-0.8712980950049987;-0.5335442812437792;0.823417910364139
373;-0.8715365334028984;-0.5330122111261211;0.8078997449759134
374;-0.8721667534504791;-0.5321869515946218;0.794101708466469
375;-0.8731998935892852;-0.5310809811415208;0.7818076192867285
376;-0.874642904335861;-0.5297090155466617;0.7708397127499169
377;-0.8764986531921115;-0.5280876083581316;0.761020851256978
378;-0.8787659488670004;-0.5262348390686531;0.752153303996147
379;-0.8814394545018152;-0.5241701077394372;0.7440107895507334
380;-0.8845094726095472;-0.5219140450004037;0.7363443373773386
381;-0.8879616031366437;-0.5194885343215645;0.7289038752919205
382;-0.8917762986026061;-0.5169168302345053;0.7214756008956642
383;-0.895928363698342;-0.5142237432733077;0.7139298217278143
384;-0.9003864674395574;-0.511435851505855;0.7062671803599612
385;-0.9051127505193456;-0.5085816912208976;0.6986481800338749
386;-0.9100626162906339;-0.5056918767533813;0.6913967178183981
387;-0.9151847895729721;-0.5027991020463163;0.6849830330768695
388;-0.9204217133592203;-0.4999379841682685;0.6800118591733544
389;-0.9257103307461307;-0.49714472091712475;0.6772788650403089
390;-0.9309832699326781;-0.4944565498284424;0.678130546055682
391;-0.9361704160933901;-0.4919110132382704;0.6873305698780217
392;-0.9412008176303381;-0.48954505234997087;0.6871376280459032
393;-0.9460048382473328;-0.4873939712642862;0.6771627751372707
394;-0.9505164334445708;-0.4854903282203298;0.6762211539653606
395;-0.9546754040080687;-0.4838628242040879;0.6799098479992398
396;-0.9584294640045985;-0.48253526679528264;0.6874733558197246
397;-0.9617359608372518;-0.4815256879109331;0.6990127496181251
398;-0.9645631032711584;-0.48084568670993133;0.7156390658339005
399;-0.9668905910487288;-0.480500053032865;0.7432016615039265
400;-0.9687095945670268;-0.4804867033745167;0.7596341793266652
401;-0.9700220991035235;-0.4807969329928904;0.778644721494427
402;-0.9708396959909065;-0.4814159580403433;0.8511507050601266
403;-0.9711819620553706;-0.48232369484249116;0.7991119737455206
404;-0.9710746084662101;-0.48349570362832195;0.7655379961527953
405;-0.9705475941960648;-0.4849042139022788;0.7496533489615986
406;-0.9696333859953158;-0.486519149188564;0.7409382770320483
407;-0.968365510018557;-0.4883090790495889;0.7367741186072224
408;-0.966777488086538;-0.49024204348887673;0.7364185258794682
409;-0.9649021940214658;-0.49228621567562747;0.7399851341024735
410;-0.962771611979731;-0.494410389983667;0.7483000904559058
411;-0.9604169361650428;-0.49658430094474615;0.76324939595972
412;-0.957868923312895;-0.4987787932662959;0.7891482041035548
413;-0.9551583962523004;-0.5009658730162357;0.8388104572278414
414;-0.9523167966726255;-0.503118675694823;1.011848324832834
415;-0.9493766947358391;-0.5052113888778113;0.8564100927230066
416;-0.9463721789869934;-0.5072191661700858;0.7698406173607498
417;-0.9433390692668657;-0.5091180659304084;0.7191198768344615
418;-0.9403149159721964;-0.5108850429642713;0.682113482649956
419;-0.9373387697258106;-0.5124980143444439;0.6526037100449773
420;-0.9344507254266078;-0.51393601195672;0.6279770250027228
421;-0.9316912629543522;-0.5151794247368922;0.6069315391616715
422;-0.9291004225854043;-0.5162103236053441;0.5887816504860538
423;-0.9267168653808142;-0.5170128527918878;0.573187220355821
424;-0.9245768764487854;-0.5175736636087507;0.5600289545510471
425;-0.9227133714265752;-0.5178823616354324;0.5493439767549061
426;-0.9211549637425023;-0.5179319362138917;0.5412915554220217
427;-0.9199251428670304;-0.517719142131065;0.5361391720095203
428;-0.9190416030825332;-0.5172448069579574;0.5342686284598147
429;-0.9185157498495007;-0.5165140429807826;0.5362098141072821
430;-0.9183523981766282;-0.5155363491368681;0.5427234226983892
431;-0.9185496657964719;-0.5143255950458999;0.554988897947412
432;-0.9190990542657822;-0.5128998854685127;0.575065137419156
433;-0.9199857037571231;-0.5112813089166259;0.6072445592547184
434;-0.921188802313818;-0.5094955784856665;0.6636959155398878
435;-0.922682127472409;-0.5075715762494647;0.8289054351520966
436;-0.9244346970453514;-0.5055408148383446;0.712162138706333
437;-0.9264115060821043;-0.5034368312568331;0.6357244481309108
438;-0.9285743281681844;-0.5012945287658188;0.5988543932287904
439;-0.9308825608729703;-0.4991494829413241;0.5775509440724284
440;-0.9332940969259812;-0.4970372280144795;0.5651265633630884
441;-0.9357662042150414;-0.49499253947090405;0.5586270172091233
442;-0.9382563986280321;-0.49304872879320805;0.5563835045690615
443;-0.9407232938656369;-0.4912369662694333;0.5572789741839381
444;-0.9431274115601243;-0.4895856479867533;0.5604675725576312
445;-0.9454319335004528;-0.4881198234029355;0.5652528554085338
446;-0.947603375915073;-0.4868607000393775;0.5710332424368676
447;-0.9496121642845657;-0.48582524156496476;0.5772801811668014
448;-0.951433086890163;-0.48502587447522993;0.5835335568598228
449;-0.9530456070795387;-0.48447031636935234;0.5894059763825645
450;-0.9544340186384614;-0.4841615352557449;0.5945904555911958
451;-0.9555874358359909;-0.4840978443492725;0.5988675523277016
452;-0.9564996192203148;-0.4842731306982253;0.6021092070265817
453;-0.9571686490675717;-0.484677209198982;0.6042778142752725
454;-0.957596469106786;-0.4852962868155648;0.6054202876019228
455;-0.9577883322272471;-0.4861135158796377;0.605657882794226
456;-0.9577521860130705;-0.4871096108757177;0.6051731437944221
457;-0.9574980383485499;-0.4882635005650609;0.6041955028643498
458;-0.9570373418692311;-0.489552986814612;0.6029869040913397
459;-0.9563824312210454;-0.4909553829095172;0.6018284801367857
460;-0.9555460399444101;-0.4924481070285769;0.6010089328075015
461;-0.9545409155652615;-0.49400921040783896;0.6008149352775711
462;-0.9533795433565774;-0.49561782395691883;0.6015236262809454
463;-0.9520739821800277;-0.4972545112756462;0.6033971114723689
464;-0.9506358103841808;-0.4989015198683496;0.6066788167797647
465;-0.9490761760461723;-0.5005429257921239;0.611591542590407
466;-0.9474059436257423;-0.5021646701113405;0.6183371418383314
467;-0.9456359277777329;-0.5037544886094518;0.6270979020051617
468;-0.9437772038853811;-0.5053017395473993;0.6380400015844765
469;-0.9418414830388484;-0.5067971381625368;0.651319982382216
470;-0.9398415360168034;-0.5082324112832587;0.6670964450478223
471;-0.9377916459420119;-0.5095998909196326;0.6855524050625071
472;-0.9357080627260325;-0.5108920717465337;0.706943423912028
473;-0.9336094248154851;-0.5121011634799428;0.7317227133562827
474;-0.9315171063427213;-0.5132186744051185;0.760986851403368
475;-0.9294554423354955;-0.5142350656564906;0.7997601643508934
476;-0.9274517831790078;-0.5151395161123581;0.8272172656014476
477;-0.9255363338823814;-0.5159198339728561;0.8480065968007963
478;-0.9237417449678735;-0.5165625427319305;0.8777871110108334
479;-0.9221024398166029;-0.5170531565586909;0.9103400100450519
480;-0.9206536864137599;-0.5173766441472669;0.935683612704913
481;-0.9194304466410755;-0.5175180627119988;0.9338274888121512
482;-0.9184660598185399;-0.517463327266837;0.896019607648275
483;-0.9177908354970692;-0.5172000668586549;0.8403421308547652
484;-0.9174306409878829;-0.516718510706397;0.783537176509088
485;-0.9174055708579295;-0.5160123440241975;0.7314495469854501
486;-0.9177287794137153;-0.5150794754924298;0.6851335536360732
487;-0.9184055451034951;-0.5139226649116888;0.6443776102698119
488;-0.9194326203651255;-0.5125499691409101;0.6087646934096127
489;-0.9207979040217664;-0.510974975594673;0.5779254818191912
490;-0.9224804573139704;-0.5092168042961271;0.5515750084016038
491;-0.9244508694401494;-0.5072998711690141;0.5294983834708946
492;-0.9266719635725972;-0.5052534167645378;0.5115296564977622
493;-0.9290998188109102;-0.503110816078026;0.4975349103624786
494;-0.9316850666575414;-0.5009086966455583;0.48740204120001623
495;-0.9343744022706468;-0.49868590360283355;0.481037900268596
496;-0.9371122319907614;-0.49648236127492873;0.47837390114693035
497;-0.9398423617491533;-0.4943378900606469;0.47938296777648826
498;-0.9425096193540446;-0.49229104334833995;0.4841149586545531
499;-0.9450613012515704;-0.49037803023925586;0.49276968182405734
500;-0.9474483446444796;-0.48863178450344336;0.5058700170753194
501;-0.9496261505820967;-0.48708122779282925;0.5248298156366324
502;-0.9515550216823859;-0.4857507563190594;0.5562247390621164
503;-0.9532002248928589;-0.48465995714076926;0.5743238467960718
504;-0.9545317374500046;-0.48382353641341447;0.5958102337338986
505;-0.9555237737900684;-0.4832514216043113;0.6391195488500971
506;-0.9561542143886592;-0.4829489865314506;0.7349478770702935
507;-0.9564040595682312;-0.4829173444271252;0.763886335944467
508;-0.9562570123520248;-0.48315366015485905;0.64471452784273
509;-0.9556992594944309;-0.4836514461094047;0.5926901653054384
510;-0.9547194772272323;-0.484400823538792;0.5593584996416083
511;-0.9533090472276708;-0.4853887478995652;0.5350904755387051
512;-0.9514624364808444;-0.4865992098659322;0.5162278339891391
513;-0.949177676567659;-0.4880134306272321;0.5009736227978794
514;-0.9464568743317743;-0.4896100706650074;0.4883064859367049
515;-0.9433066946328209;-0.49136546633013223;0.4775892800697181
516;-0.9397387727500386;-0.49325390027430316;0.4684006517448235
517;-0.9357700339952432;-0.49524790256578;0.4604542312406786
518;-0.9314229166214004;-0.4973185714239204;0.4535572625932836
519;-0.926725507694768;-0.4994358976630871;0.44758875445569674
520;-0.9217116082862735;-0.50156907606227;0.44248800615657513
521;-0.9164207437880894;-0.5036867900217492;0.4382490521349784
522;-0.9108981284502776;-0.5057574622974803;0.43491889085590474
523;-0.9051945824826294;-0.5077494729966443;0.43259870596596556
524;-0.89936638795982;-0.5096313547389436;0.4314482555718533
525;-0.8934750590129031;-0.5113719822928551;0.4316945703271109
526;-0.8875869946274968;-0.5129407787229405;0.43364746225044637
527;-0.8817729801906498;-0.5143079612936179;0.43772681967336086
528;-0.8761075070866435;-0.5154448478872645;0.4445119115959095
529;-0.8706678874921373;-0.5163242389983209;0.4548354440786155
530;-0.8655331526861547;-0.5169208824813263;0.4699789850294438
531;-0.8607827359761864;-0.5172120194630825;0.49213468316636616
532;-0.8564949541804162;-0.5171780014580135;0.5257446262763505
533;-0.8527453134027633;-0.5168029617292352;0.5833547745883996
534;-0.8496046751275793;-0.5160755188113046;0.6961585391612957
535;-0.8471373275585845;-0.514989486828257;0.6785382659796355
536;-0.845399015106858;-0.5135445653552769;0.5693471708201672
537;-0.8444349865336841;-0.5117469804134216;0.5210489694101945
538;-0.8442781297900995;-0.5096100470940987;0.4932580564900142
539;-0.8449472689483464;-0.5071546228457945;0.47715704999390507
540;-0.8464457051461376;-0.5044094185499142;0.46940890567871146
541;-0.8487600880133971;-0.5014111325211021;0.46845010806867843
542;-0.8518597050968783;-0.49820437123804584;0.4734652888683588
543;-0.855696272647853;-0.49484132097206435;0.4840057864703189
544;-0.8602043001996663;-0.4913811376707033;0.4998197161550673
545;-0.8653020824409721;-0.48788902951373925;0.5207661114460111
546;-0.8708933444869713;-0.48443501822058965;0.5467671325068608
547;-0.8768695312196977;-0.4810923816759018;0.5777791818619873
548;-0.8831126895067543;-0.4779358013191988;0.6137739974746735
549;-0.8894988466358636;-0.4750392618319009;0.6547251090554645
550;-0.8959017432008132;-0.4724737760144164;0.7005969858312651
551;-0.9021967388529887;-0.4703050317815279;0.7513351044384404
552;-0.9082646802052368;-0.46859107786785215;0.8068556008972523
553;-0.9139955070259164;-0.46738017695498313;0.8670334693204391
554;-0.9192913800258202;-0.46670895665734247;0.9316887490031691
555;-0.924069143469374;-0.4666009781325975;1.0005713075779348
556;-0.9282619882027336;-0.46706581839598915;1.073347711096805
557;-0.9318202517407908;-0.4680987269045688;1.149600655752884
558;-0.9347113745220901;-0.4696808728058794;1.2288690006938023
559;-0.9369191151200476;-0.4717801513692179;1.310806868732641
560;-0.9384422002744727;-0.4743524726701011;1.3957274598692724
561;-0.9392926365288324;-0.4773434189523616;1.4868671395186093
562;-0.9394939298219289;-0.4806901347509641;1.6124182902040243
563;-0.9390794426022766;-0.4843233094073569;1.6301143541709
564;-0.9380910654501837;-0.4881691259293542;1.6384720447102037
565;-0.9365782983794125;-0.49215108103970057;1.6559537808299267
566;-0.9345977381268582;-0.496191623548862;1.669943807442352
567;-0.9322128681853664;-0.5002136043564427;1.6772553471047427
568;-0.9294939661976959;-0.5041415727012066;1.6770056201490318
569;-0.9265178951666676;-0.5079029813895157;1.6693295088491134
570;-0.9233675420682709;-0.5114293724917411;1.654934828542185
571;-0.9201307127409523;-0.5146576021469251;1.6348688092321755
572;-0.9168983781180954;-0.5175311312707644;1.6103589454160407
573;-0.9137622774858197;-0.5200013654017689;1.5827016824922784
574;-0.9108119973689546;-0.5220289820051716;1.5531974578622565
575;-0.9081317376463547;-0.5235851480663283;1.5231275679883645
576;-0.9057970329202009;-0.5246525130367217;1.4937624972020473
577;-0.9038717098304688;-0.5252258657846165;1.4663930424279281
578;-0.9024053330093265;-0.5253123674756333;1.4423850274209036
579;-0.9014313347687538;-0.5249313092735535;1.4232744257853804
580;-0.9009659511852921;-0.5241133862344103;1.4109487960929492
581;-0.9010080140530572;-0.5228995188192062;1.4080330305145032
582;-0.9015395844160402;-0.5213392852135571;1.4188309818029177
583;-0.9025273641527936;-0.5194890482271166;1.4521675642961225
584;-0.903924787826334;-0.5174098699398413;1.5340623534310045
585;-0.9056746750351048;-0.515165307576702;1.9308077255517713
586;-0.9077123097093546;-0.5128191785405347;1.5171829177867941
587;-0.90996880318139;-0.5104333744621476;1.368315063031637
588;-0.9123745895109059;-0.5080657962824202;1.2793692349603796
589;-0.9148628931992379;-0.5057684764552046;1.2160632554847106
590;-0.9173730015914461;-0.5035859508149874;1.1681121060855166
591;-0.9198531690767939;-0.5015539407757389;1.1309690323351635
592;-0.9222629809942415;-0.4996984046661726;1.102222531071029
593;-0.9245750158052427;-0.49803501296093877;1.0804932255401378
594;-0.9267756681227755;-0.496569093684232;1.0650171379390905
595;-0.9288650346784613;-0.49529607959049743;1.0554690376594875
596;-0.9308558199423871;-0.49420246713946203;1.0518844924128004
597;-0.9327712844926773;-0.49326726944590604;1.054633403150968
598;-0.9346423309704438;-0.49246391344004004;1.0644381363558792
599;-0.9365038911182271;-0.4917624987448207;1.0824585398684383
600;-0.9383908342744427;-0.4911323061165327;1.1105112796232093
601;-0.9403336558722193;-0.49054442024551953;1.1516117188642312
602;-0.9423542205629925;-0.48997431772434985;1.2114633063610345
603;-0.9444618293507088;-0.4894042669683843;1.3037157139536613
604;-0.9466498580144476;-0.4888253922046842;1.4829488580714276
605;-0.948893181583815;-0.48823926664513484;1.6012390202835838
606;-0.9511465631730046;-0.48765891856453425;1.3983963902244307
607;-0.9533441496916352;-0.4871091564610807;1.3360305746260142
608;-0.9554001834005874;-0.48662614485289624;1.3142294146187101
609;-0.957211005017054;-0.48625619070642256;1.3146577576777592
610;-0.9586583857587205;-0.4860537332428258;1.3302859541772407
611;-0.959614174266808;-0.48607856905383073;1.357310911484131
612;-0.9599461702154599;-0.486392392588029;1.3930114243935705
613;-0.9595250310678582;-0.48705479107281896;1.4349071188901323
614;-0.9582318786888921;-0.48811890255879964;1.4803225475443236
615;-0.9559661068088946;-0.48962702134643243;1.5261365518892998
616;-0.9526527252885975;-0.49160650528118977;1.5687058251606594
617;-0.9482484601159175;-0.4940663856002197;1.6040416844999126
618;-0.9427458195140397;-0.49699507886949945;1.628297613133685
619;-0.9361744884878668;-0.5003595317160281;1.6384331432080783
620;-0.9285997396449368;-0.504105986155145;1.6326737456068983
621;-0.9201179977023727;-0.508162353109147;1.6105180581378291
622;-0.9108501598905945;-0.5124419644556235;1.5727259363453894
623;-0.9009336238591586;-0.5168482912861339;1.521794771971555
624;-0.8905141119737467;-0.5212801110704779;1.4620012695041733
625;-0.8797382847842623;-0.5256365966563078;1.398161290217613
626;-0.8687478637583342;-0.5298218733318594;1.3343637244311544
627;-0.8576756347088902;-0.5337487144119106;1.2736712367608947
628;-0.846643376226891;-0.5373411850115176;1.21841043752522
629;-0.8357615133115945;-0.5405361710520686;1.1705718623980623
630;-0.8251301526080637;-0.5432838332854492;1.132208927698341
631;-0.8148410968747062;-0.5455471029543659;1.1059540258928282
632;-0.8049804329317163;-0.54730039123163;1.0960226836304252
633;-0.7956313110566002;-0.5485277240386748;1.111024787864047
634;-0.7868765660396286;-0.5492205400916417;1.1761344750405505
635;-0.7788008640672011;-0.5493754028414906;1.525496212560714
636;-0.7714920977384954;-0.5489918740163193;1.1460864000212472
637;-0.7650418009915797;-0.5480707750370789;0.988455620331947
638;-0.7595444233410386;-0.5466130214514361;0.8958678749660178
639;-0.755095391145894;-0.5446191563174039;0.8331773470423058
640;-0.7517879890168466;-0.5420896359656866;0.7904778763981792
641;-0.7497092077688193;-0.5390258430910132;0.7639873480050952
642;-0.7489348143728555;-0.5354317260227635;0.7524458325430581
643;-0.7495239922618296;-0.531315897003843;0.7562501199941027
644;-0.7515139679244464;-0.5266939721478642;0.777674387059151
645;-0.7549150763106884;-0.5215909049099409;0.8225113552302388
646;-0.7597067201572962;-0.5160430549664361;0.9068069130534413
647;-0.7658346450683755;-0.5100997458665989;1.1080695917724437
648;-0.7732098814563644;-0.5038240977749122;1.0984604354157703
649;-0.7817095954967135;-0.49729297566998587;0.9385018129680269
650;-0.791179946198829;-0.49059596683164564;0.8938876693344514
651;-0.8014408722257732;-0.48383339018962684;0.9524674417797552
652;-0.8122925453323102;-0.4771134365618963;0.8672733486032915
653;-0.8235230496105285;-0.4705486319535812;0.8599710206736122
654;-0.8349167038191573;-0.4642518926906434;0.9561666625502766
655;-0.8462623635998596;-0.45833248826679795;0.8648288507154673
656;-0.8573610396621285;-0.45289223579608223;0.7574219360210988
657;-0.8680322525521607;-0.4480222154576504;0.700449280191123
658;-0.8781187044129111;-0.4438002235684385;0.6635367182005893
659;-0.8874890588216565;-0.44028908057027727;0.6385844553631292
660;-0.8960388474452466;-0.437535802043894;0.6221870810517204
661;-0.9036897306645887;-0.4355715401798226;0.612921118227072
662;-0.9103874975768176;-0.4344121268907576;0.6117657211253247
663;-0.9160992791908313;-0.4340590083486336;0.6232107385575767
664;-0.9208104614986091;-0.43450035741442;0.5977546805491856
665;-0.9245217300400496;-0.43571218144376983;0.5886475632193975
666;-0.9272465719928709;-0.43765929920374325;0.5831657194620854
667;-0.9290094280270684;-0.4402961301551841;0.5792375702408081
668;-0.9298445466252221;-0.44356730978509096;0.57582776465951
669;-0.9297954673953664;-0.44740820519981367;0.5722434527326566
670;-0.9289149610664422;-0.45174544767499386;0.5679832277859695
671;-0.9272651908852121;-0.4564976182671399;0.5626924589191885
672;-0.9249178366349939;-0.4615762170009364;0.5561456141931782
673;-0.9219539378547436;-0.46688701661623566;0.54823395537039
674;-0.9184632626992149;-0.47233185230631725;0.5389523521360537
675;-0.9145430854517532;-0.4778108358860763;0.5283843572117742
676;-0.9102963481574934;-0.4832249151848428;0.5166864965764364
677;-0.9058292772313119;-0.48847863724779417;0.5040729675175026
678;-0.901248610649447;-0.4934829271241909;0.4908016278948898
679;-0.896658653259987;-0.4981576707709106;0.4771618481266632
680;-0.8921584079988649;-0.5024338956137713;0.4634646719332154
681;-0.8878390253679789;-0.5062553757659805;0.45003579415861783
682;-0.883781773888058;-0.5095795462488607;0.43721209519369525
683;-0.8800566669824132;-0.51237768329465;0.4253429481903157
684;-0.876721797429622;-0.5146343850911732;0.414798518744521
685;-0.8738233419027821;-0.516346457985118;0.40598955215923715
686;-0.8713961182049038;-0.5175213676393015;0.3994087477731581
687;-0.8694645180241007;-0.5181754464303463;0.3957192338987056
688;-0.8680436066159392;-0.5183320547158632;0.39596532860686556
689;-0.8671401817249378;-0.5180198754686907;0.402183924290704
690;-0.8667536163055382;-0.5172714833374601;0.4199438663986924
691;-0.866876367266027;-0.5161222769681983;0.487709616451479
692;-0.8674941053895762;-0.5146098053028738;0.42867330416189475
693;-0.8685854970163802;-0.5127734627536422;0.39034106593577844
694;-0.8701217329732347;-0.5106544820051755;0.3707420651531392
695;-0.8720659440215351;-0.5082961221662792;0.35953258684189726
696;-0.8743726589027193;-0.5057439367450101;0.35402416361118594
697;-0.8769874508979134;-0.5030460100118439;0.3532524945589136
698;-0.8798468871108633;-0.5002530685105955;0.35694923780908583
699;-0.882878850415921;-0.4974184016956147;0.36533124669145794
700;-0.8860032571614714;-0.49459755624138396;0.37927224814467403
701;-0.8891331528494294;-0.49184779740831697;0.4012283835788649
702;-0.8921761387227503;-0.4892273542924895;0.44041204053529265
703;-0.895036066626003;-0.486794481917188;0.5195873362479548
704;-0.8976149367149089;-0.48460638167180414;0.4416206660816041
705;-0.8998149393820873;-0.4827180236093197;0.42401184246916307
706;-0.9015405946059638;-0.4811809115054292;0.41763580421105534
707;-0.9027009537808617;-0.48004182676571894;0.4161857801659653
708;-0.9032118361837834;-0.4793415827284818;0.4172496536512529
709;-0.9029980709406137;-0.47911381878279;0.4195011964633528
710;-0.9019957041428346;-0.4793838652942061;0.42206428074873464
711;-0.900154111113263;-0.48016771558446425;0.4243153255698156
712;-0.8974379305646653;-0.48147114857320117;0.4258169196555113
713;-0.8938287180263156;-0.48328905224208857;0.4262965339956038
714;-0.8893262085805025;-0.4856050003416301;0.42563692990229535
715;-0.8839490896291555;-0.4883911298744811;0.4238639129244099
716;-0.8777352142895227;-0.4916083538055554;0.4211278260371572
717;-0.8707412303926417;-0.49520692352702445;0.41768186347772296
718;-0.8630416494876231;-0.4991273322962253;0.4138632634375133
719;-0.8547274236784762;-0.5033015285454545;0.41008367370329013
720;-0.8459041266181933;-0.5076543904432879;0.4068347226856709
721;-0.8366898445287392;-0.5121054024457419;0.4047173884753192
722;-0.8272128752404271;-0.5165704708021981;0.404515302643346
723;-0.8176093136529462;-0.5209638164502699;0.4073720031060568
724;-0.8080205780545273;-0.525199888155856;0.4152891583477279
725;-0.7985909099246853;-0.5291952441171281;0.43304409082604023
726;-0.789464864390087;-0.5328703553952852;0.4842983056192184
727;-0.7807848009162786;-0.5361512892566324;0.46329570927272734
728;-0.7726883834436752;-0.538971235291718;0.42201808654659273
729;-0.7653061040921438;-0.5412718427463634;0.4050087065861199
730;-0.7587588524528761;-0.5430043444127337;0.39836682508232535
731;-0.7531555612770715;-0.5441304507938776;0.399075661479514
732;-0.7485909675179896;-0.5446230076439147;0.4061866588406359
733;-0.7451435342503787;-0.5444664195200942;0.41945233656008024
734;-0.7428735835551978;-0.5436568505425607;0.43894633197701133
735;-0.7418216929471204;-0.5422022200417315;0.46493285502715787
736;-0.7420074084588527;-0.540122014341339;0.497827040340279
737;-0.7434283262671088;-0.5374469361675209;0.5382047963109593
738;-0.7460595919247026;-0.5342184101795888;0.5868595889600012
739;-0.7498538619749008;-0.5304879574415335;0.6449338557210853
740;-0.7547417670196246;-0.5263164442115417;0.7142143462584719
741;-0.7606329081445555;-0.5217732023618369;0.7978847190580463
742;-0.7674174097714892;-0.5169350112949658;0.9029872559931069
743;-0.7749680410857305;-0.5118849256463034;1.0538705164777564
744;-0.7831429044677983;-0.5067109305572175;1.2564965999084157
745;-0.7917886718876221;-0.5015044079626346;1.1801480463870702
746;-0.800744327977643;-0.4963584040466709;1.2253981174872066
747;-0.8098453507949739;-0.491365700282833;1.3091255828385382
748;-0.8189282282815222;-0.4866167081653835;1.4245876505919297
749;-0.8278351717106784;-0.48219722985161045;1.577953190290586
750;-0.8364188502746549;-0.4781861514408342;1.7909770146902881
751;-0.8445469383375062;-0.4746531595279163;2.139930285304322
752;-0.8521062446403198;-0.47165659138922955;3.3167093811726778
753;-0.8590061866531331;-0.46924154107158633;2.2096175763917842
754;-0.8651813876759843;-0.46743834483279784;1.9450303643838116
755;-0.8705932110444604;-0.46626155822781296;1.8065531923395857
756;-0.875230103596095;-0.46570951377187314;1.7181132624206437
757;-0.8791066949626856;-0.4657645144352208;1.6558210047432609
758;-0.8822616833084902;-0.46639367757803074;1.6097302769110122
759;-0.8847546234414723;-0.46755040052343255;1.575474425313229
760;-0.8866618112593043;-0.46917637713608307;1.5512381318862687
761;-0.888071521820218;-0.47120405834975815;1.5364078788377538
762;-0.8890789014939511;-0.4735594214297928;1.5310117255114675
763;-0.8897808345625309;-0.47616489460925393;1.535585608309653
764;-0.8902711004919159;-0.47894227635661724;1.551300998734495
765;-0.8906361109289156;-0.4818154919642254;1.5803593148367243
766;-0.8909514677074454;-0.48471304399759196;1.6269183069227684
767;-0.8912795182205648;-0.4875700366956579;1.6995780491519588
768;-0.8916680068131366;-0.4903296865261611;1.8202236517000334
769;-0.8921498357610198;-0.49294427000232843;2.082150955945634
770;-0.8927438633481464;-0.4953755029259157;2.174580684181011
771;-0.8934565867769233;-0.4975943889079304;1.839815429779255
772;-0.8942844916422927;-0.49958061513901497;1.698189050649219
773;-0.8952168042992104;-0.5013216055943523;1.6117614856553069
774;-0.896238363765294;-0.5028113623699357;1.5536432218077914
775;-0.8973323382350524;-0.5040492321261025;1.5136855149442037
776;-0.8984825469340418;-0.5050387259314011;1.4868923126188494
777;-0.899675206611391;-0.5057864984554477;1.4703822369511448
778;-0.9008999962813049;-0.5063015596295997;1.4622998235293594
779;-0.9021504148483401;-0.5065947531287449;1.461350057124204
780;-0.9034234844253756;-0.5066784965126534;1.4665791690850112
781;-0.9047189187422195;-0.5065667426110996;1.4772709388925318
782;-0.9060379242847523;-0.5062750948484724;1.4929096022601511
783;-0.907381827666597;-0.5058209933612353;1.513197323518079
784;-0.9087507251978768;-0.5052238849761391;1.5381471384549772
785;-0.9101423314989336;-0.5045052977664273;1.5683476913814896
786;-0.9115511674251275;-0.5036887580066618;1.6058092663006538
787;-0.9129681791475684;-0.5027995109980518;1.6580567122853567
788;-0.9143808262417557;-0.501864034101613;1.8195442320508295
789;-0.915773623173607;-0.500909357106486;1.7013476471338695
790;-0.9171290709367592;-0.4999622289051005;1.6973947661033288
791;-0.9184288778632539;-0.4990481881377248;1.7068057559074883
792;-0.9196553434661292;-0.4981906075705286;1.7228206486408564
793;-0.9207927678112852;-0.4974097868236569;1.7435789658274565
794;-0.9218287512574644;-0.4967221657199636;1.7686671638064022
795;-0.9227552641719664;-0.4961397216434946;1.7984943156778799
796;-0.9235693911745904;-0.49566960003781524;1.834373731376388
797;-0.9242736865956469;-0.4953140090645578;1.87933504083336
798;-0.9248761137214103;-0.49507038923534685;1.9413897651053806
799;-0.9253895764990396;-0.49493184834677206;2.055996027264559
800;-0.9258310853921999;-0.49488783301094447;2.094356441055382
801;-0.9262206263183868;-0.49492499194950096;1.9937560405517407
802;-0.9265798212085317;-0.4950281740902414;1.9576586803573341
803;-0.926930479838151;-0.49518149700051717;1.9394130221860935
804;-0.9272931452782249;-0.49536941847137933;1.929335286818052
805;-0.9276857304981154;-0.4955777458776496;1.9235062308772788
806;-0.9281223327659365;-0.4957945237092317;1.919801429499965
807;-0.92861229723032;-0.4960107486275692;1.9168622394109245
808;-0.929159583106029;-0.49622087269811244;1.913750277686285
809;-0.9297624666686026;-0.49642306825393345;1.909820341781324
810;-0.9304135958899487;-0.496619241411399;1.9046713384710623
811;-0.9311003927547498;-0.49681479495616077;1.8981198092876848
812;-0.9318057815246832;-0.4970181546317748;1.890171336944059
813;-0.9325092047197371;-0.4972400853694866;1.8809810079400726
814;-0.9331878735764445;-0.497492835324046;1.8708040420520096
815;-0.9338181865209945;-0.49778915536643464;1.8599429868010238
816;-0.9343772382380895;-0.49814124954827727;1.8486989548066552
817;-0.9348443339104284;-0.49855971757560513;1.8373326080155863
818;-0.9352024190028077;-0.49905255306480756;1.8260378276778249
819;-0.9354393354731005;-0.4996242608656151;1.8149286718771591
820;-0.9355488212835696;-0.5002751526684985;1.80403879740129
821;-0.9355311819892769;-0.5010008722777985;1.7933317120355305
822;-0.9353935808772427;-0.501792190397872;1.7827194766863352
823;-0.9351499168160183;-0.5026350939517991;1.7720865714845526
824;-0.9348202851354946;-0.5035111776009884;1.7613149789134157
825;-0.9344300443839504;-0.50439832636808;1.7503068360598832
826;-0.9340085382618462;-0.5052716594389575;1.7390024640854063
827;-0.9335875449851203;-0.5061046877849569;1.7273933590844643
828;-0.9331995437512799;-0.5068706235787316;1.7155305820994176
829;-0.9328758985354662;-0.5075437686065827;1.7035285452246258
830;-0.9326450626680849;-0.5081009027639579;1.6915633797435432
831;-0.9325309039477603;-0.5085225925817238;1.6798651319102897
832;-0.9325512405342616;-0.5087943434644415;1.6687042727534973
833;-0.9327166640799808;-0.5089075274648918;1.6583746200184413
834;-0.9330297101298344;-0.5088600302542775;1.6491756881645765
835;-0.9334844181903397;-0.5086565756192996;1.6413972744473968
836;-0.9340663060843345;-0.5083087024351367;1.6353081018476097
837;-0.9347527658282889;-0.5078343867777803;1.6311492366871294
838;-0.9355138713997235;-0.5072573198844118;1.6291322767802308
839;-0.9363135721864795;-0.5066058703740373;1.629442134527076
840;-0.9371112292933491;-0.5059117759046043;1.6322445901413745
841;-0.9378634350152351;-0.5052086247041252;1.6376997019558779
842;-0.9385260388224175;-0.5045302005919857;1.64598416763419
843;-0.9390562868501589;-0.5039087755561158;1.6573310653287816
844;-0.939414967498297;-0.5033734409296544;1.672113304264868
845;-0.9395684452805898;-0.5029485708914633;1.6910768683594
846;-0.9394904608343573;-0.5026525095643397;1.7164135822778024
847;-0.9391635792651098;-0.5024965647065205;1.7684756672399067
848;-0.9385801833996826;-0.5024843765317673;1.7606007229630611
849;-0.9377429335066512;-0.5026117097613616;1.782178472735629
850;-0.9366646494484112;-0.5028666915587291;1.8118774901166386
851;-0.9353676121569559;-0.5032304892712268;1.8493617911361553
852;-0.9338823244490982;-0.5036783923283393;1.896370880565369
853;-0.9322458114720646;-0.5041812350213658;1.9568949819983201
854;-0.9304995736917856;-0.5047070739602674;2.0401547382538974
855;-0.9286873266898097;-0.5052230179945794;2.1753422367574897
856;-0.9268526703723619;-0.5056971006356599;2.9576580012698344
857;-0.9250368258493079;-0.5061000857952301;2.2202045311312113
858;-0.9232765633483679;-0.506407106198379;2.1241983611901007
859;-0.9216024223854402;-0.5065990485798133;2.0833504798975997
860;-0.9200372996708469;-0.5066636187218185;2.0684298691802776
861;-0.9185954541866178;-0.5065960404455739;2.0713560173733665
862;-0.9172819549610716;-0.5063993639419704;2.0900949764098202
863;-0.916092576677874;-0.5060843788509515;2.1264499270251123
864;-0.9150141317670049;-0.5056691452915372;2.188309606711125
865;-0.9140252146258723;-0.5051781711210498;2.3050092507190345
866;-0.9130973231971744;-0.5046412760012748;2.9689702504082653
867;-0.9121963141471227;-0.5040921926387811;2.293298234231911
868;-0.9112841392188417;-0.5035669633228439;2.1744073519674516
869;-0.9103208010705982;-0.5031021961609281;2.10484819302246
870;-0.9092664565280162;-0.5027332506968979;2.055456718389517
871;-0.9080835837235857;-0.5024924271681643;2.016749998098078
872;-0.9067391178104431;-0.502407237449193;1.9843798640771204
873;-0.9052064493500851;-0.5024988382436824;1.9560094667089514
874;-0.9034671723396782;-0.502780707395098;1.9302896077628693
875;-0.9015124678695979;-0.503257641034137;1.906430102080969
876;-0.8993440172260472;-0.5039251413503095;1.8839863079445716
877;-0.8969743567483646;-0.5047692510264835;1.8627395320932463
878;-0.8944266162939011;-0.5057668704447086;1.842626624329945
879;-0.8917336221371096;-0.506886568267221;1.823700688069295
880;-0.8889363898745435;-0.5080898665999347;1.8061157766101488
881;-0.8860820782549483;-0.5093329512387957;1.7901353672539648
882;-0.8832215151530594;-0.5105687285339089;1.7761739534756082
883;-0.8804064372685972;-0.5117491261285222;1.7649043114355953
884;-0.8776866025074868;-0.5128275175285733;1.7575397016854564
885;-0.8751069377430047;-0.5137611414017126;1.7567452436252244
886;-0.8727048764169062;-0.5145133858555647;1.7712484315640395
887;-0.870508023493497;-0.5150558149471987;1.8499356164915108
888;-0.8685322634815504;-0.5153698280119168;1.7305779353819224
889;-0.8667804040091313;-0.5154478605864431;1.688786992723749
890;-0.865241424992474;-0.5152940574057183;1.6598277961885914
891;-0.8638903824483969;-0.5149243721582315;1.637379391843548
892;-0.8626889956509955;-0.5143660747102756;1.6193846441906938
893;-0.8615869247660308;-0.5136566739023524;1.604902917952172
894;-0.8605237210527045;-0.512842292383259;1.5933986862109344
895;-0.8594314013204638;-0.5119755587342792;1.5845024934900855
896;-0.8582375618412335;-0.5111131104622364;1.577910581642393
897;-0.8568689054396103;-0.5103128279272995;1.5733360525250162
898;-0.8552550123390619;-0.509630941971008;1.5704825791592723
899;-0.8533321460610019;-0.5091191744557734;1.5690294207784623
900;-0.8510468573828189;-0.5088220783663554;1.5686230211450845
901;-0.8483591395281567;-0.5087747399594397;1.568873290788468
902;-0.8452449024243387;-0.5090009878623236;1.5693540961444106
903;-0.8416975757067666;-0.5095122226714465;1.5696082797886228
904;-0.8377287170383918;-0.5103069371747975;1.5691579746305209
905;-0.8333675868355632;-0.511370945732396;1.567521107362163
906;-0.8286597409603913;-0.5126782873748057;1.5642347642300505
907;-0.8236647757272546;-0.5141927175309242;1.5588853655350214
908;-0.8184534222168345;-0.515869664292324;1.5511441051352042
909;-0.8131042210245543;-0.5176585013446914;1.540803664956942
910;-0.8077000117256529;-0.5195049830335904;1.5278092902770348
911;-0.8023244471243978;-0.5213536963932481;1.5122757500442865
912;-0.7970586990349163;-0.5231504067512893;1.4944839993446601
913;-0.7919784704191062;-0.524844202625679;1.4748578285451845
914;-0.787151378336872;-0.5263893766645653;1.453927848223628
915;-0.7826347311287087;-0.5277470077418371;1.4322933268139721
916;-0.7784736959173473;-0.5288862318719583;1.4105907087370528
917;-0.7746998397856231;-0.5297852048909624;1.3894737548152962
918;-0.7713300279850932;-0.5304317679244581;1.3696071596639596
919;-0.7683656716396918;-0.5308238286976137;1.3516746106818094
920;-0.7657923313301832;-0.5309694695419256;1.3364039273779744
921;-0.763579697529353;-0.5308867885327297;1.3246170391197627
922;-0.7616819806438666;-0.5306034754517783;1.3173247496766827
923;-0.7600387498849721;-0.5301561208007338;1.315918006639979
924;-0.7585762597952979;-0.5295892550702614;1.322605705150734
925;-0.7572092953586713;-0.528954117623829;1.3416354662485261
926;-0.7558435513379552;-0.5283071601699175;1.384065152069268
927;-0.7543785395906157;-0.5277082987342459;1.5115528709211998
928;-0.75271099092537;-0.5272189397760653;1.4399315783460076
929;-0.7507386874099801;-0.5268998197326118;1.3526873464952005
930;-0.7483646292143041;-0.5268087116210312;1.3166698578743252
931;-0.7455014097899793;-0.526998065922535;1.3063614255886415
932;-0.7420756474642751;-0.5275126642124915;1.3215979021504267
933;-0.7380323034197297;-0.5283873712829493;1.3797261203163356
934;-0.7333387082085505;-0.5296450734695886;1.6108681362635995
935;-0.7279881230754055;-0.5312948867196491;1.3985464252964066
936;-0.7220026784134055;-0.5333307076632237;1.2135598433458206
937;-0.7154355573896357;-0.5357301657637272;1.100212573328169
938;-0.7083723234649885;-0.5384540169692129;1.0126679337948352
939;-0.700931319567575;-0.5414460027008979;0.9386245549277724
940;-0.6932630867201897;-0.5446331865966778;0.872953739691026
941;-0.6855487548340996;-0.5479267789413744;0.8131077330670653
942;-0.6779973454768264;-0.5512234674395718;0.757773809434884
943;-0.6708418985216122;-0.5544072924880361;0.7063822522055099
944;-0.6643343013103502;-0.5573521312154186;0.6589289681780559
945;-0.6587386767145026;-0.5599248788625847;0.6159753282373075
946;-0.6543231966901303;-0.5619894262714334;0.5788551990138231
947;-0.6513502532249271;-0.5634115137524336;0.5503841479473879
948;-0.650065056840465;-0.5640644807661835;0.5376419024521149
949;-0.6506829496039248;-0.5638358197709006;0.5765596697589948
950;-0.653376000700618;-0.562634284656156;0.5572966531525572
951;-0.658259759721312;-0.5603971184795846;0.43311828224147575
952;-0.6653813161944732;-0.557096786741295;0.3357297794048751
953;-0.6747099842200355;-0.5527464758134453;0.26735102658114346
954;-0.6861319383179545;-0.5474035833136138;0.21388146102690467
955;-0.6994499385745145;-0.5411705134414618;0.17149997712205658
956;-0.7143889043044767;-0.5341922956348688;0.13874122325448798
957;-0.7306075619086353;-0.5266508455316714;0.11497009327892681
958;-0.7477157587998444;-0.5187560449701226;0.09989591594967448
959;-0.765296363362512;-0.5107341904539047;0.09337744139397924
960;-0.7829300312661542;-0.5028147054437858;0.0953375592386362
961;-0.8002205976558885;-0.4952162877782247;0.1057319156674247
962;-0.8168185579340573;-0.4881338222679703;0.12455366389256103
963;-0.8324401339661434;-0.4817273836503292;0.15187297175592207
964;-0.8468798579842837;-0.47611445581009815;0.18792477474609048
965;-0.8600154308824187;-0.4713661040273348;0.2332894093793641
966;-0.8718047014892321;-0.46750731155412095;0.2893045681861932
967;-0.8822757475939943;-0.4645211288396045;0.35920792291162834
968;-0.8915119607703024;-0.46235580204097854;0.45253731476177433
969;-0.8996345406115471;-0.46093374723771297;0.6226574712461215
970;-0.9067848114703837;-0.4601611647743335;0.6219868999692448
971;-0.9131083556774466;-0.4599372245214193;0.5783036357291078
972;-0.9187422880306053;-0.4601620256325422;0.5840534724865023
973;-0.9238062821912739;-0.4607428529461929;0.6074084256709998
974;-0.9283973600377732;-0.4615985412327414;0.6405635109164888
975;-0.9325880463276635;-0.46266197746686233;0.6805076088352358
976;-0.9364272714180298;-0.46388091470231557;0.726135028990164
977;-0.9399433264083055;-0.46521735547897747;0.7777060072978261
978;-0.9431481801955898;-0.4666458103123071;0.8373763689919365
979;-0.9460425134283466;-0.468150764010948;0.9120311185502781
980;-0.9486208894372118;-0.4697236953459172;1.031877283937002
981;-0.9508765635492071;-0.47135999168199105;1.1118787881373542
982;-0.9528055333303427;-0.47305607423968876;1.0079389668576484
983;-0.9544095542139079;-0.47480699853100894;0.9776976652828524
984;-0.9556979810408877;-0.4766047204220655;0.9652169020371036
985;-0.9566884323767414;-0.47843712920463766;0.9602841329218733
986;-0.9574063940123114;-0.48028785679371155;0.9591972711955576
987;-0.9578839659719957;-0.4821367891280679;0.9602685470726944
988;-0.9581580053955108;-0.483961142000569;0.9626631988611134
989;-0.9582679260455812;-0.4857369243852236;0.9659790823001797
990;-0.9582533917073863;-0.4874405983853909;0.9700573391440261
991;-0.9581520978103594;-0.4890507525918396;0.9748810568828654
992;-0.9579977865359244;-0.49054962883077674;0.9805128248800553
993;-0.9578185963339334;-0.49192437430816816;0.9870522595677547
994;-0.9576358134250503;-0.49316792624138556;0.9946057139450118
995;-0.9574630716017692;-0.49427947025698094;1.0032647989844818
996;-0.9573060341557132;-0.4952644452097448;1.0130921057885478
997;-0.957162582117213;-0.4961340954213703;1.0241132092480407
998;-0.9570235197789476;-0.49690459741209503;1.0363143486382371
999;-0.9568737868198565;-0.4975958129354273;1.0496454666537132
1000;-0.9566941344027617;-0.498229743900535;1.0640288195381702
