0;-0.37283267421850647;-0.3229924866832712;1.0577177046848267
1;-0.3867085569637263;-0.344970647984225;1.0452898421799142
2;-0.4011751430685656;-0.36463277934970595;1.0244389940612684
3;-0.4165840745365011;-0.3818606143974921;1.01577493107524
4;-0.43249547339629124;-0.3958590233783704;1.0160585788686252
5;-0.4489682938595559;-0.40661430685068045;1.0249338716872423
6;-0.46485391660130115;-0.4146386973373793;1.0430100980044847
7;-0.4806465087213984;-0.42007899099041596;1.0715666876546341
8;-0.4959380228730106;-0.4233662313118437;1.1133010323479773
9;-0.510514792847704;-0.42469960409157126;1.1708956932601597
10;-0.5241957817040319;-0.4244655332745568;1.248430087099756
11;-0.5367742543053617;-0.42289136951033646;1.360413500308254
12;-0.5481273644890796;-0.4201492475216342;1.5466328903551552
13;-0.558045327756128;-0.41655385161258296;2.2741014400527217
14;-0.5664983988004282;-0.41223283443703773;1.6505740736076908
15;-0.5735058635743298;-0.4073431858505654;1.5167583698494747
16;-0.5790458806392089;-0.4020705089044224;1.4708593313163527
17;-0.5831298559934875;-0.39659523957555787;1.4669954001971757
18;-0.5860625640283075;-0.39103203140606313;1.4932992454930412
19;-0.5877681384817481;-0.38535402274078057;1.5585345970738802
20;-0.5885422696601443;-0.37966103002138807;1.6777516623769364
21;-0.5886235064568992;-0.373904527730224;1.9596457042752609
22;-0.5879076198916601;-0.3682982153354388;1.9697073562489225
23;-0.5866250586159993;-0.3629432165791099;1.7027782783108978
24;-0.5849004752858675;-0.35787148250815126;1.5906379915520708
25;-0.58284964474828;-0.3531394318004779;1.5241375605500513
26;-0.5807802687317138;-0.3489045425712982;1.484134131436854
27;-0.5790431582960095;-0.3451356546390649;1.4613594744529754
28;-0.5777796557461967;-0.3418649323595808;1.4475165061616655
29;-0.5767258940054482;-0.338941827580886;1.4396612870030006
30;-0.5761053936880678;-0.3364500100972063;1.4352434638840061
31;-0.5761460423714343;-0.3341079162086409;1.4339474795211509
32;-0.5767855600829876;-0.33182679075993426;1.4336373313482769
33;-0.5785374091145999;-0.329403622828782;1.433501040342218
34;-0.5813893671821131;-0.326559092219494;1.4335816271701005
35;-0.5851965751244125;-0.32303051772883873;1.4339858236394625
36;-0.5900132949792443;-0.31872317422682384;1.4355902135433685
37;-0.5958143910957732;-0.31331200471181253;1.439257857944859
38;-0.6025495336610295;-0.3066615497920929;1.4474472868245927
39;-0.6101077645171178;-0.2987389804278162;1.4588387396664484
40;-0.6185957070139608;-0.28950996827683917;1.475656833104075
41;-0.6275431816075705;-0.2788741267371061;1.4992555431449732
42;-0.636736780479569;-0.26709431344103896;1.5324415202538966
43;-0.6461742172775675;-0.25442545280640927;1.576385965815741
44;-0.6556655037197288;-0.24108341901010766;1.6342964082889795
45;-0.6646954311431972;-0.2272499449553732;1.7113381757326036
46;-0.6732002831317285;-0.2132706849807321;1.8110562840236781
47;-0.6812571010221067;-0.1992822276116456;1.945485311273722
48;-0.688839787264534;-0.18541714945586096;2.138223096886282
49;-0.6959283441394915;-0.17181182327503497;2.4703539951122515
50;-0.7027322421074415;-0.15856578529554888;3.1835262470749415
51;-0.709203020517436;-0.14561144905008994;2.7377620542513403
52;-0.7156156415870822;-0.13302636144561253;2.3231987645401144
53;-0.722003961437745;-0.120823648260721;2.1231213977614445
54;-0.7287248411156575;-0.1087936999922513;2.002605215014748
55;-0.7357664417125263;-0.09711882279314832;1.9223002157309728
56;-0.7430511490328485;-0.08576261974371124;1.8699143994259166
57;-0.7507318606601769;-0.07500214212340561;1.837546566610909
58;-0.7587761430194528;-0.0650106111539469;1.8184853973272304
59;-0.7670588531058529;-0.056113178216203985;1.8136144862211283
60;-0.7751282311237507;-0.04847633887114766;1.8208416040680262
61;-0.7826450132661733;-0.04276831706550488;1.8376025095011805
62;-0.7892198475131456;-0.03938307971055777;1.8636734664207522
63;-0.7946198694032494;-0.038678081135280484;1.8984713401628819
64;-0.7981323264718169;-0.04077872558513418;1.9440140641384924
65;-0.7994667765692207;-0.04619610537754304;2.000003375585576
66;-0.7981277111645788;-0.054813542645778646;2.066412091049481
67;-0.7939451469380571;-0.06684435002280087;2.147149209748992
68;-0.7869449526389067;-0.08192701945539316;2.2497861766385676
69;-0.7770714510727754;-0.0998660465147494;2.3866181827955812
70;-0.7643382329052935;-0.12059054441686612;2.6066734574026764
71;-0.7491836423439072;-0.14346122152342577;3.1550192072496097
72;-0.7316432421726411;-0.1682589825973193;2.6270311064336034
73;-0.7121509197989204;-0.19463340434524323;2.50607263237838
74;-0.690918274178346;-0.2221549214499876;2.4473110745824873
75;-0.6681355482061866;-0.25049960956358386;2.418116364569838
76;-0.6441389913419433;-0.27937594898114726;2.403735009314606
77;-0.6191329251421847;-0.30857288146716033;2.399116290476158
78;-0.5934816896365759;-0.3378624367885682;2.4019005959015693
79;-0.56730495238055;-0.3671822320499101;2.4108520398782076
80;-0.5407067730322169;-0.3963681858365278;2.423756655730476
81;-0.5143012585617903;-0.42528860734113905;2.439946188851613
82;-0.48813731334649113;-0.45385622475847553;2.462252656155594
83;-0.4624380527010308;-0.48162294693989127;2.491824699652592
84;-0.43757267836315084;-0.5085724632865598;2.5311542466550416
85;-0.4137453966556443;-0.5342846817949304;2.5830943404315683
86;-0.39119615121617113;-0.5585819311305689;2.6518198757788807
87;-0.3701112188465221;-0.581367191937648;2.744209352480949
88;-0.35077337307702383;-0.6027449076573695;2.8689156477039335
89;-0.33315894545574826;-0.6226144686652983;3.0487740849135645
90;-0.3172996196405423;-0.6408475332596049;3.3452687460938004
91;-0.30330259097087464;-0.65740565636656;4.2015578098200805
92;-0.29102896178385196;-0.6723828525893162;3.5903652110282156
93;-0.28060932617761614;-0.6855351214915566;3.1967881310477892
94;-0.2721456746084684;-0.6968061933809959;3.0013130267292594
95;-0.2654386982282784;-0.705985583173343;2.8922201318086067
96;-0.2605967063899938;-0.7132874706467128;2.836648225693982
97;-0.2578564192889722;-0.7184101278850148;2.828979526795464
98;-0.2571980260433126;-0.7211575764998084;2.8855437166093765
99;-0.2585137149862421;-0.7215728544397547;3.0438704186206427
100;-0.26163145791504183;-0.7196718076716646;3.6333870583941446
101;-0.2667841268355961;-0.7152509367016116;3.3926023350572123
102;-0.2739966905330119;-0.7081336935872315;3.1842208608076366
103;-0.28340349626081407;-0.6984069789401213;2.750303870331762
104;-0.2948363753046749;-0.6860376740928107;2.5191610982364985
105;-0.3080858779437752;-0.671236441359394;2.3695574270518387
106;-0.3229586932560851;-0.6542604399280916;2.274889770877352
107;-0.33931669809847165;-0.6354078520717149;2.224464320746944
108;-0.35710530041594224;-0.6147613154818263;2.2157612169479917
109;-0.37602465019605447;-0.5926351718286709;2.264529979986464
110;-0.395984430792203;-0.5692839855357019;2.43600650410258
111;-0.41655662431793616;-0.545120180014419;2.707291334932862
112;-0.4375311153960194;-0.520444499096545;2.2969432313353613
113;-0.45879217307358094;-0.49551421204306834;2.1820874388196083
114;-0.4800714192423613;-0.4706470534069842;2.1550541121661246
115;-0.501189188074518;-0.4459886114455164;2.2118278660953954
116;-0.5218238082679209;-0.4219740306521461;2.4563180155353432
117;-0.5418014017206559;-0.3986986346309985;2.40266022293155
118;-0.5609338535528015;-0.3764446042950994;2.1410939229714523
119;-0.5792227905997878;-0.35551155268452794;2.040765830330573
120;-0.5966975690602505;-0.33590221067655657;2.0072569518466525
121;-0.6129543130088156;-0.31766500626776395;2.0288631179883234
122;-0.6279146734689092;-0.30122987201605367;2.11903271431857
123;-0.6414706351984251;-0.2866069408381602;2.3686666756703403
124;-0.6536824987044028;-0.2739799843679497;2.406149176335403
125;-0.6641918837176257;-0.26359948804177413;2.138051963926373
126;-0.6730445997134596;-0.25551175120745195;2.0460289399684886
127;-0.679942935135661;-0.24988374638492683;2.014787853527856
128;-0.6850182828435181;-0.24675854220574223;2.026804764936336
129;-0.6879819852453152;-0.24637454117780067;2.075872093953066
130;-0.6887223602826745;-0.248958072956184;2.1739442901042487
131;-0.6875532707169167;-0.2539801559300541;2.3693177014817355
132;-0.6842902180312946;-0.2614825626567234;2.9936430677886863
133;-0.6790058597073008;-0.2714660482036434;2.363057771321068
134;-0.6720034923433305;-0.28339414510523764;2.2324595337531505
135;-0.6633394710593299;-0.2970945292021473;2.1764536084574244
136;-0.6532629128695959;-0.3121004616216858;2.161848914936256
137;-0.6419888334193969;-0.32793414789776176;2.1807405555397157
138;-0.629728398250287;-0.3442878198229459;2.226001823582563
139;-0.6167604192475409;-0.3607710218055198;2.304962454197827
140;-0.6031997102106087;-0.3771602459310964;2.4463903310536574
141;-0.5894266745133128;-0.3931002910238026;2.7789564304543157
142;-0.5754248057304229;-0.40830833484176177;2.690598146778543
143;-0.5611988284238952;-0.4228882850936073;2.4818709531761693
144;-0.5468921918003955;-0.4366934895736807;2.406372538062354
145;-0.5325357826497981;-0.4497658806984376;2.377913213818471
146;-0.5180509176542369;-0.4622909812346293;2.385694690524033
147;-0.503288861131171;-0.4745494514663461;2.4241874024172376
148;-0.48816602443218304;-0.4866894912573506;2.5009452495352935
149;-0.472647340556404;-0.49889249656405366;2.6529007690225646
150;-0.4565505052038188;-0.5113487654035781;3.223500801627547
151;-0.4402452856934595;-0.5238503283681872;2.6974791942196674
152;-0.42391593761719615;-0.5362073902195079;2.5190025390062467
153;-0.407978589797087;-0.5481603420845191;2.421983778693394
154;-0.3928782437663485;-0.5592711056706525;2.3657757743991845
155;-0.37947575367677;-0.5689020432953321;2.3361783950089934
156;-0.3681446278358545;-0.5766140927745301;2.327367077679283
157;-0.3597332058529106;-0.5818161400699;2.3372530716332784
158;-0.3545990202529346;-0.5840485874600525;2.365791605628961
159;-0.35306692355247926;-0.5829589049659789;2.4175698601448232
160;-0.35502030342325885;-0.5786358930433964;2.4990027554348906
161;-0.3603273060555704;-0.5712944390047717;2.6283938127372677
162;-0.36903581396221224;-0.5611507684498056;2.8913807593701275
163;-0.380661372213191;-0.5485079353572818;3.013766505876002
164;-0.39464533994384976;-0.5339119579836872;2.7457072538077902
165;-0.4105657330095818;-0.5180565571906329;2.679398855819951
166;-0.4277046391152588;-0.5012778259426324;2.6778371219997057
167;-0.44538569879054934;-0.484333825924674;2.724491454549672
168;-0.46306114583277636;-0.4677394395107234;2.8139821550425927
169;-0.48025092291610877;-0.4520139495513572;2.953004329267996
170;-0.4966358127166049;-0.43743453690386824;3.1696894550977124
171;-0.5117966553466842;-0.4244465543208926;3.5722883062768607
172;-0.5256984857279077;-0.41302620060179207;3.912228231822746
173;-0.5381076159164049;-0.4032942456543006;3.87005195452112
174;-0.549052392993826;-0.3950465958202932;3.489191803166047
175;-0.5587407797403072;-0.38838071833406307;3.4238189825842955
176;-0.5674655536711394;-0.3829408342909938;3.7569401649480074
177;-0.575177375173934;-0.3784369255929919;3.2519976310828844
178;-0.5821395245908905;-0.37489028484043574;2.9713610073923307
179;-0.5885853590698394;-0.3717920241246079;2.7926960753925627
180;-0.5947201092434024;-0.36908881404252414;2.6563110961955965
181;-0.6006900989968453;-0.3665455265577908;2.5448568696373473
182;-0.6066576825644533;-0.3638738180257357;2.4524898855204422
183;-0.6123458814687366;-0.36119417015396016;2.3754504191579096
184;-0.6176535189663925;-0.3587737930721888;2.311892282836808
185;-0.6224597031297388;-0.356657628257396;2.2599529666328104
186;-0.6266958663930726;-0.3547540309973224;2.220117512624979
187;-0.6299784615002436;-0.3536778265944899;2.191751005835895
188;-0.6320278074232479;-0.35354725003800347;2.1757280371612575
189;-0.6324657892890626;-0.3547454514652104;2.1715619374442943
190;-0.6310233969284633;-0.35738752693339304;2.1765533519901035
191;-0.6272308155808501;-0.3618582426795277;2.1924765611574246
192;-0.6209342768710157;-0.3684049592344002;2.215385491163912
193;-0.6120744847875619;-0.3772349055268077;2.2428621373724624
194;-0.6007532838457506;-0.3879641861708555;2.255315934057055
195;-0.5870736396302755;-0.40059808244931594;2.256743865319888
196;-0.5710428469444123;-0.41483425532695295;2.246978827999296
197;-0.5530575905472794;-0.4304025354320794;2.2409972995953975
198;-0.5334655250081888;-0.4468633313357976;2.2586484962777096
199;-0.5128701039132805;-0.4635625408052673;2.315505420005746
200;-0.49215394005623786;-0.47974801186862187;2.4687562575498347
201;-0.4716425328324825;-0.49501035493960055;2.8126281209900683
202;-0.4522354356906113;-0.5085957574954133;2.313189751689081
203;-0.43482986410397073;-0.5198819237438159;2.1431249236826897
204;-0.4202254134414263;-0.5280002669309102;2.0368999708379825
205;-0.40884416380864297;-0.5327006842909026;1.9605227883326932
206;-0.4007495787584877;-0.5335803757596906;1.9073089893817223
207;-0.39665233060302085;-0.5304295508833288;1.8730040633581804
208;-0.39628999504410545;-0.5231075227724056;1.8531424687672848
209;-0.399993879173417;-0.5117231310304786;1.8481995873802017
210;-0.40735131509192135;-0.4966201087309752;1.8567478077202386
211;-0.41778491260648015;-0.4781870025388851;1.8791121959527
212;-0.4307611823808719;-0.45719670842404636;1.9169623361373982
213;-0.44564442315278674;-0.43430060307806234;1.9733520121091355
214;-0.4615483616773276;-0.4106011721712748;2.0536172439198612
215;-0.4775263885762986;-0.38724978228252804;2.1600335708257186
216;-0.4930887591802777;-0.36529337460543015;2.3008847966852772
217;-0.50761924929863;-0.3455097513289041;2.488088296364189
218;-0.5203292950684639;-0.32888617531236175;2.7510271907377057
219;-0.5313044471526344;-0.3161270665636742;3.209409939121086
220;-0.5401502371247661;-0.30741692106641516;3.3864416474578705
221;-0.5471802851609373;-0.3028445043631117;3.4809282480588424
222;-0.5529276968082035;-0.30210462088734047;4.075617775276895
223;-0.5581373056359664;-0.3045704024854299;3.775883754230861
224;-0.5629246257281653;-0.30910241543804085;3.977375894817663
225;-0.5682866555645714;-0.31498539357517163;3.6211581162518565
226;-0.5744025596299648;-0.32067362694757207;3.6007184811476436
227;-0.5811821709824102;-0.32539107029740866;3.7687957438960393
228;-0.5885509086697813;-0.3284663832542447;4.065506014172064
229;-0.5960121168562089;-0.3297819253005182;3.6910677541054464
230;-0.6026186208683739;-0.32957662450371394;3.5857598494962066
231;-0.6074905855139743;-0.32880733165279086;3.5361812171839135
232;-0.6099189744000025;-0.3279822869346395;3.5099609519944166
233;-0.6096099411728387;-0.3275636160028762;3.543186142197764
234;-0.6061848217685224;-0.32837234714505303;3.8242933157381658
235;-0.5992373795534351;-0.33127369549411745;3.5697449668999686
236;-0.5890351675412338;-0.33632692189792746;3.3634038889615896
237;-0.5762507761034553;-0.34376897220613223;3.4079703230441742
238;-0.5616730764222355;-0.3530826043123315;3.429913376533755
239;-0.5459356320110795;-0.36412828200580316;3.035789926699583
240;-0.5299590637202461;-0.37608935638228014;2.912485038013193
241;-0.5144436566359007;-0.3883684226868847;3.033595347531068
242;-0.5002796289668925;-0.4001168164731758;2.811214969231992
243;-0.48843450000569194;-0.41057461988742405;2.456402601806295
244;-0.47907762966110534;-0.418834002368338;2.2570597008822024
245;-0.4729887148151459;-0.4245948453230326;2.124338253648443
246;-0.4704297777128306;-0.42690122781234363;2.0395162923903967
247;-0.4714218473874492;-0.4256642584987742;2.0014115344325973
248;-0.4760315681782777;-0.4208051132217395;2.0306130155896276
249;-0.48399532948483354;-0.4123797586721477;2.2573677109739667
250;-0.49499270944254387;-0.40079767376118053;2.0778965107236034
251;-0.5084228941769925;-0.3865801708577025;1.775356518175927
252;-0.5237661607579606;-0.3700914606941581;1.6064132047274704
253;-0.5404214010153219;-0.3521174361800218;1.4869850883870122
254;-0.5576717428770541;-0.3335975128133014;1.395596764574201
255;-0.5752212122664018;-0.3150525800956503;1.3217768476119338
256;-0.5921579917302404;-0.2969371299969801;1.2624374281269963
257;-0.6080624844975676;-0.27989391190841373;1.2134001377365415
258;-0.6224067113634948;-0.26477102137069497;1.1717169294713006
259;-0.6347965808564832;-0.25212283410963887;1.1360157740895733
260;-0.6448746052646601;-0.2418849890144621;1.1062747726245326
261;-0.6527262458683954;-0.23467442036471053;1.0822346211515022
262;-0.6584291587736054;-0.23002378773869725;1.0649249418255446
263;-0.6619576831165226;-0.2277982352727237;1.0536937548934047
264;-0.6635730504138756;-0.227930314594058;1.0481456302825116
265;-0.6635233765340263;-0.23011175603063394;1.049028517700802
266;-0.6621095369591026;-0.23399910711208227;1.0541333770080112
267;-0.6593801317331389;-0.23937092402368854;1.0627532356222764
268;-0.6553514907002067;-0.24622488735115056;1.0751959492465388
269;-0.650073768900602;-0.2545361569253223;1.0896883273993057
270;-0.6434940362477425;-0.264032163793432;1.1050698145397049
271;-0.6348982241605259;-0.2752608657308585;1.1216632566735159
272;-0.6245961747116087;-0.28803418647689194;1.1382795591401433
273;-0.6123685234986459;-0.3024345624477027;1.1541870431433587
274;-0.5985026917759793;-0.3180866137982461;1.1691380838788699
275;-0.5831005147793912;-0.3346929573802807;1.1820355108084768
276;-0.5665205644259571;-0.35185667041270385;1.1925837224695155
277;-0.5490958770738431;-0.3690242713766374;1.2001894450845105
278;-0.531411969434255;-0.3852970520923601;1.205526455403848
279;-0.5139323509983196;-0.4000988297407343;1.2091862577484496
280;-0.49715652024432466;-0.4129266302622492;1.210290851687221
281;-0.4813676623132431;-0.4235409064727492;1.2095356062242
282;-0.46699259182825825;-0.4317426343230557;1.2067748066948225
283;-0.45425993870353065;-0.437598528744479;1.2036390302911533
284;-0.4434370266651007;-0.441390115302772;1.2002427501878885
285;-0.43434894516510986;-0.44358860557808766;1.1962156019860215
286;-0.42694671825826497;-0.4448541703291604;1.1923561729400516
287;-0.42095384351130116;-0.4456579828920383;1.187552559371234
288;-0.41627177345069355;-0.44665926298598646;1.1808413922313366
289;-0.41282781259602913;-0.4479629775207469;1.1737541921524932
290;-0.4104051593606936;-0.4497204837199941;1.1648274211145422
291;-0.40875055254957654;-0.45195044571968235;1.1553804017474483
292;-0.40785426584275175;-0.4543004997163771;1.1452488444757116
293;-0.4081180284030288;-0.4565982444518677;1.1358434758204738
294;-0.40953758955362257;-0.45835546216199213;1.1255307610175889
295;-0.412605558087547;-0.45931707932672244;1.115163395138741
296;-0.41722605577148575;-0.4591241208045319;1.1058839816874575
297;-0.42304879845771376;-0.4575770390628471;1.0979127269027797
298;-0.4303252170627194;-0.4544974727917853;1.0918544336187002
299;-0.43907260638136014;-0.4497549048687335;1.0871565398864975
300;-0.4493406149954888;-0.4434196541550943;1.0863059453796113
301;-0.46056179923498575;-0.43559158180007884;1.0893331414769085
302;-0.4729376633936964;-0.4265815289723778;1.096530857435446
303;-0.48601213222539763;-0.41649155684965966;1.1083611477930106
304;-0.49996816557733026;-0.40551867577888157;1.1279960825948185
305;-0.514622563331562;-0.39390233901447336;1.1571018961039374
306;-0.5296943897929649;-0.38179237608640826;1.1947178425299683
307;-0.5450624947888024;-0.3693699163875177;1.244594448084663
308;-0.5608792809709409;-0.3567533818579066;1.3122742496351254
309;-0.5766938071065691;-0.3440091431934843;1.4034396105361406
310;-0.5927630988645496;-0.3313054589437098;1.535855354920776
311;-0.6090142409780712;-0.31851198336413056;1.7403034908518444
312;-0.6252434643792882;-0.30588918761968875;2.182119169632755
313;-0.6413904076687456;-0.2934734399450948;2.6503452155373473
314;-0.6575281131721455;-0.28134829172597153;1.896626412464325
315;-0.6735109451731924;-0.26964846579608526;1.5733423003823375
316;-0.6895985193928282;-0.2583112537650346;1.3725394882365167
317;-0.7057648780128569;-0.24726292439079856;1.2266899738535222
318;-0.7218305445930029;-0.23658010607114055;1.109642009263247
319;-0.7378444838449354;-0.22612603783448781;1.0117095430139669
320;-0.7533948697933128;-0.21584015987354932;0.9268627442503288
321;-0.7685200245757813;-0.20553165029400655;0.8515639117170387
322;-0.7832049556027068;-0.1950990561672289;0.7835858618258145
323;-0.7971101779960291;-0.18459651133011756;0.7227074721586444
324;-0.8100290922846722;-0.1742866018770105;0.6686189175147399
325;-0.821936377042584;-0.16421607346850076;0.6205314382241196
326;-0.8322571048070802;-0.1545392425963764;0.5770187788976908
327;-0.8409325615379248;-0.14539861812556343;0.5385450787024737
328;-0.8474789348081988;-0.1370603617803876;0.5050670119423335
329;-0.851662701434101;-0.12975831477232214;0.4767399268392728
330;-0.853017585363637;-0.12410697639124557;0.4532193652050865
331;-0.8516929618079595;-0.11998902953302093;0.4342208302036856
332;-0.8477400379914749;-0.1175009274520642;0.41953886618430913
333;-0.8411369685453722;-0.11672893029337505;0.40854657210110484
334;-0.832354696261105;-0.11746804471494698;0.40110211685802377
335;-0.8212047122919705;-0.11967588785792904;0.3969619475529418
336;-0.808503085679606;-0.12275025436612175;0.3955982012325114
337;-0.794995738489606;-0.12618686550285008;0.39630997411064567
338;-0.7812830784146716;-0.1293499746556681;0.3991290577637434
339;-0.7679692702218174;-0.1319473843728063;0.40352931484150184
340;-0.7552255162996325;-0.13358862793999204;0.4086227101186778
341;-0.7434480697779444;-0.13393691395082374;0.41456255381198387
342;-0.7331140670615949;-0.13258606412758578;0.4215465654456009
343;-0.7248126717095549;-0.12923838151631162;0.42912997020877164
344;-0.7187386566347299;-0.12390039479719583;0.4370174130729747
345;-0.7148359997203014;-0.11653868951821611;0.4457869985512115
346;-0.7134822775913197;-0.1073094581174383;0.4546150507021459
347;-0.7143376843648019;-0.09651237893641784;0.4637953657266738
348;-0.7170302317162789;-0.0843250418564232;0.4728601327941111
349;-0.7210998935390547;-0.0710237416209597;0.4814594730145605
350;-0.7266479061053219;-0.05683779758759755;0.4903003902204429
351;-0.7335028851519393;-0.042024981182141596;0.4987401449186929
352;-0.7416467284307784;-0.02670494493306319;0.5065051953084058
353;-0.75043931221414;-0.011224613197637234;0.5132135255068327
354;-0.7601632786953743;0.004263139010671213;0.5192958898256788
355;-0.7701421472364104;0.01971826996261461;0.5247217786221495
356;-0.7804116189725501;0.034857512879669095;0.528661210029039
357;-0.7910046217541933;0.04953708739891638;0.5310942769982228
358;-0.8016095078141933;0.06360611416191941;0.5326206478930176
359;-0.8120128677502709;0.07686631311178949;0.533003649575935
360;-0.8220955956650462;0.08912355517069614;0.5330056031601544
361;-0.831578988908975;0.10024282228918158;0.5325272249935068
362;-0.8401038676798134;0.10995479270328168;0.531996062648805
363;-0.8478547738803365;0.11804855530953762;0.5315638663478577
364;-0.854557477292428;0.12435913721853409;0.531507990752345
365;-0.8600088177720709;0.12864310530553114;0.5316645378569154
366;-0.8637354320596957;0.13061777925628415;0.5322002470030819
367;-0.8656083552407754;0.1299693197544558;0.5331995169065082
368;-0.8650452517862359;0.12650439642709999;0.5347077180666502
369;-0.8623488732662368;0.11995857792506415;0.5369160949184797
370;-0.8572881435266511;0.11035335071008312;0.5407178612912903
371;-0.8503516267773731;0.09802151588347652;0.5455603367927787
372;-0.8412063956476423;0.08285982754903665;0.5508961097096277
373;-0.8300462546204453;0.06519502757103257;0.5567536705340825
374;-0.8169202460101751;0.04521857861918155;0.5631218083309777
375;-0.8027758753981192;0.023649447297101722;0.568874841117978
376;-0.7876465285857355;0.0007136857790092099;0.5742344358627822
377;-0.7717377974593316;-0.022619780530054423;0.5783340117284287
378;-0.7556865633272257;-0.04577052073572152;0.5812977758750812
379;-0.7399343817719553;-0.06839943066448573;0.5827610126974487
380;-0.7248097614126024;-0.08948707222190744;0.5824502004874386
381;-0.7105451279056503;-0.10887562022526931;0.5807345849082792
382;-0.6978017192173633;-0.12640636912713854;0.5769305968553862
383;-0.6858804084758218;-0.14185344186920623;0.5710621114845713
384;-0.6749295928786474;-0.1555606448712883;0.5625324166504924
385;-0.6650419071927629;-0.16765077733306266;0.5521917402735825
386;-0.6562467854270237;-0.17831064284594922;0.5402723036489391
387;-0.648210876887078;-0.1877279976818117;0.526505861298015
388;-0.6408044736212846;-0.19633643152932412;0.5115727713166223
389;-0.6341497028181576;-0.20403180777628083;0.4958414807622894
390;-0.6278590426085872;-0.2111468973469688;0.4791947726261234
391;-0.6219541843437608;-0.21772987452173798;0.4617437314229907
392;-0.6172441003830895;-0.22337215047947245;0.44333592910407776
393;-0.6137648324900388;-0.22808804571104102;0.42430101305082396
394;-0.6122210902371584;-0.23137227499419455;0.4042023145888194
395;-0.6127867900950019;-0.232936986644262;0.3838092901959569
396;-0.6156930036347668;-0.2324026374004463;0.3632376435265991
397;-0.6207619029842181;-0.2296671323306546;0.3425286888791977
398;-0.6282765085462997;-0.22475554736241354;0.3217351088743827
399;-0.6382044558727178;-0.21736541937447273;0.30099987715577736
400;-0.6502184449124957;-0.20773061274182592;0.2806164783470084
401;-0.6643237965993339;-0.19600949926722055;0.25988272048227834
402;-0.6803066291657343;-0.1820626661287923;0.23994109573581954
403;-0.6982278903344386;-0.1662793952296162;0.22010018239914692
404;-0.7179398569629154;-0.14881573818109994;0.2008867132522769
405;-0.7389394568940783;-0.13012045870185318;0.1827774717596141
406;-0.7607611057809955;-0.11045313271460933;0.16601789488100413
407;-0.7829646757413882;-0.0902714441762702;0.151045067587206
408;-0.8053854663960821;-0.070164238122709;0.13773507211119607
409;-0.8271480878743267;-0.050501190938597174;0.12683226010603146
410;-0.8479310229379129;-0.032163525981753205;0.11833580392074772
411;-0.8670442721333409;-0.015537964981105934;0.11279489495362627
412;-0.8840027019235084;-0.0012698234452820367;0.11021404553891023
413;-0.898411642086627;0.009986590263582396;0.1107330478584723
414;-0.9099405445164865;0.017952994665848432;0.1138004003093123
415;-0.9183883716049911;0.022216359668339347;0.11896832727462311
416;-0.9237366392044934;0.022668743096240784;0.12562344296519007
417;-0.9257992393323875;0.01940189100584322;0.13333488320007053
418;-0.9250047990568315;0.013034685448402916;0.1410819037546589
419;-0.9220034046354977;0.004250174657822736;0.14798710943789867
420;-0.917132336573304;-0.006009368180076025;0.15360165601774167
421;-0.9109150047154415;-0.017152003045577402;0.15727121121639692
422;-0.9037798574923982;-0.028376784472130767;0.15862351048241297
423;-0.8963525639691249;-0.038675592708959594;0.15741782328234055
424;-0.8886981302669135;-0.047455134428205925;0.15369016445706868
425;-0.880842805594618;-0.054345814998003505;0.14793329642363984
426;-0.873130079908454;-0.059295791127043196;0.14034436435720968
427;-0.8655498716876531;-0.06198497487455401;0.1314241538843317
428;-0.8578914671548333;-0.06255133255761547;0.1216850297181388
429;-0.8498871008775106;-0.06143605261107554;0.11171309850512287
430;-0.8413187889691907;-0.05893812380081975;0.10201742018126345
431;-0.8325767614780619;-0.055360731650665906;0.09284807842128068
432;-0.8232955741938817;-0.05088228691988739;0.08459788299861501
433;-0.8140297741616875;-0.04568079806021019;0.07755607158847597
434;-0.8042602924879108;-0.03997274939045503;0.07207595086589852
435;-0.7946718492588392;-0.03386470268420627;0.06822721217792663
436;-0.7852785979487711;-0.027461272310960294;0.06613457869359532
437;-0.7765065954763681;-0.02083336488748444;0.06578475088099692
438;-0.7677020798667196;-0.014001246456744498;0.06719980698381747
439;-0.7593367481249707;-0.007187812477013167;0.07036939561606267
440;-0.7513396394735777;-0.0005786987871602145;0.07500601802028167
441;-0.743608602643534;0.005591537035706029;0.08113850208802181
442;-0.7356288165830097;0.010975763762978819;0.08841087458261693
443;-0.7274202285485329;0.015195431104900181;0.09639578808232785
444;-0.7190974449147967;0.018046903057031605;0.10488378332011522
445;-0.7104316823843239;0.019075273139385285;0.11350365030750681
446;-0.7008631375531422;0.01806809093205064;0.12200989940309293
447;-0.6907805587400684;0.014986417178004974;0.1299966185627729
448;-0.6800659255874775;0.009768197521794253;0.13748080522864853
449;-0.6689293806775549;0.0024592069896045565;0.14361306740782587
450;-0.6576226853794458;-0.006383561199231669;0.14819704488138247
451;-0.6465903339290608;-0.016405295052277946;0.15095839895458352
452;-0.6367415391828075;-0.02684643505811457;0.1515719024236529
453;-0.6284262608244208;-0.037160547683762646;0.15041920523491506
454;-0.6224037961132738;-0.04679714113881106;0.14717653419550322
455;-0.6187733284762509;-0.05479738291266356;0.14212710605704368
456;-0.6180450069734125;-0.06046357123604662;0.13571643801143984
457;-0.620609884807972;-0.06339369436370779;0.12826125389004361
458;-0.626470904212151;-0.06328808548560272;0.12049066799516062
459;-0.6351373704791383;-0.06033512227568605;0.11316776533300821
460;-0.6462711257196556;-0.054615088687062774;0.10682953568192097
461;-0.6594879802886318;-0.04651326785430521;0.10216695558241057
462;-0.6742802477819774;-0.036742810050896524;0.09952825432197854
463;-0.6895785949287465;-0.025715079507160676;0.09946853343422685
464;-0.705008625354882;-0.014436085799272691;0.10201978678934562
465;-0.719968141868126;-0.0037265554238268273;0.10727023348918008
466;-0.7334562139893321;0.0059097959240117515;0.11528205225776397
467;-0.7456409553696828;0.014044012253688343;0.12551254811491397
468;-0.7564643672066225;0.020387417715252987;0.13760291635711056
469;-0.7665369108490157;0.0250261687397213;0.15108303866833533
470;-0.7758031651805961;0.027986563672280695;0.16522757179907094
471;-0.7849833172079763;0.02946804425455196;0.1794621180961806
472;-0.7943994844599971;0.029791624056209942;0.19296155733490244
473;-0.8041846256218057;0.02929934831307246;0.20525003343944903
474;-0.814825105607925;0.028242578434164556;0.21587219684661238
475;-0.8263964619879025;0.027047727218215023;0.22438423796880888
476;-0.8386837566515757;0.025996110434344688;0.23085012752359776
477;-0.8517882173908564;0.024978244827446927;0.23499777196948854
478;-0.8651189720402918;0.0240619999746996;0.2370478745410066
479;-0.878468086837762;0.02292313880161878;0.23708369896535897
480;-0.8910925900512829;0.02131504422063557;0.23582958961376396
481;-0.9027968351537271;0.018862603170128667;0.23312591643912933
482;-0.9130944933330316;0.01527385080210708;0.22949802053821095
483;-0.921834046281875;0.010713705395220985;0.22490389569980776
484;-0.9289863264873333;0.005036137379392347;0.21937422098131745
485;-0.9345702502687613;-0.0014127706531600337;0.21314540663926826
486;-0.9386435686126847;-0.008393175100021688;0.20661725293991595
487;-0.941570184547802;-0.015404462597396584;0.19957690742448145
488;-0.9435474386314562;-0.02190709245853195;0.1924335521121075
489;-0.9447101856556417;-0.02747703288762371;0.1852280047190703
490;-0.9452939415848589;-0.031866023346914574;0.17825576310184565
491;-0.9456057092107465;-0.03507456429985967;0.17162982649189013
492;-0.9456873407996916;-0.03666000687392601;0.16560401976477332
493;-0.9455452249153216;-0.03688326395896202;0.16041475787889015
494;-0.9453502987528244;-0.03584231155505657;0.15608201691794277
495;-0.9451003051055513;-0.03351563741135544;0.15272686083593695
496;-0.94485819247598;-0.029991282819621046;0.1504289719555425
497;-0.9447264042120836;-0.025493607829581544;0.14956841437629967
498;-0.9447416064622317;-0.02024333967128511;0.15014833499777236
499;-0.9449543902694889;-0.014370751495999756;0.15199252531300392
500;-0.9455868729601673;-0.008270150315573876;0.15529468743605143
501;-0.9466997120615964;-0.0022613214624024325;0.16000107365954486
502;-0.9482242684406299;0.003355346397129977;0.16584047342502983
503;-0.950014308629654;0.008366735217028909;0.17273295862156057
504;-0.9520175687123748;0.012376986396228307;0.1801904890722269
505;-0.9540907256233261;0.015019217290352715;0.1879711017146007
506;-0.9559622242797281;0.016129862117532978;0.19582306031826813
507;-0.9574645117001789;0.015663705518668025;0.203328790225748
508;-0.9583558589879119;0.013410909385382919;0.20986556530088094
509;-0.9584863406146447;0.009589436141278385;0.21533590761039031
510;-0.9576258838106741;0.004303555148931215;0.2192387245919456
511;-0.9559188299103767;-0.0019798135930224614;0.22101317098481787
512;-0.9531806868434318;-0.008765164551952642;0.22076146976983785
513;-0.9492972505752514;-0.015931116887992536;0.21848021756376032
514;-0.944298381333231;-0.023032524624516104;0.21419296888280584
515;-0.9384092134193602;-0.029572283504419095;0.20796945262800726
516;-0.931716616917384;-0.0352788460372202;0.20022943536886983
517;-0.9242572912568514;-0.04002712132030117;0.19150494975429408
518;-0.9163102321058374;-0.04367234267018438;0.18194061872507553
519;-0.908204898098282;-0.04618543184457691;0.1717342625334172
520;-0.8997548505080741;-0.04756135195343181;0.16138740571055124
521;-0.8913429738190713;-0.04797700887261824;0.15116963226462776
522;-0.8832375298759165;-0.04731828628777912;0.14123140263383685
523;-0.8754126321755805;-0.0458577660040822;0.13195734781028481
524;-0.8684395093539291;-0.04366233324214319;0.12363164750394037
525;-0.8622598296138575;-0.040969835285231904;0.11636062586308088
526;-0.8570785198013757;-0.03795382764933475;0.11008617637922999
527;-0.8524247497273336;-0.03453478929007425;0.10495050632994624
528;-0.8487082903845715;-0.030991550447411753;0.1009914681172871
529;-0.8458589097351923;-0.027399392345934803;0.09813815223862724
530;-0.8436202684759937;-0.02386492181437283;0.0964721866726686
531;-0.8420701023255275;-0.02056458964459984;0.09575979913013505
532;-0.841026958207566;-0.017580439085164934;0.09595977341219919
533;-0.8406484273138395;-0.015050053590170864;0.0969730053355472
534;-0.8403784024946066;-0.013118316886819192;0.09866976497565061
535;-0.8402694417415467;-0.011692325295731831;0.10075544820719567
536;-0.840421780428108;-0.01077064683433071;0.10322200722750338
537;-0.8407012360027029;-0.01038935665486418;0.10574983188807846
538;-0.8414580545043795;-0.01048429237638715;0.10823777641225799
539;-0.8423344135271955;-0.010970886848000738;0.11057147308534523
540;-0.8430962241274315;-0.011801886330165101;0.11249836834886259
541;-0.8437158809504511;-0.013046837886041773;0.11403032549550501
542;-0.843900226215077;-0.014653829470084756;0.11514766568834425
543;-0.8439378483354709;-0.016480608892371573;0.11565484361127423
544;-0.8436946467823077;-0.01834431363702771;0.11566368459486526
545;-0.8426383720475077;-0.020421479847380963;0.11509443966007482
546;-0.840930549028897;-0.022594935244669156;0.11403303960616984
547;-0.838562701051309;-0.024968641100375333;0.11235700139767749
548;-0.8353256392462047;-0.02742920650556191;0.11008833967513867
549;-0.8314771011184077;-0.02989518100293087;0.10743152223450883
550;-0.8271772980233532;-0.03251131649817396;0.10434650582192309
551;-0.8226384332093828;-0.03520804467581784;0.1009953926096433
552;-0.8172721829687848;-0.03799342574980802;0.09715581422248629
553;-0.8112458835611871;-0.040718932716181766;0.09311896971481692
554;-0.804443111513848;-0.04337486873368179;0.08883696105696315
555;-0.797149365536205;-0.045837094728423566;0.08430878389803237
556;-0.7887964060514085;-0.04799261928401333;0.07978310501052382
557;-0.7801684817206693;-0.049857864789134565;0.0751810061931017
558;-0.7711347983947097;-0.051357213791131895;0.07057672219312211
559;-0.7619882814267518;-0.05245859830408384;0.06594715147825314
560;-0.7526678551347117;-0.05298975927861138;0.061371826878327096
561;-0.7438006906642041;-0.052813561886580374;0.05687849697729069
562;-0.7353319961445438;-0.05179087713205455;0.05248562032903914
563;-0.7275149609515055;-0.04985208918920836;0.04827721643492516
564;-0.7209092576388961;-0.04692252852917367;0.04444908799290026
565;-0.7155306960508674;-0.042894557555335555;0.04088985870732892
566;-0.7116479244431867;-0.037699670255913476;0.0378063298156317
567;-0.7091412152579795;-0.031426079593082745;0.03528216559330777
568;-0.7082833009950342;-0.02405808323651304;0.03333281206383443
569;-0.7093886961803602;-0.015591108865959935;0.03216928903560029
570;-0.7118920747019499;-0.006071934810594648;0.031904227700828736
571;-0.7161015256425217;0.004351768245462684;0.032575206621950153
572;-0.7221033529352869;0.015605729478285202;0.034299102239849055
573;-0.7297967805603311;0.027437477244050545;0.03710624288345135
574;-0.739708556163438;0.03964390708746168;0.04104608882352659
575;-0.7511411295210346;0.05213917848062877;0.046184254641240124
576;-0.7639916515009775;0.0645247781013738;0.052522052556787324
577;-0.7778994310193422;0.0765825562296133;0.059993816431620495
578;-0.7930598868459036;0.08790603320406765;0.06846719945770335
579;-0.8094102817760008;0.09826360138354484;0.07814830870909079
580;-0.826648921129703;0.10735463005030765;0.0887712771755946
581;-0.8444901799862959;0.11467803221180595;0.10007584005375589
582;-0.8627203081765966;0.1199965354678314;0.11235258806104237
583;-0.880998150542164;0.12303736331300585;0.12509845278447237
584;-0.8987137032209516;0.12362797133055681;0.13848486250255854
585;-0.9154194429568914;0.12170210191824649;0.15232369902193515
586;-0.9309426279672511;0.11681926846261614;0.16645873022997956
587;-0.9443888330137495;0.10917075822203415;0.18068056687463993
588;-0.9550829961562349;0.09875106729911431;0.19514251282399758
589;-0.9621470629668438;0.08554008087984466;0.20969604659727697
590;-0.964887148172197;0.0700494342339828;0.22411974300527715
591;-0.9627764070809977;0.0528204259697278;0.2383587631668586
592;-0.9551954259875088;0.03477287429169429;0.25229422189893197
593;-0.9413353761436078;0.016377803095511845;0.2659554798457547
594;-0.9211544018716735;-0.0013886869379877709;0.279104907954243
595;-0.894600901775422;-0.017989784954705712;0.2915435390796113
596;-0.8620817289615061;-0.032921869976337836;0.3034513356470807
597;-0.8244020670008655;-0.04608981448050575;0.3148849068385507
598;-0.7816965253048338;-0.05793252491485168;0.3257512449805197
599;-0.7346886840382925;-0.06898051037212849;0.3363675655462327
600;-0.6849051844202387;-0.07972075607170459;0.34679010052185816
601;-0.6331118997589358;-0.09076726572646665;0.35705186191112903
602;-0.5810259710272605;-0.10248512881697946;0.36758289631133284
603;-0.5292484934207529;-0.11551347954852931;0.37816305561711744
604;-0.47870308970683834;-0.12985873263350334;0.3891691722776157
605;-0.43078384076835885;-0.1452052235868143;0.40083026407460975
606;-0.38739990849278116;-0.1611152237507641;0.41362026815492825
607;-0.34901228007519436;-0.17741461242175427;0.4278033337690771
608;-0.31673567258940205;-0.19347869373956245;0.4438204636220913
609;-0.2914285120043827;-0.20874923879297502;0.46171866829891217
610;-0.2739568414458531;-0.22287009308810507;0.48252417027001293
611;-0.26405601946901835;-0.23556759499548008;0.5068266777556196
612;-0.2615533530989687;-0.24732200625521056;0.5362754030013344
613;-0.26598808151819664;-0.2582016289493684;0.5722604244658476
614;-0.2764106180886582;-0.2684304174555882;0.6156000387796778
615;-0.2912847591372598;-0.2786245886012944;0.667220801883367
616;-0.3093041001756614;-0.2894106826215995;0.7306052856602094
617;-0.3284419071107486;-0.30071630533095833;0.8070701933332469
618;-0.34707276584474367;-0.3134257176072528;0.9009337733361276
619;-0.36348674916881085;-0.32777455886010165;1.0169906708800693
620;-0.37603609716605685;-0.3441696360286366;1.1638872253657495
621;-0.38349673345832913;-0.36279262841441834;1.3610939399304154
622;-0.3851129029994639;-0.38366340063560816;1.6640707582247365
623;-0.38088734967829685;-0.4063026565876145;2.4316446635177935
624;-0.37141660999135406;-0.4301593552078023;2.072762590537925
625;-0.35783881548622853;-0.4539154374475849;2.0679286165460113
626;-0.3414970746592184;-0.4767019510207601;1.704719019114961
627;-0.32392805423292126;-0.4977546202146481;1.5521843562666051
628;-0.3061906744988754;-0.516866633918373;1.466916053390094
629;-0.2892784957157969;-0.5340465850238231;1.4149043424886831
630;-0.2740087284716636;-0.549131122986707;1.3845428525461305
631;-0.260822612270737;-0.5623470420022221;1.3704654944127106
632;-0.2499885983327812;-0.574029780052449;1.370289570981541
633;-0.24170258738893796;-0.5843942075757016;1.3829162380091553
634;-0.23577208762753804;-0.593513493328421;1.4090341351811402
635;-0.23236890187110643;-0.6011691045489231;1.4505976382068912
636;-0.23115976292933138;-0.6074633364907953;1.5121997176050208
637;-0.23234881890663456;-0.6121984858732791;1.6028454945429575
638;-0.23613902048508276;-0.6146201528256897;1.74228465704
639;-0.2423879694506721;-0.6148345058104545;1.9917937585174066
640;-0.2508493666834266;-0.6130660375903363;2.476766677822046
641;-0.26147943762743436;-0.6093691169267781;2.1777828695878223
642;-0.27419091852447025;-0.6036205444427089;2.4330094935099504
643;-0.2886294736676772;-0.5960101398112636;1.8442915622499851
644;-0.3048432125474524;-0.5868150227102372;1.631237073459856
645;-0.3226310581573235;-0.5761926015867644;1.5031644234378065
646;-0.3414976807450828;-0.5643507403616058;1.4240126248398295
647;-0.361160607698347;-0.5517736363072324;1.380255160101618
648;-0.38125696165451517;-0.5388608803720862;1.3704950898245631
649;-0.4013291172922;-0.5257098108652386;1.3947571232977032
650;-0.4211865260964151;-0.5127069628089158;1.4636872375603003
651;-0.4406267803722067;-0.4999469316232073;1.6089796989180525
652;-0.4590092287978087;-0.48761531124275587;2.000511706301857
653;-0.4759253353291618;-0.47613453990965926;1.8583150211993598
654;-0.49104155559615226;-0.4654676467562108;1.7787286320127729
655;-0.5040001112680167;-0.4559607946332641;2.2276979529657015
656;-0.5143952223186248;-0.4479079251249406;1.6364413222249687
657;-0.5222013298350898;-0.4413646330045551;1.3987484406561537
658;-0.5271238270978141;-0.4365766007023296;1.2612477895444314
659;-0.5293760650218466;-0.4335564042587776;1.1702430222019378
660;-0.5286738898177221;-0.4326014877676465;1.109036085268293
661;-0.5251205174457416;-0.433793939651826;1.0698015812376935
662;-0.5189407776747803;-0.43725715080902705;1.046610930566944
663;-0.510346014789365;-0.4427172738557974;1.0359833561627672
664;-0.499574683681127;-0.45003253374633656;1.0357476275143673
665;-0.4869679962118957;-0.45907791246285945;1.0435967634581016
666;-0.4727635236562967;-0.4696023663836769;1.058519632017643
667;-0.4574828368633183;-0.481247424589094;1.0788212402211674
668;-0.4413639593724901;-0.49379600999516116;1.103430015062846
669;-0.4245989964410746;-0.5069220623569315;1.131282244482286
670;-0.40754309331073246;-0.5203483451925058;1.1625828920437065
671;-0.3905362314126612;-0.5337068232702344;1.1950386091837464
672;-0.37398771020657945;-0.5467888041057047;1.2295991647626474
673;-0.35800554301525;-0.5593609583346111;1.26536506724308
674;-0.34278074035654194;-0.571036962892973;1.3022942969259734
675;-0.32857599370533824;-0.5817310045736352;1.3407545819155515
676;-0.3157482217064244;-0.5911477148280889;1.3805709439182632
677;-0.3045083640452494;-0.5990351458146685;1.4233682467282653
678;-0.2950116043867978;-0.6054076580731007;1.472947890370975
679;-0.2873725165409937;-0.6101653733715022;1.5356922111930253
680;-0.2817363342968162;-0.6132294340349344;1.6123289491427986
681;-0.2779911026405616;-0.6145794681755443;1.7242988244620612
682;-0.27614300061596186;-0.6143977855951486;1.9405233080676778
683;-0.2763141642751552;-0.6126352676771195;2.161891022904011
684;-0.2788206318287195;-0.6092398427487955;1.7836337901638446
685;-0.2836956085451933;-0.6040254462746626;1.6315392467112004
686;-0.29122150287504955;-0.5971184233656497;1.5381712120926034
687;-0.30089629699080567;-0.5883549760972206;1.4730307205529036
688;-0.3129919383528569;-0.5780818233214011;1.4259854221361044
689;-0.32731213041358853;-0.5661937781220668;1.3938950197544648
690;-0.3439934710826844;-0.5527440193721013;1.3761127677856537
691;-0.3628479997739831;-0.5375787921496293;1.3766684429741736
692;-0.3835256078485264;-0.5212757368629329;1.3949663441365037
693;-0.4058026472502313;-0.5040235181064039;1.4393934201104035
694;-0.4292596187215406;-0.4859156931408174;1.5148074289622284
695;-0.4538783044339813;-0.46731407321691437;1.6354513944605327
696;-0.47905794063308293;-0.44822237105055485;1.8370979848132616
697;-0.5041661367512076;-0.4291956764481732;2.2856200261393855
698;-0.5284724998416063;-0.4108816635532479;2.3150835113291355
699;-0.5511911494402661;-0.3938197815775012;2.5892543802529495
700;-0.5718747269199269;-0.3785970789283526;2.291873077010406
701;-0.5899107394953735;-0.36576928611169035;2.482158536694884
702;-0.6047200043801632;-0.35562934247298217;1.9366935143522024
703;-0.6160242670125918;-0.348542889752363;1.63546746616817
704;-0.6233123865252478;-0.34474650899667036;1.4623957980559326
705;-0.6268034053689703;-0.34439048126686256;1.3497508297736138
706;-0.626226973958335;-0.3471812028549457;1.2784074374601033
707;-0.6219270386768372;-0.3531826563679984;1.2387154166408187
708;-0.6144331449464997;-0.3618918850409818;1.2253656989032464
709;-0.6038983085910437;-0.373032978162835;1.2372693972947406
710;-0.5906961121516613;-0.3863747344662125;1.2742795968432419
711;-0.5753784882661943;-0.4014472494235577;1.3415721056170544
712;-0.5585122475177723;-0.417814539668642;1.45777209111636
713;-0.5405287793425926;-0.4349087564801386;1.6922597861593218
714;-0.521829820360899;-0.4525122385300603;1.8850076516839767
715;-0.5027309501596224;-0.4702833426245955;1.5576483448210412
716;-0.4835973025948241;-0.4878485646249717;1.4461833144196545
717;-0.4644578511750451;-0.5050399351660687;1.3902341275146024
718;-0.44552246047629385;-0.5217501419987394;1.3607726380995149
719;-0.42698032417426635;-0.5375651547995542;1.3491810730073435
720;-0.40917007552387785;-0.5524782233296787;1.3504458117794085
721;-0.39198526556848406;-0.566201394324549;1.3608502754617209
722;-0.37543221354651723;-0.5789005266636943;1.3792454055327905
723;-0.35991364204834786;-0.5901547582751663;1.406242572658694
724;-0.3454188480759839;-0.600026531727382;1.4388091907447091
725;-0.33199934013268484;-0.6084285207856583;1.4812300206340503
726;-0.3194870930751145;-0.615535395255801;1.5295340109763664
727;-0.3083599722267104;-0.6211543366657297;1.5888176648955177
728;-0.298494651012683;-0.6253236478362343;1.6525314945564769
729;-0.2896950834274864;-0.6282112842542829;1.7239841329666474
730;-0.28206806630260384;-0.6299280408321283;1.8100896772232846
731;-0.2757419449486132;-0.6304596956430992;1.9336870800328625
732;-0.27069348815792865;-0.6299288611385618;2.096288976863572
733;-0.26662212327622825;-0.6285321302097513;2.3566512277328715
734;-0.2637414183304526;-0.6262769226932827;2.863419408020888
735;-0.2618775717706835;-0.6233534467602417;2.435697978619197
736;-0.261250868090192;-0.6197850329283165;2.359848104975256
737;-0.26184349701801474;-0.6155164805748908;2.3180539944964886
738;-0.263729309415781;-0.6106775367515531;2.325478395363236
739;-0.266898037760634;-0.6050724995439812;2.3718083329699784
740;-0.27132884244545075;-0.598744864618656;2.441966968458934
741;-0.27696597523469535;-0.5918100565572064;2.547833122520247
742;-0.2838852350742153;-0.5842599970151738;2.6988162685598254
743;-0.292272710898307;-0.5758205584553547;2.900340024336036
744;-0.30208820712213746;-0.566626425817726;3.1939412616612453
745;-0.31313874505491374;-0.5566709374298086;3.698279107100846
746;-0.3254420952214172;-0.5459411655747514;4.519414117104613
747;-0.3391287678671683;-0.5346475332753986;4.922610228410509
748;-0.3539045233300061;-0.5226293986218883;3.8300168237010603
749;-0.3698692330588034;-0.5099389322491299;3.1770872607226215
750;-0.38701856657491396;-0.49634263689966857;2.794812801726528
751;-0.4053089247982987;-0.48191473563882065;2.5140328143664727
752;-0.4242296036034921;-0.4668462888073614;2.3038329298583893
753;-0.44378539497968067;-0.4514145949293208;2.1454367136143873
754;-0.4636355700195993;-0.4358221670061619;2.016503389621281
755;-0.48373116933660587;-0.42007259762447846;1.9163175021786445
756;-0.5038067702706608;-0.40446244935915154;1.8440093827182718
757;-0.5236872129035265;-0.38925733471787805;1.8084134467207766
758;-0.5432484911746358;-0.374507165907377;1.8057002197180407
759;-0.5617656682550389;-0.36066844067456727;1.8524031023637015
760;-0.5789459634766325;-0.3483065322505855;2.0694758477663844
761;-0.5942399679807588;-0.3377201242321156;2.0420251038353947
762;-0.6069233659980411;-0.32928749205117425;1.7335879756592734
763;-0.6162232793668678;-0.3239184730999132;1.5834357813645192
764;-0.6219357887861278;-0.322076920975475;1.4967488065818504
765;-0.623454249450015;-0.3243138623745121;1.4403737446563027
766;-0.620402675258924;-0.3309417921087383;1.4077898498135286
767;-0.6133460688591219;-0.3420136613419462;1.392961492958705
768;-0.6025225457137665;-0.35684130378139955;1.3942172206036627
769;-0.5880815956311038;-0.37545368198883766;1.4113405792347233
770;-0.5714655940668023;-0.3967735147926561;1.4461708665819486
771;-0.553880708422203;-0.41923235455457364;1.501567360713765
772;-0.5372307410181641;-0.4413339193284428;1.5885790825008819
773;-0.5228798944953594;-0.46141005994081774;1.7346202427451665
774;-0.512237396389271;-0.47805620692431255;2.070152255109335
775;-0.5064006141145786;-0.4899049242391593;2.047978053219018
776;-0.5058384251201637;-0.49634124797802326;1.93810139759825
777;-0.5106709669751935;-0.4968400486918419;2.318691992650096
778;-0.5207574194069459;-0.4916848617946179;1.78819514623611
779;-0.5350558352648497;-0.48121306711873013;1.5400727068895703
780;-0.5527276173924017;-0.46658880341097053;1.4007927208391298
781;-0.5725273546530385;-0.4486419870447508;1.3152940577141055
782;-0.5934767124357325;-0.42853128323714085;1.268808498609992
783;-0.6141398541826099;-0.40746722015042447;1.255940828603637
784;-0.6338971379945567;-0.38655570113571536;1.2752453151374508
785;-0.6519538797154845;-0.36654568726823544;1.3356039814682108
786;-0.6678186625355806;-0.3482430538591409;1.459179062744031
787;-0.6810549428509607;-0.33198699642903984;1.7752292310771127
788;-0.6913953140278173;-0.3183589161099859;1.7123426378193949
789;-0.6987660976599905;-0.30755666394251147;1.5045928754914513
790;-0.7032391776281982;-0.29964586654036507;1.444656827433364
791;-0.7052130107705613;-0.29436775495400935;1.4526329822780637
792;-0.7046885185672614;-0.2914991735810126;1.5300278302581864
793;-0.7021959341037379;-0.2906824183096234;1.792306632634415
794;-0.6978855818305987;-0.29157695162986985;1.695371837837967
795;-0.6922304435704687;-0.29366154917467024;1.4190422438254768
796;-0.6856114004371217;-0.29659232159500915;1.2760935966329452
797;-0.6785355660530816;-0.2996507859521178;1.1766252338610537
798;-0.6713891051475709;-0.3023516023391508;1.098757256002083
799;-0.664586803286349;-0.30428453947773804;1.032711281800477
800;-0.6584277061602904;-0.3049338829459527;0.9755814884746583
801;-0.6533180882927484;-0.3041800465569595;0.9245365381737407
802;-0.6493471785018445;-0.30179270863479035;0.8789017404353994
803;-0.6467706609964501;-0.29768839916709355;0.8379638659688429
804;-0.6457568187656608;-0.29211094352685163;0.8027835106689201
805;-0.6464372869826818;-0.28485923659401846;0.7727890756967206
806;-0.6482985195611668;-0.2764114285904038;0.7478049148381398
807;-0.6513679445433684;-0.26689687243254323;0.7281680246711073
808;-0.6551799431169618;-0.2566692625711777;0.7146042042447043
809;-0.6598383315972411;-0.24594911877136438;0.7071651337882832
810;-0.6648662404379262;-0.23498829313929404;0.7064308734495468
811;-0.6702433662171964;-0.22406691085113728;0.712564319639567
812;-0.6756555634258178;-0.21369414984064516;0.7263676271551215
813;-0.6804943862791855;-0.20441054010896853;0.748219528147041
814;-0.6845689692014761;-0.19644371372439484;0.7782998517541193
815;-0.6877240670866244;-0.19006078868572407;0.8173305606289154
816;-0.6897396478818725;-0.18568697606102957;0.8661089676091238
817;-0.6904438473473887;-0.18335556605959857;0.9252659952885463
818;-0.6896315675944558;-0.18320031285429073;0.997776386038101
819;-0.6876972855926594;-0.18512552819427341;1.0865007772465693
820;-0.6842151186831529;-0.1897481647556033;1.2006462263862823
821;-0.6792481471907907;-0.19687371540289678;1.3566937277434055
822;-0.6726264879058212;-0.20642224975939405;1.6145908836909109
823;-0.6646804650523179;-0.2183208576311927;1.9614465225629862
824;-0.6556981952308069;-0.23215083275474147;1.6089201609244381
825;-0.6454631047481942;-0.24806380420133833;1.527617284710497
826;-0.6343250003241293;-0.26585761897643545;1.5096474145367977
827;-0.6220430389504583;-0.28550182711718874;1.5244354728562415
828;-0.608851292537203;-0.3063466913401389;1.5606686234187594
829;-0.5949817975493609;-0.3283380711105821;1.6155894700784488
830;-0.5806420082967999;-0.35118926804036776;1.6883015773129084
831;-0.5658476794751419;-0.37459417049843013;1.782344453284934
832;-0.5511898516589979;-0.3979519791061069;1.904719079845441
833;-0.5370956944708832;-0.420445367532415;2.0800495264197605
834;-0.5240159982815439;-0.4414962983044395;2.4582298824231836
835;-0.5124876041919577;-0.46027859860207454;2.364224695207356
836;-0.5028960268075872;-0.47628995794675344;2.1847110241791077
837;-0.4954661806149156;-0.4891721804349999;2.1303942531206963
838;-0.4906823684499642;-0.49846606279085104;2.1247835413609524
839;-0.4886183565254899;-0.5037175760826695;2.1487299717732915
840;-0.48903400820147847;-0.505301594539281;2.1935774994167083
841;-0.4917406117762129;-0.503572608988527;2.2629361431265083
842;-0.4966348082196136;-0.49895412995623634;2.360032088209946
843;-0.5030544089592199;-0.4919158070076505;2.4896590949330886
844;-0.5104870695958623;-0.48322714509423453;2.665388040210869
845;-0.5185290288902122;-0.47361069132851896;2.91010082552634
846;-0.5267026673669409;-0.4635322446615171;3.3010349155815173
847;-0.5346845639275896;-0.45369531967758236;4.32033597923468
848;-0.5422290305677042;-0.44423591934606943;3.465222191283443
849;-0.5493308439409172;-0.435454835595833;3.176800673409514
850;-0.556041807631712;-0.4270929274680181;3.051544864209313
851;-0.5623067832071013;-0.41913779247773963;2.9967830909944597
852;-0.568347530429363;-0.4116638648303954;2.983513732600491
853;-0.5740147962271595;-0.40447597756848497;3.0006443713482365
854;-0.5792270137430059;-0.39736157408887496;3.0450210011521386
855;-0.583753662577658;-0.39061596247000996;3.1162813537892147
856;-0.5876999670017065;-0.38414111517236826;3.2128241551936925
857;-0.591111539984152;-0.37773101465505954;3.340663064631922
858;-0.5938496260056095;-0.37154016958100444;3.5085146343937987
859;-0.5955588435967026;-0.36580656928556854;3.7272820749874613
860;-0.5958526122915091;-0.3607477021821185;4.033777424195369
861;-0.5946190254697314;-0.35650660270995327;5.254549595951285
862;-0.5922591007314315;-0.35295053611241234;4.453629165310595
863;-0.5883097534940936;-0.3504387622892504;4.555398093983019
864;-0.5822856354945474;-0.34935666478309957;4.837462918667625
865;-0.573744280928015;-0.34991108171780727;5.425837471456141
866;-0.5632292686277922;-0.3524192049974577;5.677887481403735
867;-0.5506307052464992;-0.3568235534291866;6.246543689492975
868;-0.5360829677723753;-0.36310943806671303;7.08203372181359
869;-0.5198134418425211;-0.3713494980930434;6.412985439013246
870;-0.501573389867602;-0.3817273011454896;6.105398318069018
871;-0.4816467212979946;-0.3943465204010932;5.113142277774834
872;-0.4604454701449335;-0.4087780197438075;4.611539836836063
873;-0.43834404523681464;-0.42493295141977516;4.266051785239463
874;-0.4155789284935082;-0.4424950020412719;4.006938275146246
875;-0.3929708469979497;-0.4610725393289822;3.816434651069371
876;-0.37091396972488233;-0.4802440946113501;3.714237972919395
877;-0.3497554567517675;-0.4993558711003635;3.7408319949406357
878;-0.3301210800130412;-0.5182206900365265;3.7499080490109296
879;-0.3122959508254396;-0.5362025651409158;3.2352198117804725
880;-0.2967649611925212;-0.5526231924732214;2.953592863604655
881;-0.28376924343763743;-0.5675967169477915;2.7423162737388576
882;-0.2734204331895651;-0.5806839353907555;2.5672558120413984
883;-0.26587024150167066;-0.591751457413434;2.4175398394420204
884;-0.26101241317093765;-0.6007236070390138;2.2946018171532536
885;-0.2589514617060631;-0.6076977632906272;2.1945811520080065
886;-0.2593145674781456;-0.6122839366321363;2.1204597958483418
887;-0.2619032312690047;-0.6151478623111593;2.077361167349773
888;-0.26700140953545115;-0.6155970868656676;2.0914039662035457
889;-0.2737181402682895;-0.6141741638188182;2.2739950097726034
890;-0.2820838849642395;-0.6109862911632236;2.1330336665257574
891;-0.29181725250252544;-0.6057888729899065;1.7793009822031454
892;-0.30272471518958544;-0.5985933256917358;1.5717084220399171
893;-0.3147493696099501;-0.5896656940708108;1.4183752036100281
894;-0.32762756576895036;-0.5789575563161424;1.2977941004256122
895;-0.34146625392278945;-0.5668024643526557;1.1993566777038875
896;-0.35602144147627557;-0.5534506886246199;1.1212562803873087
897;-0.37116026723983153;-0.539370385702032;1.062942822614581
898;-0.3867537611369761;-0.5250061030029944;1.0210703700847021
899;-0.40209623394164123;-0.5112753944285465;0.9944229142903429
900;-0.4170630977505856;-0.4989609888211594;0.9846360859979268
901;-0.4314118793709245;-0.4880937408027959;0.9916561543622712
902;-0.4452013443004002;-0.4792118819103846;1.0166622062143071
903;-0.45812407148725076;-0.472349589107374;1.0606619586230301
904;-0.4700470515935542;-0.4675724448610826;1.1244001525452645
905;-0.480916775278283;-0.4649930996735044;1.211741399994897
906;-0.49132736681707834;-0.46418107789726676;1.328404057546135
907;-0.5011899678466276;-0.46446249855127797;1.4837436620484903
908;-0.5104998159174307;-0.4652355054806886;1.6946281918922022
909;-0.5189900333818543;-0.4661905363251124;2.0054682108879947
910;-0.5267161343146813;-0.4671626362972785;2.7021149547546175
911;-0.5336029984635412;-0.46801212814785664;3.350788831734313
912;-0.5396954418154216;-0.46822414271487645;2.3547916128515904
913;-0.5452408750993706;-0.4673379679323749;2.1919978856766216
914;-0.550120763875847;-0.4654607791650398;2.1569874921126284
915;-0.5543811929663895;-0.46269719144945787;2.1913753160067384
916;-0.5580979690209996;-0.4589482057937313;2.282437220335307
917;-0.5612731328676471;-0.4544617329272981;2.458785837326824
918;-0.5637899747898694;-0.44932529228723894;3.3028875792958154
919;-0.565963893209287;-0.44386824152675075;2.4385971760009797
920;-0.5676677022941534;-0.4379960718903667;2.26818881284496
921;-0.5690861942143723;-0.4320832504073444;2.165330194806897
922;-0.5700396786885704;-0.4262341656131876;2.0955959455643756
923;-0.5706507850563292;-0.42060279801376665;2.051670560901055
924;-0.5710442108066014;-0.4151539451239572;2.034396538777574
925;-0.5712448840745337;-0.4098303909615335;2.0760458280253586
926;-0.5714779295042002;-0.4046910170584448;2.4630356845681702
927;-0.5720119291806072;-0.3993020116989181;1.9518931698272841
928;-0.5736052002564033;-0.3931779369999465;1.6619795894642864
929;-0.5766804435980868;-0.3857799572310565;1.4646368697223204
930;-0.5813145549194216;-0.37671865011750294;1.3062969901362393
931;-0.5876566605389243;-0.36633786729617057;1.1715470565983979
932;-0.5956331468172094;-0.35446136484178126;1.0499086223583816
933;-0.6045598620154617;-0.3417653250744108;0.9399178531017809
934;-0.6137836812093533;-0.328911664548067;0.8403487321256128
935;-0.6218668432895844;-0.3172841685484802;0.7502560820634125
936;-0.6271291888585253;-0.3084097589897048;0.6703320829106496
937;-0.6276382968976617;-0.3042601872923023;0.6013967973611073
938;-0.6219761426628048;-0.30638268455500683;0.5440035769515622
939;-0.6092218768386939;-0.31590143023920725;0.498115090956577
940;-0.5890490296977892;-0.3337108945503251;0.46472043325535006
941;-0.5626214771993195;-0.3589081491674939;0.4434308927998937
942;-0.5320274846613214;-0.3900496635811267;0.4345915407037818
943;-0.5002344120043819;-0.4240087061301501;0.4381462846522046
944;-0.47080056224713945;-0.457567710892619;0.454163180849849
945;-0.44706877435586556;-0.4874760798880385;0.4835702291352936
946;-0.43172672431287884;-0.5106968876963077;0.5265909697261859
947;-0.42642647809066303;-0.5253265296065046;0.5852033561130008
948;-0.4306780536550148;-0.5315378305863012;0.6604093069007801
949;-0.44279958503594363;-0.5300409965451374;0.7554989688137601
950;-0.4601095837490863;-0.5228721554316563;0.8749822361262065
951;-0.47977663969133366;-0.5121964285756702;1.0280828379073108
952;-0.4999081894281513;-0.4997169257553261;1.2406803672019056
953;-0.5188095381731976;-0.4866096557001927;1.6413942002891213
954;-0.5357026924704356;-0.47360779586927526;1.650942544486164
955;-0.5501629882414892;-0.4611630286702929;1.521799401286858
956;-0.5625542892108504;-0.44916572924503684;1.532832850877832
957;-0.5730963572950207;-0.43753947015869266;1.6025063642240631
958;-0.5821538340923369;-0.42633720554605115;1.7160551052000268
959;-0.5901368444548262;-0.41554530324416405;1.8747754273271482
960;-0.5970726751427556;-0.4052292731149574;2.100109132229923
961;-0.6029624166731673;-0.39584503657780157;2.522571565308033
962;-0.6079052612318835;-0.3873602030438371;2.5545310503312804
963;-0.611608572605361;-0.38018647972219977;2.454519322317927
964;-0.6134088380900948;-0.37485428209421556;2.5056114397245306
965;-0.6126667343339041;-0.37208279265885125;2.6216129796317094
966;-0.6086689061280349;-0.37246196661442743;2.7950626763207485
967;-0.6004585211938316;-0.3768546042037294;3.0407465815603585
968;-0.5870669808575055;-0.3861104621525907;3.4336381874216286
969;-0.5678995022672229;-0.400866645430343;3.971144956289837
970;-0.5423368522587554;-0.421819303133397;4.334489061431419
971;-0.5101708286850699;-0.44924484801093745;3.596908242136164
972;-0.4712600689173512;-0.48302442094785414;3.4544424025320857
973;-0.4265345888618186;-0.522340100087475;3.404710848527081
974;-0.37783253050824883;-0.5654675062350071;3.399359505100338
975;-0.3280738060687677;-0.6100850990977102;3.4214616440940615
976;-0.28060944833932866;-0.6530392814187904;3.4609477339087302
977;-0.23867876814122785;-0.691568725740761;3.526989746786998
978;-0.20513608111445708;-0.7232071384590062;3.631415933751434
979;-0.18221611266756552;-0.7461886042872419;3.8264283188732033
980;-0.1704036505659003;-0.7598921838185317;4.479058543390122
981;-0.16921550404868296;-0.7649606073018678;4.186088019382664
982;-0.17696025947068472;-0.7629978988143943;4.438551848863695
983;-0.19133775973834422;-0.7559515736063988;4.192328584119474
984;-0.21000479575409367;-0.7454210310710928;3.6250514962149336
985;-0.23055444371564623;-0.7330111933730654;3.2069993307191726
986;-0.25135128745410656;-0.7199200632138243;2.9311852000772105
987;-0.2712186896583324;-0.7066802514192917;2.7198745485484865
988;-0.2895651680706396;-0.6936577225683837;2.5481244402444245
989;-0.3064292687616494;-0.6807280781763978;2.403105306539261
990;-0.32191714459963283;-0.6677988424871496;2.2794184120709007
991;-0.3361400749779366;-0.6549060064452901;2.172211490933896
992;-0.34987199369081035;-0.6417042029376538;2.0764915993023694
993;-0.36330658078886735;-0.6282000752062797;1.9905740171085968
994;-0.37670883431852087;-0.6148760455569926;1.9156977256421999
995;-0.3901471133318353;-0.6020401281995482;1.8480214639443542
996;-0.40347759023722873;-0.5897013963293196;1.7884407996423786
997;-0.41668657284574273;-0.5780343571723856;1.7367887842268628
998;-0.4296117876319041;-0.5671931245811627;1.6920410652873215
999;-0.44187298632739913;-0.5571153695925308;1.6539009042992419
