0;-0.5694990004649323;-0.4653163670795966;4.900599212719372
1;-0.5694990004649323;-0.4653163670795966;4.900599212719372
2;-0.5694990004649323;-0.4653163670795966;4.900599212719372
3;-0.5694990004649323;-0.4653163670795966;4.900599212719372
4;-0.5694990004649323;-0.4653163670795966;4.900599212719372
5;-0.5694990004649323;-0.4653163670795966;4.900599212719372
6;-0.5694990004649323;-0.4653163670795966;4.900599212719372
7;-0.5694990004649323;-0.4653163670795966;4.900599212719372
8;-0.5694990004649323;-0.4653163670795966;4.900599212719372
9;-0.5694990004649323;-0.4653163670795966;4.900599212719372
10;-0.5694990004649323;-0.4653163670795966;4.900599212719372
11;-0.5694990004649323;-0.4653163670795966;4.900599212719372
12;-0.5694990004649323;-0.4653163670795966;4.900599212719372
13;-0.5694990004649323;-0.4653163670795966;4.900599212719372
14;-0.5694990004649323;-0.4653163670795966;4.900599212719372
15;-0.5694990004649323;-0.4653163670795966;4.900599212719372
16;-0.5694990004649323;-0.4653163670795966;4.900599212719372
17;-0.5694990004649323;-0.4653163670795966;4.900599212719372
18;-0.5694990004649323;-0.4653163670795966;4.900599212719372
19;-0.5694990004649323;-0.4653163670795966;4.900599212719372
20;-0.5694990004649323;-0.4653163670795966;4.900599212719372
21;-0.5694990004649323;-0.4653163670795966;4.900599212719372
22;-0.5694990004649323;-0.4653163670795966;4.900599212719372
23;-0.5694990004649323;-0.4653163670795966;4.900599212719372
24;-0.5694990004649323;-0.4653163670795966;4.900599212719372
25;-0.5694990004649323;-0.4653163670795966;4.900599212719372
26;-0.5694990004649323;-0.4653163670795966;4.900599212719372
27;-0.5694990004649323;-0.4653163670795966;4.900599212719372
28;-0.5694990004649323;-0.4653163670795966;4.900599212719372
29;-0.5694990004649323;-0.4653163670795966;4.900599212719372
30;-0.5694990004649323;-0.4653163670795966;4.900599212719372
31;-0.5694990004649323;-0.4653163670795966;4.900599212719372
32;-0.5694990004649323;-0.4653163670795966;4.900599212719372
33;-0.5694990004649323;-0.4653163670795966;4.900599212719372
34;-0.5694990004649323;-0.4653163670795966;4.900599212719372
35;-0.5694990004649323;-0.4653163670795966;4.900599212719372
36;-0.5694990004649323;-0.4653163670795966;4.900599212719372
37;-0.5694990004649323;-0.4653163670795966;4.900599212719372
38;-0.5694990004649323;-0.4653163670795966;4.900599212719372
39;-0.5694990004649323;-0.4653163670795966;4.900599212719372
40;-0.5694990004649323;-0.4653163670795966;4.900599212719372
41;-0.5694990004649323;-0.4653163670795966;4.900599212719372
42;-0.5694990004649323;-0.4653163670795966;4.900599212719372
43;-0.5694990004649323;-0.4653163670795966;4.900599212719372
44;-0.5694990004649323;-0.4653163670795966;4.900599212719372
45;-0.5694990004649323;-0.4653163670795966;4.900599212719372
46;-0.5694990004649323;-0.4653163670795966;4.900599212719372
47;-0.5694990004649323;-0.4653163670795966;4.900599212719372
48;-0.5694990004649323;-0.4653163670795966;4.900599212719372
49;-0.5694990004649323;-0.4653163670795966;4.900599212719372
50;-0.5694990004649323;-0.4653163670795966;4.900599212719372
51;-0.5694990004649323;-0.4653163670795966;4.900599212719372
52;-0.5694990004649323;-0.4653163670795966;4.900599212719372
53;-0.5694990004649323;-0.4653163670795966;4.900599212719372
54;-0.5694990004649323;-0.4653163670795966;4.900599212719372
55;-0.5694990004649323;-0.4653163670795966;4.900599212719372
56;-0.5694990004649323;-0.4653163670795966;4.900599212719372
57;-0.5694990004649323;-0.4653163670795966;4.900599212719372
58;-0.5694990004649323;-0.4653163670795966;4.900599212719372
59;-0.5694990004649323;-0.4653163670795966;4.900599212719372
60;-0.5694990004649323;-0.4653163670795966;4.900599212719372
61;-0.5694990004649323;-0.4653163670795966;4.900599212719372
62;-0.5694990004649323;-0.4653163670795966;4.900599212719372
63;-0.5694990004649323;-0.4653163670795966;4.900599212719372
64;-0.5694990004649323;-0.4653163670795966;4.900599212719372
65;-0.5694990004649323;-0.4653163670795966;4.900599212719372
66;-0.5694990004649323;-0.4653163670795966;4.900599212719372
67;-0.5694990004649323;-0.4653163670795966;4.900599212719372
68;-0.5694990004649323;-0.4653163670795966;4.900599212719372
69;-0.5694990004649323;-0.4653163670795966;4.900599212719372
70;-0.5694990004649323;-0.4653163670795966;4.900599212719372
71;-0.5694990004649323;-0.4653163670795966;4.900599212719372
72;-0.5694990004649323;-0.4653163670795966;4.900599212719372
73;-0.5694990004649323;-0.4653163670795966;4.900599212719372
74;-0.5694990004649323;-0.4653163670795966;4.900599212719372
75;-0.5694990004649323;-0.4653163670795966;4.900599212719372
76;-0.5694990004649323;-0.4653163670795966;4.900599212719372
77;-0.5694990004649323;-0.4653163670795966;4.900599212719372
78;-0.5694990004649323;-0.4653163670795966;4.900599212719372
79;-0.5694990004649323;-0.4653163670795966;4.900599212719372
80;-0.5694990004649323;-0.4653163670795966;4.900599212719372
81;-0.5694990004649323;-0.4653163670795966;4.900599212719372
82;-0.5694990004649323;-0.4653163670795966;4.900599212719372
83;-0.5694990004649323;-0.4653163670795966;4.900599212719372
84;-0.5694990004649323;-0.4653163670795966;4.900599212719372
85;-0.5694990004649323;-0.4653163670795966;4.900599212719372
86;-0.5694990004649323;-0.4653163670795966;4.900599212719372
87;-0.5694990004649323;-0.4653163670795966;4.900599212719372
88;-0.5694990004649323;-0.4653163670795966;4.900599212719372
89;-0.5694990004649323;-0.4653163670795966;4.900599212719372
90;-0.5694990004649323;-0.4653163670795966;4.900599212719372
91;-0.5694990004649323;-0.4653163670795966;4.900599212719372
92;-0.5694990004649323;-0.4653163670795966;4.900599212719372
93;-0.5694990004649323;-0.4653163670795966;4.900599212719372
94;-0.5694990004649323;-0.4653163670795966;4.900599212719372
95;-0.5694990004649323;-0.4653163670795966;4.900599212719372
96;-0.5694990004649323;-0.4653163670795966;4.900599212719372
97;-0.5694990004649323;-0.4653163670795966;4.900599212719372
98;-0.5694990004649323;-0.4653163670795966;4.900599212719372
99;-0.5694990004649323;-0.4653163670795966;4.900599212719372
100;-0.5694990004649323;-0.4653163670795966;4.900599212719372
101;-0.5694990004649323;-0.4653163670795966;4.900599212719372
102;-0.5694990004649323;-0.4653163670795966;4.900599212719372
103;-0.5694990004649323;-0.4653163670795966;4.900599212719372
104;-0.5694990004649323;-0.4653163670795966;4.900599212719372
105;-0.5694990004649323;-0.4653163670795966;4.900599212719372
106;-0.5694990004649323;-0.4653163670795966;4.900599212719372
107;-0.5694990004649323;-0.4653163670795966;4.900599212719372
108;-0.5694990004649323;-0.4653163670795966;4.900599212719372
109;-0.5694990004649323;-0.4653163670795966;4.900599212719372
110;-0.5694990004649323;-0.4653163670795966;4.900599212719372
111;-0.5694990004649323;-0.4653163670795966;4.900599212719372
112;-0.5694990004649323;-0.4653163670795966;4.900599212719372
113;-0.5694990004649323;-0.4653163670795966;4.900599212719372
114;-0.5694990004649323;-0.4653163670795966;4.900599212719372
115;-0.5694990004649323;-0.4653163670795966;4.900599212719372
116;-0.5694990004649323;-0.4653163670795966;4.900599212719372
117;-0.5694990004649323;-0.4653163670795966;4.900599212719372
118;-0.5694990004649323;-0.4653163670795966;4.900599212719372
119;-0.5694990004649323;-0.4653163670795966;4.900599212719372
120;-0.5694990004649323;-0.4653163670795966;4.900599212719372
121;-0.5694990004649323;-0.4653163670795966;4.900599212719372
122;-0.5694990004649323;-0.4653163670795966;4.900599212719372
123;-0.5694990004649323;-0.4653163670795966;4.900599212719372
124;-0.5694990004649323;-0.4653163670795966;4.900599212719372
125;-0.5694990004649323;-0.4653163670795966;4.900599212719372
126;-0.5694990004649323;-0.4653163670795966;4.900599212719372
127;-0.5694990004649323;-0.4653163670795966;4.900599212719372
128;-0.5694990004649323;-0.4653163670795966;4.900599212719372
129;-0.5694990004649323;-0.4653163670795966;4.900599212719372
130;-0.5694990004649323;-0.4653163670795966;4.900599212719372
131;-0.5694990004649323;-0.4653163670795966;4.900599212719372
132;-0.5694990004649323;-0.4653163670795966;4.900599212719372
133;-0.5694990004649323;-0.4653163670795966;4.900599212719372
134;-0.5694990004649323;-0.4653163670795966;4.900599212719372
135;-0.5694990004649323;-0.4653163670795966;4.900599212719372
136;-0.5694990004649323;-0.4653163670795966;4.900599212719372
137;-0.5694990004649323;-0.4653163670795966;4.900599212719372
138;-0.5694990004649323;-0.4653163670795966;4.900599212719372
139;-0.5694990004649323;-0.4653163670795966;4.900599212719372
140;-0.5694990004649323;-0.4653163670795966;4.900599212719372
141;-0.5694990004649323;-0.4653163670795966;4.900599212719372
142;-0.5694990004649323;-0.4653163670795966;4.900599212719372
143;-0.5694990004649323;-0.4653163670795966;4.900599212719372
144;-0.5694990004649323;-0.4653163670795966;4.900599212719372
145;-0.5694990004649323;-0.4653163670795966;4.900599212719372
146;-0.5694990004649323;-0.4653163670795966;4.900599212719372
147;-0.5694990004649323;-0.4653163670795966;4.900599212719372
148;-0.5694990004649323;-0.4653163670795966;4.900599212719372
149;-0.5694990004649323;-0.4653163670795966;4.900599212719372
150;-0.5694990004649323;-0.4653163670795966;4.900599212719372
151;-0.5694990004649323;-0.4653163670795966;4.900599212719372
152;-0.5694990004649323;-0.4653163670795966;4.900599212719372
153;-0.5694990004649323;-0.4653163670795966;4.900599212719372
154;-0.5694990004649323;-0.4653163670795966;4.900599212719372
155;-0.5694990004649323;-0.4653163670795966;4.900599212719372
156;-0.5694990004649323;-0.4653163670795966;4.900599212719372
157;-0.5694990004649323;-0.4653163670795966;4.900599212719372
158;-0.5694990004649323;-0.4653163670795966;4.900599212719372
159;-0.5694990004649323;-0.4653163670795966;4.900599212719372
160;-0.5694990004649323;-0.4653163670795966;4.900599212719372
161;-0.5694990004649323;-0.4653163670795966;4.900599212719372
162;-0.5694990004649323;-0.4653163670795966;4.900599212719372
163;-0.5694990004649323;-0.4653163670795966;4.900599212719372
164;-0.5694990004649323;-0.4653163670795966;4.900599212719372
165;-0.5694990004649323;-0.4653163670795966;4.900599212719372
166;-0.5694990004649323;-0.4653163670795966;4.900599212719372
167;-0.5694990004649323;-0.4653163670795966;4.900599212719372
168;-0.5694990004649323;-0.4653163670795966;4.900599212719372
169;-0.5694990004649323;-0.4653163670795966;4.900599212719372
170;-0.5694990004649323;-0.4653163670795966;4.900599212719372
171;-0.5694990004649323;-0.4653163670795966;4.900599212719372
172;-0.5694990004649323;-0.4653163670795966;4.900599212719372
173;-0.5694990004649323;-0.4653163670795966;4.900599212719372
174;-0.5694990004649323;-0.4653163670795966;4.900599212719372
175;-0.5694990004649323;-0.4653163670795966;4.900599212719372
176;-0.5694990004649323;-0.4653163670795966;4.900599212719372
177;-0.5694990004649323;-0.4653163670795966;4.900599212719372
178;-0.5694990004649323;-0.4653163670795966;4.900599212719372
179;-0.5694990004649323;-0.4653163670795966;4.900599212719372
180;-0.5694990004649323;-0.4653163670795966;4.900599212719372
181;-0.5694990004649323;-0.4653163670795966;4.900599212719372
182;-0.5694990004649323;-0.4653163670795966;4.900599212719372
183;-0.5694990004649323;-0.4653163670795966;4.900599212719372
184;-0.5694990004649323;-0.4653163670795966;4.900599212719372
185;-0.5694990004649323;-0.4653163670795966;4.900599212719372
186;-0.5694990004649323;-0.4653163670795966;4.900599212719372
187;-0.5694990004649323;-0.4653163670795966;4.900599212719372
188;-0.5694990004649323;-0.4653163670795966;4.900599212719372
189;-0.5694990004649323;-0.4653163670795966;4.900599212719372
190;-0.5694990004649323;-0.4653163670795966;4.900599212719372
191;-0.5694990004649323;-0.4653163670795966;4.900599212719372
192;-0.5694990004649323;-0.4653163670795966;4.900599212719372
193;-0.5694990004649323;-0.4653163670795966;4.900599212719372
194;-0.5694990004649323;-0.4653163670795966;4.900599212719372
195;-0.5694990004649323;-0.4653163670795966;4.900599212719372
196;-0.5694990004649323;-0.4653163670795966;4.900599212719372
197;-0.5694990004649323;-0.4653163670795966;4.900599212719372
198;-0.5694990004649323;-0.4653163670795966;4.900599212719372
199;-0.5694990004649323;-0.4653163670795966;4.900599212719372
200;-0.5694990004649323;-0.4653163670795966;4.900599212719372
201;-0.5694990004649323;-0.4653163670795966;4.900599212719372
202;-0.5694990004649323;-0.4653163670795966;4.900599212719372
203;-0.5694990004649323;-0.4653163670795966;4.900599212719372
204;-0.5694990004649323;-0.4653163670795966;4.900599212719372
205;-0.5694990004649323;-0.4653163670795966;4.900599212719372
206;-0.5694990004649323;-0.4653163670795966;4.900599212719372
207;-0.5694990004649323;-0.4653163670795966;4.900599212719372
208;-0.5694990004649323;-0.4653163670795966;4.900599212719372
209;-0.5694990004649323;-0.4653163670795966;4.900599212719372
210;-0.5694990004649323;-0.4653163670795966;4.900599212719372
211;-0.5694990004649323;-0.4653163670795966;4.900599212719372
212;-0.5694990004649323;-0.4653163670795966;4.900599212719372
213;-0.5694990004649323;-0.4653163670795966;4.900599212719372
214;-0.5694990004649323;-0.4653163670795966;4.900599212719372
215;-0.5694990004649323;-0.4653163670795966;4.900599212719372
216;-0.5694990004649323;-0.4653163670795966;4.900599212719372
217;-0.5694990004649323;-0.4653163670795966;4.900599212719372
218;-0.5694990004649323;-0.4653163670795966;4.900599212719372
219;-0.5694990004649323;-0.4653163670795966;4.900599212719372
220;-0.5694990004649323;-0.4653163670795966;4.900599212719372
221;-0.5694990004649323;-0.4653163670795966;4.900599212719372
222;-0.5694990004649323;-0.4653163670795966;4.900599212719372
223;-0.5694990004649323;-0.4653163670795966;4.900599212719372
224;-0.5694990004649323;-0.4653163670795966;4.900599212719372
225;-0.5694990004649323;-0.4653163670795966;4.900599212719372
226;-0.5694990004649323;-0.4653163670795966;4.900599212719372
227;-0.5694990004649323;-0.4653163670795966;4.900599212719372
228;-0.5694990004649323;-0.4653163670795966;4.900599212719372
229;-0.5694990004649323;-0.4653163670795966;4.900599212719372
230;-0.5694990004649323;-0.4653163670795966;4.900599212719372
231;-0.5694990004649323;-0.4653163670795966;4.900599212719372
232;-0.5694990004649323;-0.4653163670795966;4.900599212719372
233;-0.5694990004649323;-0.4653163670795966;4.900599212719372
234;-0.5694990004649323;-0.4653163670795966;4.900599212719372
235;-0.5694990004649323;-0.4653163670795966;4.900599212719372
236;-0.5694990004649323;-0.4653163670795966;4.900599212719372
237;-0.5694990004649323;-0.4653163670795966;4.900599212719372
238;-0.5694990004649323;-0.4653163670795966;4.900599212719372
239;-0.5694990004649323;-0.4653163670795966;4.900599212719372
240;-0.5694990004649323;-0.4653163670795966;4.900599212719372
241;-0.5694990004649323;-0.4653163670795966;4.900599212719372
242;-0.5694990004649323;-0.4653163670795966;4.900599212719372
243;-0.5694990004649323;-0.4653163670795966;4.900599212719372
244;-0.5694990004649323;-0.4653163670795966;4.900599212719372
245;-0.5694990004649323;-0.4653163670795966;4.900599212719372
246;-0.5694990004649323;-0.4653163670795966;4.900599212719372
247;-0.5694990004649323;-0.4653163670795966;4.900599212719372
248;-0.5694990004649323;-0.4653163670795966;4.900599212719372
249;-0.5694990004649323;-0.4653163670795966;4.900599212719372
250;-0.5694990004649323;-0.4653163670795966;4.900599212719372
251;-0.5694990004649323;-0.4653163670795966;4.900599212719372
252;-0.5694990004649323;-0.4653163670795966;4.900599212719372
253;-0.5694990004649323;-0.4653163670795966;4.900599212719372
254;-0.5694990004649323;-0.4653163670795966;4.900599212719372
255;-0.5694990004649323;-0.4653163670795966;4.900599212719372
256;-0.5694990004649323;-0.4653163670795966;4.900599212719372
257;-0.5694990004649323;-0.4653163670795966;4.900599212719372
258;-0.5694990004649323;-0.4653163670795966;4.900599212719372
259;-0.5694990004649323;-0.4653163670795966;4.900599212719372
260;-0.5694990004649323;-0.4653163670795966;4.900599212719372
261;-0.5694990004649323;-0.4653163670795966;4.900599212719372
262;-0.5694990004649323;-0.4653163670795966;4.900599212719372
263;-0.5694990004649323;-0.4653163670795966;4.900599212719372
264;-0.5694990004649323;-0.4653163670795966;4.900599212719372
265;-0.5694990004649323;-0.4653163670795966;4.900599212719372
266;-0.5694990004649323;-0.4653163670795966;4.900599212719372
267;-0.5694990004649323;-0.4653163670795966;4.900599212719372
268;-0.5694990004649323;-0.4653163670795966;4.900599212719372
269;-0.5694990004649323;-0.4653163670795966;4.900599212719372
270;-0.5694990004649323;-0.4653163670795966;4.900599212719372
271;-0.5694990004649323;-0.4653163670795966;4.900599212719372
272;-0.5694990004649323;-0.4653163670795966;4.900599212719372
273;-0.5694990004649323;-0.4653163670795966;4.900599212719372
274;-0.5694990004649323;-0.4653163670795966;4.900599212719372
275;-0.5694990004649323;-0.4653163670795966;4.900599212719372
276;-0.5694990004649323;-0.4653163670795966;4.900599212719372
277;-0.5694990004649323;-0.4653163670795966;4.900599212719372
278;-0.5694990004649323;-0.4653163670795966;4.900599212719372
279;-0.5694990004649323;-0.4653163670795966;4.900599212719372
280;-0.5694990004649323;-0.4653163670795966;4.900599212719372
281;-0.5694990004649323;-0.4653163670795966;4.900599212719372
282;-0.5694990004649323;-0.4653163670795966;4.900599212719372
283;-0.5694990004649323;-0.4653163670795966;4.900599212719372
284;-0.5694990004649323;-0.4653163670795966;4.900599212719372
285;-0.5694990004649323;-0.4653163670795966;4.900599212719372
286;-0.5694990004649323;-0.4653163670795966;4.900599212719372
287;-0.5694990004649323;-0.4653163670795966;4.900599212719372
288;-0.5694990004649323;-0.4653163670795966;4.900599212719372
289;-0.5694990004649323;-0.4653163670795966;4.900599212719372
290;-0.5694990004649323;-0.4653163670795966;4.900599212719372
291;-0.5694990004649323;-0.4653163670795966;4.900599212719372
292;-0.5694990004649323;-0.4653163670795966;4.900599212719372
293;-0.5694990004649323;-0.4653163670795966;4.900599212719372
294;-0.5694990004649323;-0.4653163670795966;4.900599212719372
295;-0.5694990004649323;-0.4653163670795966;4.900599212719372
296;-0.5694990004649323;-0.4653163670795966;4.900599212719372
297;-0.5694990004649323;-0.4653163670795966;4.900599212719372
298;-0.5694990004649323;-0.4653163670795966;4.900599212719372
299;-0.5694990004649323;-0.4653163670795966;4.900599212719372
300;-0.5694990004649323;-0.4653163670795966;4.900599212719372
301;-0.5694990004649323;-0.4653163670795966;4.900599212719372
302;-0.5694990004649323;-0.4653163670795966;4.900599212719372
303;-0.5694990004649323;-0.4653163670795966;4.900599212719372
304;-0.5694990004649323;-0.4653163670795966;4.900599212719372
305;-0.5694990004649323;-0.4653163670795966;4.900599212719372
306;-0.5694990004649323;-0.4653163670795966;4.900599212719372
307;-0.5694990004649323;-0.4653163670795966;4.900599212719372
308;-0.5694990004649323;-0.4653163670795966;4.900599212719372
309;-0.5694990004649323;-0.4653163670795966;4.900599212719372
310;-0.5694990004649323;-0.4653163670795966;4.900599212719372
311;-0.5694990004649323;-0.4653163670795966;4.900599212719372
312;-0.5694990004649323;-0.4653163670795966;4.900599212719372
313;-0.5694990004649323;-0.4653163670795966;4.900599212719372
314;-0.5694990004649323;-0.4653163670795966;4.900599212719372
315;-0.5694990004649323;-0.4653163670795966;4.900599212719372
316;-0.5694990004649323;-0.4653163670795966;4.900599212719372
317;-0.5694990004649323;-0.4653163670795966;4.900599212719372
318;-0.5694990004649323;-0.4653163670795966;4.900599212719372
319;-0.5694990004649323;-0.4653163670795966;4.900599212719372
320;-0.5694990004649323;-0.4653163670795966;4.900599212719372
321;-0.5694990004649323;-0.4653163670795966;4.900599212719372
322;-0.5694990004649323;-0.4653163670795966;4.900599212719372
323;-0.5694990004649323;-0.4653163670795966;4.900599212719372
324;-0.5694990004649323;-0.4653163670795966;4.900599212719372
325;-0.5694990004649323;-0.4653163670795966;4.900599212719372
326;-0.5694990004649323;-0.4653163670795966;4.900599212719372
327;-0.5694990004649323;-0.4653163670795966;4.900599212719372
328;-0.5694990004649323;-0.4653163670795966;4.900599212719372
329;-0.5694990004649323;-0.4653163670795966;4.900599212719372
330;-0.5694990004649323;-0.4653163670795966;4.900599212719372
331;-0.5694990004649323;-0.4653163670795966;4.900599212719372
332;-0.5694990004649323;-0.4653163670795966;4.900599212719372
333;-0.5694990004649323;-0.4653163670795966;4.900599212719372
334;-0.5694990004649323;-0.4653163670795966;4.900599212719372
335;-0.5694990004649323;-0.4653163670795966;4.900599212719372
336;-0.5694990004649323;-0.4653163670795966;4.900599212719372
337;-0.5694990004649323;-0.4653163670795966;4.900599212719372
338;-0.5694990004649323;-0.4653163670795966;4.900599212719372
339;-0.5694990004649323;-0.4653163670795966;4.900599212719372
340;-0.5694990004649323;-0.4653163670795966;4.900599212719372
341;-0.5694990004649323;-0.4653163670795966;4.900599212719372
342;-0.5694990004649323;-0.4653163670795966;4.900599212719372
343;-0.5694990004649323;-0.4653163670795966;4.900599212719372
344;-0.5694990004649323;-0.4653163670795966;4.900599212719372
345;-0.5694990004649323;-0.4653163670795966;4.900599212719372
346;-0.5694990004649323;-0.4653163670795966;4.900599212719372
347;-0.5694990004649323;-0.4653163670795966;4.900599212719372
348;-0.5694990004649323;-0.4653163670795966;4.900599212719372
349;-0.5694990004649323;-0.4653163670795966;4.900599212719372
350;-0.5694990004649323;-0.4653163670795966;4.900599212719372
351;-0.5694990004649323;-0.4653163670795966;4.900599212719372
352;-0.5694990004649323;-0.4653163670795966;4.900599212719372
353;-0.5694990004649323;-0.4653163670795966;4.900599212719372
354;-0.5694990004649323;-0.4653163670795966;4.900599212719372
355;-0.5694990004649323;-0.4653163670795966;4.900599212719372
356;-0.5694990004649323;-0.4653163670795966;4.900599212719372
357;-0.5694990004649323;-0.4653163670795966;4.900599212719372
358;-0.5694990004649323;-0.4653163670795966;4.900599212719372
359;-0.5694990004649323;-0.4653163670795966;4.900599212719372
360;-0.5694990004649323;-0.4653163670795966;4.900599212719372
361;-0.5694990004649323;-0.4653163670795966;4.900599212719372
362;-0.5694990004649323;-0.4653163670795966;4.900599212719372
363;-0.5694990004649323;-0.4653163670795966;4.900599212719372
364;-0.5694990004649323;-0.4653163670795966;4.900599212719372
365;-0.5694990004649323;-0.4653163670795966;4.900599212719372
366;-0.5694990004649323;-0.4653163670795966;4.900599212719372
367;-0.5694990004649323;-0.4653163670795966;4.900599212719372
368;-0.5694990004649323;-0.4653163670795966;4.900599212719372
369;-0.5694990004649323;-0.4653163670795966;4.900599212719372
370;-0.5694990004649323;-0.4653163670795966;4.900599212719372
371;-0.5694990004649323;-0.4653163670795966;4.900599212719372
372;-0.5694990004649323;-0.4653163670795966;4.900599212719372
373;-0.5694990004649323;-0.4653163670795966;4.900599212719372
374;-0.5694990004649323;-0.4653163670795966;4.900599212719372
375;-0.5694990004649323;-0.4653163670795966;4.900599212719372
376;-0.5694990004649323;-0.4653163670795966;4.900599212719372
377;-0.5694990004649323;-0.4653163670795966;4.900599212719372
378;-0.5694990004649323;-0.4653163670795966;4.900599212719372
379;-0.5694990004649323;-0.4653163670795966;4.900599212719372
380;-0.5694990004649323;-0.4653163670795966;4.900599212719372
381;-0.5694990004649323;-0.4653163670795966;4.900599212719372
382;-0.5694990004649323;-0.4653163670795966;4.900599212719372
383;-0.5694990004649323;-0.4653163670795966;4.900599212719372
384;-0.5694990004649323;-0.4653163670795966;4.900599212719372
385;-0.5694990004649323;-0.4653163670795966;4.900599212719372
386;-0.5694990004649323;-0.4653163670795966;4.900599212719372
387;-0.5694990004649323;-0.4653163670795966;4.900599212719372
388;-0.5694990004649323;-0.4653163670795966;4.900599212719372
389;-0.5694990004649323;-0.4653163670795966;4.900599212719372
390;-0.5694990004649323;-0.4653163670795966;4.900599212719372
391;-0.5694990004649323;-0.4653163670795966;4.900599212719372
392;-0.5694990004649323;-0.4653163670795966;4.900599212719372
393;-0.5694990004649323;-0.4653163670795966;4.900599212719372
394;-0.5694990004649323;-0.4653163670795966;4.900599212719372
395;-0.5694990004649323;-0.4653163670795966;4.900599212719372
396;-0.5694990004649323;-0.4653163670795966;4.900599212719372
397;-0.5694990004649323;-0.4653163670795966;4.900599212719372
398;-0.5694990004649323;-0.4653163670795966;4.900599212719372
399;-0.5694990004649323;-0.4653163670795966;4.900599212719372
400;-0.5694990004649323;-0.4653163670795966;4.900599212719372
401;-0.5694990004649323;-0.4653163670795966;4.900599212719372
402;-0.5694990004649323;-0.4653163670795966;4.900599212719372
403;-0.5694990004649323;-0.4653163670795966;4.900599212719372
404;-0.5694990004649323;-0.4653163670795966;4.900599212719372
405;-0.5694990004649323;-0.4653163670795966;4.900599212719372
406;-0.5694990004649323;-0.4653163670795966;4.900599212719372
407;-0.5694990004649323;-0.4653163670795966;4.900599212719372
408;-0.5694990004649323;-0.4653163670795966;4.900599212719372
409;-0.5694990004649323;-0.4653163670795966;4.900599212719372
410;-0.5694990004649323;-0.4653163670795966;4.900599212719372
411;-0.5694990004649323;-0.4653163670795966;4.900599212719372
412;-0.5694990004649323;-0.4653163670795966;4.900599212719372
413;-0.5694990004649323;-0.4653163670795966;4.900599212719372
414;-0.5694990004649323;-0.4653163670795966;4.900599212719372
415;-0.5694990004649323;-0.4653163670795966;4.900599212719372
416;-0.5694990004649323;-0.4653163670795966;4.900599212719372
417;-0.5694990004649323;-0.4653163670795966;4.900599212719372
418;-0.5694990004649323;-0.4653163670795966;4.900599212719372
419;-0.5694990004649323;-0.4653163670795966;4.900599212719372
420;-0.5694990004649323;-0.4653163670795966;4.900599212719372
421;-0.5694990004649323;-0.4653163670795966;4.900599212719372
422;-0.5694990004649323;-0.4653163670795966;4.900599212719372
423;-0.5694990004649323;-0.4653163670795966;4.900599212719372
424;-0.5694990004649323;-0.4653163670795966;4.900599212719372
425;-0.5694990004649323;-0.4653163670795966;4.900599212719372
426;-0.5694990004649323;-0.4653163670795966;4.900599212719372
427;-0.5694990004649323;-0.4653163670795966;4.900599212719372
428;-0.5694990004649323;-0.4653163670795966;4.900599212719372
429;-0.5694990004649323;-0.4653163670795966;4.900599212719372
430;-0.5694990004649323;-0.4653163670795966;4.900599212719372
431;-0.5694990004649323;-0.4653163670795966;4.900599212719372
432;-0.5694990004649323;-0.4653163670795966;4.900599212719372
433;-0.5694990004649323;-0.4653163670795966;4.900599212719372
434;-0.5694990004649323;-0.4653163670795966;4.900599212719372
435;-0.5694990004649323;-0.4653163670795966;4.900599212719372
436;-0.5694990004649323;-0.4653163670795966;4.900599212719372
437;-0.5694990004649323;-0.4653163670795966;4.900599212719372
438;-0.5694990004649323;-0.4653163670795966;4.900599212719372
439;-0.5694990004649323;-0.4653163670795966;4.900599212719372
440;-0.5694990004649323;-0.4653163670795966;4.900599212719372
441;-0.5694990004649323;-0.4653163670795966;4.900599212719372
442;-0.5694990004649323;-0.4653163670795966;4.900599212719372
443;-0.5694990004649323;-0.4653163670795966;4.900599212719372
444;-0.5694990004649323;-0.4653163670795966;4.900599212719372
445;-0.5694990004649323;-0.4653163670795966;4.900599212719372
446;-0.5694990004649323;-0.4653163670795966;4.900599212719372
447;-0.5694990004649323;-0.4653163670795966;4.900599212719372
448;-0.5694990004649323;-0.4653163670795966;4.900599212719372
449;-0.5694990004649323;-0.4653163670795966;4.900599212719372
450;-0.5694990004649323;-0.4653163670795966;4.900599212719372
451;-0.5694990004649323;-0.4653163670795966;4.900599212719372
452;-0.5694990004649323;-0.4653163670795966;4.900599212719372
453;-0.5694990004649323;-0.4653163670795966;4.900599212719372
454;-0.5694990004649323;-0.4653163670795966;4.900599212719372
455;-0.5694990004649323;-0.4653163670795966;4.900599212719372
456;-0.5694990004649323;-0.4653163670795966;4.900599212719372
457;-0.5694990004649323;-0.4653163670795966;4.900599212719372
458;-0.5694990004649323;-0.4653163670795966;4.900599212719372
459;-0.5694990004649323;-0.4653163670795966;4.900599212719372
460;-0.5694990004649323;-0.4653163670795966;4.900599212719372
461;-0.5694990004649323;-0.4653163670795966;4.900599212719372
462;-0.5694990004649323;-0.4653163670795966;4.900599212719372
463;-0.5694990004649323;-0.4653163670795966;4.900599212719372
464;-0.5694990004649323;-0.4653163670795966;4.900599212719372
465;-0.5694990004649323;-0.4653163670795966;4.900599212719372
466;-0.5694990004649323;-0.4653163670795966;4.900599212719372
467;-0.5694990004649323;-0.4653163670795966;4.900599212719372
468;-0.5694990004649323;-0.4653163670795966;4.900599212719372
469;-0.5694990004649323;-0.4653163670795966;4.900599212719372
470;-0.5694990004649323;-0.4653163670795966;4.900599212719372
471;-0.5694990004649323;-0.4653163670795966;4.900599212719372
472;-0.5694990004649323;-0.4653163670795966;4.900599212719372
473;-0.5694990004649323;-0.4653163670795966;4.900599212719372
474;-0.5694990004649323;-0.4653163670795966;4.900599212719372
475;-0.5694990004649323;-0.4653163670795966;4.900599212719372
476;-0.5694990004649323;-0.4653163670795966;4.900599212719372
477;-0.5694990004649323;-0.4653163670795966;4.900599212719372
478;-0.5694990004649323;-0.4653163670795966;4.900599212719372
479;-0.5694990004649323;-0.4653163670795966;4.900599212719372
480;-0.5694990004649323;-0.4653163670795966;4.900599212719372
481;-0.5694990004649323;-0.4653163670795966;4.900599212719372
482;-0.5694990004649323;-0.4653163670795966;4.900599212719372
483;-0.5694990004649323;-0.4653163670795966;4.900599212719372
484;-0.5694990004649323;-0.4653163670795966;4.900599212719372
485;-0.5694990004649323;-0.4653163670795966;4.900599212719372
486;-0.5694990004649323;-0.4653163670795966;4.900599212719372
487;-0.5694990004649323;-0.4653163670795966;4.900599212719372
488;-0.5694990004649323;-0.4653163670795966;4.900599212719372
489;-0.5694990004649323;-0.4653163670795966;4.900599212719372
490;-0.5694990004649323;-0.4653163670795966;4.900599212719372
491;-0.5694990004649323;-0.4653163670795966;4.900599212719372
492;-0.5694990004649323;-0.4653163670795966;4.900599212719372
493;-0.5694990004649323;-0.4653163670795966;4.900599212719372
494;-0.5694990004649323;-0.4653163670795966;4.900599212719372
495;-0.5694990004649323;-0.4653163670795966;4.900599212719372
496;-0.5694990004649323;-0.4653163670795966;4.900599212719372
497;-0.5694990004649323;-0.4653163670795966;4.900599212719372
498;-0.5694990004649323;-0.4653163670795966;4.900599212719372
499;-0.5694990004649323;-0.4653163670795966;4.900599212719372
500;-0.5694990004649323;-0.4653163670795966;4.900599212719372
501;-0.5694990004649323;-0.4653163670795966;4.900599212719372
502;-0.5694990004649323;-0.4653163670795966;4.900599212719372
503;-0.5694990004649323;-0.4653163670795966;4.900599212719372
504;-0.5694990004649323;-0.4653163670795966;4.900599212719372
505;-0.5694990004649323;-0.4653163670795966;4.900599212719372
506;-0.5694990004649323;-0.4653163670795966;4.900599212719372
507;-0.5694990004649323;-0.4653163670795966;4.900599212719372
508;-0.5694990004649323;-0.4653163670795966;4.900599212719372
509;-0.5694990004649323;-0.4653163670795966;4.900599212719372
510;-0.5694990004649323;-0.4653163670795966;4.900599212719372
511;-0.5694990004649323;-0.4653163670795966;4.900599212719372
512;-0.5694990004649323;-0.4653163670795966;4.900599212719372
513;-0.5694990004649323;-0.4653163670795966;4.900599212719372
514;-0.5694990004649323;-0.4653163670795966;4.900599212719372
515;-0.5694990004649323;-0.4653163670795966;4.900599212719372
516;-0.5694990004649323;-0.4653163670795966;4.900599212719372
517;-0.5694990004649323;-0.4653163670795966;4.900599212719372
518;-0.5694990004649323;-0.4653163670795966;4.900599212719372
519;-0.5694990004649323;-0.4653163670795966;4.900599212719372
520;-0.5694990004649323;-0.4653163670795966;4.900599212719372
521;-0.5694990004649323;-0.4653163670795966;4.900599212719372
522;-0.5694990004649323;-0.4653163670795966;4.900599212719372
523;-0.5694990004649323;-0.4653163670795966;4.900599212719372
524;-0.5694990004649323;-0.4653163670795966;4.900599212719372
525;-0.5694990004649323;-0.4653163670795966;4.900599212719372
526;-0.5694990004649323;-0.4653163670795966;4.900599212719372
527;-0.5694990004649323;-0.4653163670795966;4.900599212719372
528;-0.5694990004649323;-0.4653163670795966;4.900599212719372
529;-0.5694990004649323;-0.4653163670795966;4.900599212719372
530;-0.5694990004649323;-0.4653163670795966;4.900599212719372
531;-0.5694990004649323;-0.4653163670795966;4.900599212719372
532;-0.5694990004649323;-0.4653163670795966;4.900599212719372
533;-0.5694990004649323;-0.4653163670795966;4.900599212719372
534;-0.5694990004649323;-0.4653163670795966;4.900599212719372
535;-0.5694990004649323;-0.4653163670795966;4.900599212719372
536;-0.5694990004649323;-0.4653163670795966;4.900599212719372
537;-0.5694990004649323;-0.4653163670795966;4.900599212719372
538;-0.5694990004649323;-0.4653163670795966;4.900599212719372
539;-0.5694990004649323;-0.4653163670795966;4.900599212719372
540;-0.5694990004649323;-0.4653163670795966;4.900599212719372
541;-0.5694990004649323;-0.4653163670795966;4.900599212719372
542;-0.5694990004649323;-0.4653163670795966;4.900599212719372
543;-0.5694990004649323;-0.4653163670795966;4.900599212719372
544;-0.5694990004649323;-0.4653163670795966;4.900599212719372
545;-0.5694990004649323;-0.4653163670795966;4.900599212719372
546;-0.5694990004649323;-0.4653163670795966;4.900599212719372
547;-0.5694990004649323;-0.4653163670795966;4.900599212719372
548;-0.5694990004649323;-0.4653163670795966;4.900599212719372
549;-0.5694990004649323;-0.4653163670795966;4.900599212719372
550;-0.5694990004649323;-0.4653163670795966;4.900599212719372
551;-0.5694990004649323;-0.4653163670795966;4.900599212719372
552;-0.5694990004649323;-0.4653163670795966;4.900599212719372
553;-0.5694990004649323;-0.4653163670795966;4.900599212719372
554;-0.5694990004649323;-0.4653163670795966;4.900599212719372
555;-0.5694990004649323;-0.4653163670795966;4.900599212719372
556;-0.5694990004649323;-0.4653163670795966;4.900599212719372
557;-0.5694990004649323;-0.4653163670795966;4.900599212719372
558;-0.5694990004649323;-0.4653163670795966;4.900599212719372
559;-0.5694990004649323;-0.4653163670795966;4.900599212719372
560;-0.5694990004649323;-0.4653163670795966;4.900599212719372
561;-0.5694990004649323;-0.4653163670795966;4.900599212719372
562;-0.5694990004649323;-0.4653163670795966;4.900599212719372
563;-0.5694990004649323;-0.4653163670795966;4.900599212719372
564;-0.5694990004649323;-0.4653163670795966;4.900599212719372
565;-0.5694990004649323;-0.4653163670795966;4.900599212719372
566;-0.5694990004649323;-0.4653163670795966;4.900599212719372
567;-0.5694990004649323;-0.4653163670795966;4.900599212719372
568;-0.5694990004649323;-0.4653163670795966;4.900599212719372
569;-0.5694990004649323;-0.4653163670795966;4.900599212719372
570;-0.5694990004649323;-0.4653163670795966;4.900599212719372
571;-0.5694990004649323;-0.4653163670795966;4.900599212719372
572;-0.5694990004649323;-0.4653163670795966;4.900599212719372
573;-0.5694990004649323;-0.4653163670795966;4.900599212719372
574;-0.5694990004649323;-0.4653163670795966;4.900599212719372
575;-0.5694990004649323;-0.4653163670795966;4.900599212719372
576;-0.5694990004649323;-0.4653163670795966;4.900599212719372
577;-0.5694990004649323;-0.4653163670795966;4.900599212719372
578;-0.5694990004649323;-0.4653163670795966;4.900599212719372
579;-0.5694990004649323;-0.4653163670795966;4.900599212719372
580;-0.5694990004649323;-0.4653163670795966;4.900599212719372
581;-0.5694990004649323;-0.4653163670795966;4.900599212719372
582;-0.5694990004649323;-0.4653163670795966;4.900599212719372
583;-0.5694990004649323;-0.4653163670795966;4.900599212719372
584;-0.5694990004649323;-0.4653163670795966;4.900599212719372
585;-0.5694990004649323;-0.4653163670795966;4.900599212719372
586;-0.5694990004649323;-0.4653163670795966;4.900599212719372
587;-0.5694990004649323;-0.4653163670795966;4.900599212719372
588;-0.5694990004649323;-0.4653163670795966;4.900599212719372
589;-0.5694990004649323;-0.4653163670795966;4.900599212719372
590;-0.5694990004649323;-0.4653163670795966;4.900599212719372
591;-0.5694990004649323;-0.4653163670795966;4.900599212719372
592;-0.5694990004649323;-0.4653163670795966;4.900599212719372
593;-0.5694990004649323;-0.4653163670795966;4.900599212719372
594;-0.5694990004649323;-0.4653163670795966;4.900599212719372
595;-0.5694990004649323;-0.4653163670795966;4.900599212719372
596;-0.5694990004649323;-0.4653163670795966;4.900599212719372
597;-0.5694990004649323;-0.4653163670795966;4.900599212719372
598;-0.5694990004649323;-0.4653163670795966;4.900599212719372
599;-0.5694990004649323;-0.4653163670795966;4.900599212719372
600;-0.5694990004649323;-0.4653163670795966;4.900599212719372
601;-0.5694990004649323;-0.4653163670795966;4.900599212719372
602;-0.5694990004649323;-0.4653163670795966;4.900599212719372
603;-0.5694990004649323;-0.4653163670795966;4.900599212719372
604;-0.5694990004649323;-0.4653163670795966;4.900599212719372
605;-0.5694990004649323;-0.4653163670795966;4.900599212719372
606;-0.5694990004649323;-0.4653163670795966;4.900599212719372
607;-0.5694990004649323;-0.4653163670795966;4.900599212719372
608;-0.5694990004649323;-0.4653163670795966;4.900599212719372
609;-0.5694990004649323;-0.4653163670795966;4.900599212719372
610;-0.5694990004649323;-0.4653163670795966;4.900599212719372
611;-0.5694990004649323;-0.4653163670795966;4.900599212719372
612;-0.5694990004649323;-0.4653163670795966;4.900599212719372
613;-0.5694990004649323;-0.4653163670795966;4.900599212719372
614;-0.5694990004649323;-0.4653163670795966;4.900599212719372
615;-0.5694990004649323;-0.4653163670795966;4.900599212719372
616;-0.5694990004649323;-0.4653163670795966;4.900599212719372
617;-0.5694990004649323;-0.4653163670795966;4.900599212719372
618;-0.5694990004649323;-0.4653163670795966;4.900599212719372
619;-0.5694990004649323;-0.4653163670795966;4.900599212719372
620;-0.5694990004649323;-0.4653163670795966;4.900599212719372
621;-0.5694990004649323;-0.4653163670795966;4.900599212719372
622;-0.5694990004649323;-0.4653163670795966;4.900599212719372
623;-0.5694990004649323;-0.4653163670795966;4.900599212719372
624;-0.5694990004649323;-0.4653163670795966;4.900599212719372
625;-0.5694990004649323;-0.4653163670795966;4.900599212719372
626;-0.5694990004649323;-0.4653163670795966;4.900599212719372
627;-0.5694990004649323;-0.4653163670795966;4.900599212719372
628;-0.5694990004649323;-0.4653163670795966;4.900599212719372
629;-0.5694990004649323;-0.4653163670795966;4.900599212719372
630;-0.5694990004649323;-0.4653163670795966;4.900599212719372
631;-0.5694990004649323;-0.4653163670795966;4.900599212719372
632;-0.5694990004649323;-0.4653163670795966;4.900599212719372
633;-0.5694990004649323;-0.4653163670795966;4.900599212719372
634;-0.5694990004649323;-0.4653163670795966;4.900599212719372
635;-0.5694990004649323;-0.4653163670795966;4.900599212719372
636;-0.5694990004649323;-0.4653163670795966;4.900599212719372
637;-0.5694990004649323;-0.4653163670795966;4.900599212719372
638;-0.5694990004649323;-0.4653163670795966;4.900599212719372
639;-0.5694990004649323;-0.4653163670795966;4.900599212719372
640;-0.5694990004649323;-0.4653163670795966;4.900599212719372
641;-0.5694990004649323;-0.4653163670795966;4.900599212719372
642;-0.5694990004649323;-0.4653163670795966;4.900599212719372
643;-0.5694990004649323;-0.4653163670795966;4.900599212719372
644;-0.5694990004649323;-0.4653163670795966;4.900599212719372
645;-0.5694990004649323;-0.4653163670795966;4.900599212719372
646;-0.5694990004649323;-0.4653163670795966;4.900599212719372
647;-0.5694990004649323;-0.4653163670795966;4.900599212719372
648;-0.5694990004649323;-0.4653163670795966;4.900599212719372
649;-0.5694990004649323;-0.4653163670795966;4.900599212719372
650;-0.5694990004649323;-0.4653163670795966;4.900599212719372
651;-0.5694990004649323;-0.4653163670795966;4.900599212719372
652;-0.5694990004649323;-0.4653163670795966;4.900599212719372
653;-0.5694990004649323;-0.4653163670795966;4.900599212719372
654;-0.5694990004649323;-0.4653163670795966;4.900599212719372
655;-0.5694990004649323;-0.4653163670795966;4.900599212719372
656;-0.5694990004649323;-0.4653163670795966;4.900599212719372
657;-0.5694990004649323;-0.4653163670795966;4.900599212719372
658;-0.5694990004649323;-0.4653163670795966;4.900599212719372
659;-0.5694990004649323;-0.4653163670795966;4.900599212719372
660;-0.5694990004649323;-0.4653163670795966;4.900599212719372
661;-0.5694990004649323;-0.4653163670795966;4.900599212719372
662;-0.5694990004649323;-0.4653163670795966;4.900599212719372
663;-0.5694990004649323;-0.4653163670795966;4.900599212719372
664;-0.5694990004649323;-0.4653163670795966;4.900599212719372
665;-0.5694990004649323;-0.4653163670795966;4.900599212719372
666;-0.5694990004649323;-0.4653163670795966;4.900599212719372
667;-0.5694990004649323;-0.4653163670795966;4.900599212719372
668;-0.5694990004649323;-0.4653163670795966;4.900599212719372
669;-0.5694990004649323;-0.4653163670795966;4.900599212719372
670;-0.5694990004649323;-0.4653163670795966;4.900599212719372
671;-0.5694990004649323;-0.4653163670795966;4.900599212719372
672;-0.5694990004649323;-0.4653163670795966;4.900599212719372
673;-0.5694990004649323;-0.4653163670795966;4.900599212719372
674;-0.5694990004649323;-0.4653163670795966;4.900599212719372
675;-0.5694990004649323;-0.4653163670795966;4.900599212719372
676;-0.5694990004649323;-0.4653163670795966;4.900599212719372
677;-0.5694990004649323;-0.4653163670795966;4.900599212719372
678;-0.5694990004649323;-0.4653163670795966;4.900599212719372
679;-0.5694990004649323;-0.4653163670795966;4.900599212719372
680;-0.5694990004649323;-0.4653163670795966;4.900599212719372
681;-0.5694990004649323;-0.4653163670795966;4.900599212719372
682;-0.5694990004649323;-0.4653163670795966;4.900599212719372
683;-0.5694990004649323;-0.4653163670795966;4.900599212719372
684;-0.5694990004649323;-0.4653163670795966;4.900599212719372
685;-0.5694990004649323;-0.4653163670795966;4.900599212719372
686;-0.5694990004649323;-0.4653163670795966;4.900599212719372
687;-0.5694990004649323;-0.4653163670795966;4.900599212719372
688;-0.5694990004649323;-0.4653163670795966;4.900599212719372
689;-0.5694990004649323;-0.4653163670795966;4.900599212719372
690;-0.5694990004649323;-0.4653163670795966;4.900599212719372
691;-0.5694990004649323;-0.4653163670795966;4.900599212719372
692;-0.5694990004649323;-0.4653163670795966;4.900599212719372
693;-0.5694990004649323;-0.4653163670795966;4.900599212719372
694;-0.5694990004649323;-0.4653163670795966;4.900599212719372
695;-0.5694990004649323;-0.4653163670795966;4.900599212719372
696;-0.5694990004649323;-0.4653163670795966;4.900599212719372
697;-0.5694990004649323;-0.4653163670795966;4.900599212719372
698;-0.5694990004649323;-0.4653163670795966;4.900599212719372
699;-0.5694990004649323;-0.4653163670795966;4.900599212719372
700;-0.5694990004649323;-0.4653163670795966;4.900599212719372
