0;-0.5827701484338708;-0.26279174761180696;0.6424044520239911
1;-0.5904770400640675;-0.4589841036002005;0.8291011625928302
2;-0.5981962000435503;-0.26065668239042195;0.6624636849012349
3;-0.6059475360471428;-0.28617056014756603;0.6962504528044489
4;-0.6136015330230881;-0.35852776153186383;0.8711791710945191
5;-0.6212163068664107;-0.25852767033564844;0.6881849940540377
6;-0.6288343499482223;-0.4027993422679262;1.1123533671255674
7;-0.6362829070484475;-0.35815161719399824;0.9091488297594317
8;-0.6436576517812614;-0.44689133510652673;0.9144638170816566
9;-0.6508667955828671;-0.4004090593841686;1.1463743523876533
10;-0.6578095412662047;-0.257076056230926;0.7296854804291595
11;-0.6644845299336758;-0.28455570923012047;0.7806471476146355
12;-0.6708662452996156;-0.28496007970822423;0.7925379937502928
13;-0.6768784006230311;-0.35749579729785935;0.9909722040003752
14;-0.6825234335554858;-0.3972122769102471;1.2023176661354764
15;-0.6877728187986707;-0.2604839365200763;0.777825952538846
16;-0.6926176884934394;-0.26188286179509135;0.7886218320004803
17;-0.6970181485939007;-0.35893149733884877;1.0517150013395207
18;-0.7009749001675403;-0.2655582369737038;0.8113231700353734
19;-0.7044934740485287;-0.29353280354111805;0.8873583941378136
20;-0.7075261158163293;-0.39984843844685364;1.108644969771602
21;-0.710047649739837;-0.2729975594246343;0.8473930366045462
22;-0.7120688356264763;-0.3005408096429425;0.9316513910049118
23;-0.7135470975937614;-0.3654414740559037;1.1455817382082785
24;-0.7144946192378003;-0.39851397708304565;1.3095497548032364
25;-0.7149464062602031;-0.40677450447902497;1.3352714079877537
26;-0.7149053160872672;-0.31251927638498417;0.9889067727486119
27;-0.7144146763969755;-0.40227472772304645;1.3360726615419123
28;-0.713459977830374;-0.2968021369967241;0.9313952723139268
29;-0.7120753828476503;-0.30085325392821793;0.9424463380726323
30;-0.7103595158444067;-0.40740255064630354;1.3581229729008961
31;-0.708358884065188;-0.40934650423847657;1.3644012080047778
32;-0.7061119821110738;-0.4126054796818559;1.282190986456274
33;-0.7036040206497283;-0.3884150324484439;1.2679025927842817
34;-0.7008290588321272;-0.34231614390952864;1.0825064715654125
35;-0.6979201362401644;-0.41810529464940926;1.384123377568956
36;-0.6949070817116936;-0.42142176684334176;1.3176505222827855
37;-0.6918137254589523;-0.4238115843228747;1.3246799239638485
38;-0.6886636284377846;-0.42526707615053816;1.393377765081261
39;-0.6854110161676867;-0.40654014561636803;1.3091439966363012
40;-0.6821414685738696;-0.4312977038336644;1.3415736026207812
41;-0.678919391888465;-0.4484309774683833;1.3488422350030094
42;-0.6755546024865287;-0.37280651157710987;1.1400417473948745
43;-0.672221140604814;-0.4377675076649112;1.3984367089681062
44;-0.6687132153804007;-0.36174963942029886;1.0553870224774486
45;-0.6652712289402194;-0.44422771952063955;1.3561774012831695
46;-0.6618292699214029;-0.4287709243945467;1.3277685795746104
47;-0.6584648594275467;-0.44945298277744833;1.3573431623695076
48;-0.6552257304693562;-0.46341967752972163;1.3602696501086993
49;-0.6521047565428117;-0.46563636995252844;1.3593443132529126
50;-0.6488629267099375;-0.40220479820181004;1.1613637999841055
51;-0.6456920373969435;-0.457785657103895;1.3780786490242782
52;-0.6424184862850008;-0.4093643285923505;1.1610707500148862
53;-0.6392995744041953;-0.4744718355626381;1.3497238076244997
54;-0.6359814354193427;-0.400549877110874;1.0711512044613145
55;-0.6327640174073833;-0.46778255765941495;1.3543660884561886
56;-0.6296083025879526;-0.46108986994966633;1.2999825808945173
57;-0.6266273737252442;-0.4832575306879125;1.3314112785872143
58;-0.6236998065199313;-0.4677479023662527;1.2873279639787512
59;-0.6206630129137757;-0.434958924329782;1.1442281042488158
60;-0.617806881596836;-0.490191769730626;1.3128652816568482
61;-0.6150092858977092;-0.4782271771641285;1.2646764461551767
62;-0.6120869046381378;-0.44631708600938913;1.13100274275792
63;-0.6092442602997995;-0.4902048519590855;1.2880001958718839
64;-0.6062812064416538;-0.45426641452560274;1.1208808626375815
65;-0.6032134720985959;-0.45844148976142696;1.1155436242131909
66;-0.6003114261733751;-0.5024831415248168;1.2570268732262286
67;-0.5975959404966359;-0.5078284145185862;1.2584496863708146
68;-0.5946566467265789;-0.459696049441769;1.0288012340707675
69;-0.5915387235382247;-0.46460328378738736;1.0246617620042746
70;-0.5885629180178171;-0.5088056983115206;1.2014528732802112
71;-0.5858066508469312;-0.5189659211386246;1.2099032345725536
72;-0.5832919401508647;-0.5220397307995727;1.214170061347391
73;-0.5809640422900891;-0.5234176213785249;1.145815242435751
74;-0.5788278576110896;-0.5202402224731392;1.1446077401928672
75;-0.5769305202820777;-0.531218230943034;1.1231021382310145
76;-0.5752875705164824;-0.526328810428011;1.1140083609838694
77;-0.5735512203984497;-0.5130075250059254;1.04633049264247
78;-0.5721598384314786;-0.5341065530150841;1.0774925688468544
79;-0.5711180470338297;-0.5425379797691914;1.146774590630733
80;-0.5704255428746233;-0.5453217358664377;1.1364930087685488
81;-0.5695702355382425;-0.5206146973673456;0.9741631375602507
82;-0.5690936129607422;-0.5509796326887926;1.1153467449832164
83;-0.5690323485350398;-0.5594601916802738;1.0217940465774613
84;-0.5693328081887545;-0.5565332407733529;1.0933841585293282
85;-0.5700329483997141;-0.5651726746871761;0.993426567270163
86;-0.5710590653669546;-0.5618610911589698;1.0705862927659264
87;-0.5725094200724923;-0.5548298378690372;0.9177705023330449
88;-0.573727953246944;-0.5578913598229158;0.9686182808141076
89;-0.5747466873985745;-0.5615326368792447;0.9602723048892934
90;-0.5760695068310936;-0.571281990578464;1.0225838096100544
91;-0.577703354181436;-0.5787325971221314;0.9015117405806129
92;-0.5795348978147061;-0.5814209044505699;0.9605882911631399
93;-0.5815119181795506;-0.5778420633956206;0.984681514012023
94;-0.583643242819015;-0.5839329743191154;0.8525682274768918
95;-0.5853643656668304;-0.5728702379945791;0.8914933150716189
96;-0.5874572900176125;-0.5705990952250646;0.7285886734541303
97;-0.589628378537098;-0.5860167264681201;0.9317814118028276
98;-0.5921183660820676;-0.570453927412133;0.6923874113881393
99;-0.5943087251479419;-0.5846255570698732;0.8595978018490994
100;-0.5969016992026365;-0.5763077644455354;0.6454491586463421
101;-0.5996195406363849;-0.5978368426335448;0.8257732068145329
102;-0.6024970286699112;-0.5990982266533132;0.8100016534991837
103;-0.6056166133783518;-0.596554393662454;0.6972721598175089
104;-0.6089814252323119;-0.5956686077322209;0.8330144334382518
105;-0.6128641277637584;-0.5793099291046205;0.5516192207643951
106;-0.6172466531181281;-0.5801530088325066;0.5325524390059103
107;-0.6219233706646644;-0.5972369034801809;0.7891566513481205
108;-0.6269380229798076;-0.5972630441224419;0.774583314693034
109;-0.6320682307602242;-0.6013399026956444;0.7430558269191215
110;-0.6377123964506968;-0.5835223497316586;0.4535927673005713
111;-0.6433727148360963;-0.5948660794089253;0.7414619885802235
112;-0.6494155415705094;-0.5795809755931293;0.4303374737795568
113;-0.6556318606213896;-0.5937047412164518;0.5306036885344988
114;-0.6619275212940382;-0.5967657900705452;0.6256711618382922
115;-0.6682438581766963;-0.5904084984220445;0.5031842363741341
116;-0.6744543634151751;-0.5876982324996024;0.6671249792494751
117;-0.6801472217969028;-0.5875789912817564;0.6855977628796401
118;-0.6855700911432994;-0.5747783143505101;0.34895291115088467
119;-0.6902521323589184;-0.5853366912605724;0.6701032145701855
120;-0.6944330420936176;-0.5858306476220196;0.5558962059531716
121;-0.6980592810175192;-0.5712907676215453;0.3248631417195553
122;-0.7010834869344021;-0.5787306409634645;0.43086461924974173
123;-0.7034444489321023;-0.5763459216192738;0.5978375212078777
124;-0.7051446768844483;-0.5679254073095943;0.3180634849827051
125;-0.7062261281861367;-0.5762955767840074;0.41109620828697724
126;-0.7067346462975894;-0.5759385073439167;0.4059148579433123
127;-0.7064838440067915;-0.5832719123348344;0.6295271216257565
128;-0.7058393540683943;-0.5736410581224088;0.5652037892642223
129;-0.7048625939358845;-0.5727217992248728;0.29404536349903265
130;-0.7035261405528253;-0.5870234587846531;0.5727758012126768
131;-0.7021631907100158;-0.5759237917509212;0.3906239227092321
132;-0.7007446034072314;-0.5867015229692862;0.6239354156500447
133;-0.6994573990373056;-0.5728286685356853;0.30355234216687665
134;-0.6984059923912662;-0.5755449454142321;0.3901005493052241
135;-0.6975289597394526;-0.5899582048108282;0.5720269932916393
136;-0.6969404593948776;-0.5753691259026898;0.301027647528901
137;-0.6966595363381763;-0.5873197412004201;0.6331550487503619
138;-0.6967431272943936;-0.5868165367910088;0.6362421401167564
139;-0.6971771186178303;-0.5734996331422804;0.4875122461884731
140;-0.6978240001069438;-0.5702651936522529;0.32593565484853826
141;-0.6986868788658074;-0.5698580063377705;0.4929168939277071
142;-0.6995951576105424;-0.5679653009868908;0.3367184187926573
143;-0.7004344027672004;-0.5672664999938815;0.3425316258094009
144;-0.70108294132542;-0.5671740802451837;0.34852065951391953
145;-0.7014136612496822;-0.5696484199798706;0.3475291495267978
146;-0.7013427764692859;-0.5687137974847907;0.3607361821756019
147;-0.7008780814215507;-0.5570799380308503;0.5138467241860118
148;-0.6999240585280653;-0.5714682121824779;0.3728756949393729
149;-0.6986034251209647;-0.5441603752669592;0.57508156955671
150;-0.6969385699392776;-0.5521849975506289;0.5247955112663245
151;-0.6952453368799315;-0.5560466654625248;0.6627677926328721
152;-0.6932456952876744;-0.575411561259778;0.39567125953419935
153;-0.6910691149750101;-0.5780819116358253;0.3933153660170008
154;-0.6891148842372743;-0.5479783531174842;0.6639016741991739
155;-0.6874538144446554;-0.545415312454848;0.6644102641503309
156;-0.6858873660476821;-0.5487182784570721;0.47018218061923267
157;-0.6845623685078237;-0.5756493732033772;0.4189744359960703
158;-0.6835814996595495;-0.57496497082748;0.42256095530419113
159;-0.6828909309659693;-0.5436338560728614;0.4780137034139733
160;-0.6826538845051798;-0.5732986631654666;0.42829156073922703
161;-0.6826268110753146;-0.5212692661680067;0.6091345633005183
162;-0.6828321676532447;-0.5295433021994598;0.5570874954599248
163;-0.6832336203570569;-0.5270191533637218;0.5568840246128683
164;-0.6837274497176525;-0.5138178253210843;0.6085461540917851
165;-0.684307855990237;-0.520601953479064;0.611481251557659
166;-0.685030440883876;-0.5271418069217255;0.47586257720943015
167;-0.6860501521634812;-0.5600795613327156;0.42125996597313065
168;-0.6872839559965014;-0.5574356946253074;0.41910343874594747
169;-0.6886437542367101;-0.5551241259891313;0.4164989808704306
170;-0.6898558749523865;-0.517533436541538;0.459043396455173
171;-0.6910587204045302;-0.551256033867563;0.41027006225822527
172;-0.6919276766591654;-0.5057446546754464;0.5234123059178597
173;-0.6923406161244734;-0.49710110792644285;0.5647051291169607
174;-0.6922987251361598;-0.48950758995844357;0.603747699204425
175;-0.6920763538343963;-0.5090097026736596;0.4299874233155835
176;-0.6914402453380948;-0.4867970045819905;0.5898833624498978
177;-0.6904456249596781;-0.4859841260987019;0.5833467872061884
178;-0.6892706455022148;-0.49762644253603056;0.4879549435280146
179;-0.6878532360793508;-0.4900754358802856;0.5238161112530465
180;-0.6862730997767779;-0.5343551269138265;0.39335801958919214
181;-0.6844911855492842;-0.48970191465391166;0.5135452379854099
182;-0.6825135119713369;-0.48533602822411825;0.557711914917545
183;-0.6804519002207486;-0.4958856835049572;0.46706097703848115
184;-0.6783287880254694;-0.4959779280892859;0.4642945834014428
185;-0.6762014752822;-0.4906640093403536;0.5003261193643074
186;-0.6740190473730535;-0.5318068427783598;0.3738028632567054
187;-0.6718535475921505;-0.4870805386160778;0.5124166956928854
188;-0.6698238513156571;-0.4972513833239042;0.4578837405104452
189;-0.6680507471219354;-0.4917722243060698;0.4971304886526018
190;-0.6665426702789975;-0.4981140000768476;0.4572084096620478
191;-0.6653911243795967;-0.5046618120137498;0.38856263385225365
192;-0.6646466588219004;-0.5048078369811253;0.3896318652579467
193;-0.6641171218535767;-0.527642262577556;0.37532979477148876
194;-0.6640150999056574;-0.49903949220203214;0.4600370497406877
195;-0.6643148203667277;-0.4862766536910923;0.56150077074882
196;-0.6650259447290864;-0.4890028950725893;0.5121415089276791
197;-0.6660416664899145;-0.4982673503367051;0.4650056728210592
198;-0.6673196614908182;-0.503229069847251;0.4013540097421169
199;-0.668730451774894;-0.4974410657875373;0.46933145132048193
200;-0.6702035903963132;-0.502179512680774;0.4065370860900148
201;-0.6712590716215301;-0.5163582382943617;0.39042049609975515
202;-0.6721147856502627;-0.4829050829092016;0.5382722209475397
203;-0.6727539107857875;-0.5012196447088646;0.4148336883634689
204;-0.6729063882545355;-0.4776747760760563;0.6048048582263229
205;-0.6723553671913093;-0.5135061231216914;0.39103713034843546
206;-0.6712090926201096;-0.5158802418422163;0.3818947584260921
207;-0.6694500162694091;-0.514172840958458;0.3912570754151522
208;-0.6672047209289783;-0.4766615274598005;0.6251307846343359
209;-0.6647259278081847;-0.49844037612500314;0.4998949279244246
210;-0.6619825960899954;-0.48868758307311033;0.5542062200616806
211;-0.659079512412057;-0.5005280260190231;0.5080014981785852
212;-0.655781921630059;-0.4789824496676605;0.6442822388352608
213;-0.652231807326118;-0.5199782824059417;0.39426108669826465
214;-0.6487129590511576;-0.5086336514213777;0.4511675620778568
215;-0.6452434896588881;-0.5100791234363119;0.4554890349755448
216;-0.6418411213188197;-0.511745203679723;0.4600919665817679
217;-0.6385528444643154;-0.5092990607990903;0.5387534506672751
218;-0.6354081484614038;-0.511024330012319;0.5450110072327821
219;-0.6321467947126121;-0.4865121895191584;0.6776481897549635
220;-0.629120029744775;-0.5144453437245528;0.5585945676917334
221;-0.626312523819668;-0.5041467923778294;0.6193311703760449
222;-0.623506193336796;-0.4965511635351978;0.646041695210666
223;-0.6209653355893159;-0.5070284756409146;0.6355709885134361
224;-0.6184616596189654;-0.4924946015413561;0.7042400864474343
225;-0.6160270110187321;-0.5015676967870334;0.6669421394852146
226;-0.6138856592886434;-0.5270724246805362;0.4260615104344949
227;-0.6120084401416201;-0.5116395403997417;0.6713170746410737
228;-0.6103528728747105;-0.5260106668033204;0.43709478199474294
229;-0.6088785526954539;-0.5261922110906941;0.6346698761732072
230;-0.6075011522946319;-0.5142110912566714;0.6998199866047046
231;-0.60606360673199;-0.4978784710565772;0.7442509243445496
232;-0.604631269921612;-0.5163018605745909;0.7188660886064595
233;-0.6031580528748148;-0.5308047268943273;0.6720420693585625
234;-0.6015909962087092;-0.5196698774785129;0.48445054859230474
235;-0.5998958294180907;-0.5339227780887466;0.6900565005290178
236;-0.5980383068163592;-0.49984548778978616;0.7707110613121241
237;-0.5960416362033947;-0.5003711794784251;0.7753359714298742
238;-0.5938540212553605;-0.5433966387067424;0.6213873637446372
239;-0.5914679604669074;-0.5214303584329727;0.5190480935711274
240;-0.5888898718091379;-0.5278799698102031;0.5164698333775074
241;-0.586244324285456;-0.5028692418946012;0.7908759946702623
242;-0.5833570122746502;-0.5340345295761874;0.7997487191799525
243;-0.5802546277326835;-0.5269559513068222;0.5467053465451932
244;-0.5771569177018204;-0.5046353231433061;0.7991617843581322
245;-0.5738766384156705;-0.536715905343456;0.5501500511205722
246;-0.5704489523774979;-0.5580065204569569;0.7674350133404841
247;-0.56682742006652;-0.536020301954317;0.5734749998828588
248;-0.5631492593391684;-0.565978485901975;0.6834578286658202
249;-0.5592584194419035;-0.5543378404943815;0.8348404567311516
250;-0.5551644793049925;-0.5583280659452716;0.8383413742323105
251;-0.5509405544184833;-0.5548344493922925;0.5873774504562375
252;-0.5469623806548896;-0.5339489248703659;0.8007608192385816
253;-0.5428355882862689;-0.5567265659113303;0.6098345408162356
254;-0.5386225349681008;-0.5663908634888969;0.6035840464366866
255;-0.5345115856392141;-0.5885199801973989;0.7081787663294665
256;-0.5302820861613404;-0.5847203943383412;0.8509389341932292
257;-0.526501891358316;-0.5377628323369513;0.7981937754623494
258;-0.5231846902236922;-0.5074222938161933;0.7990718570402611
259;-0.5203920745881571;-0.5388927097477013;0.7946472334363466
260;-0.5174817909465828;-0.5850775895001603;0.6423899747976347
261;-0.514510803644127;-0.5887182763170125;0.6461348786373677
262;-0.5122353970976372;-0.5393290015621306;0.7872131448561874
263;-0.5099825242344184;-0.6013706737090249;0.6395580452639757
264;-0.5079802260065738;-0.6239875209385657;0.7984734343291269
265;-0.5064418308713342;-0.6170282815968252;0.713890080105154
266;-0.5050686339798324;-0.6124441871810928;0.6481370848822501
267;-0.5046219023712963;-0.4981723701976567;0.7710477145557684
268;-0.5046488692252112;-0.6349487383200484;0.7918171311800796
269;-0.5053625927744981;-0.6244292073386307;0.7100930744457801
270;-0.5066850911240374;-0.6387241489965803;0.7880806430086715
271;-0.5083339735314729;-0.625977945517364;0.6616914391260991
272;-0.5110052018589156;-0.4834836027868861;0.7558273884959188
273;-0.5138943086360724;-0.6248667057691635;0.6830129704301791
274;-0.5174882632357765;-0.6415159653132618;0.7826267768602978
275;-0.5218652244380232;-0.4709993003311719;0.7516743732506694
276;-0.5267869839191078;-0.6399830618584171;0.7820885757776495
277;-0.5316845278573422;-0.6273628812116459;0.6997519011274829
278;-0.5370963417664913;-0.6211389218514096;0.7141014351619912
279;-0.5428211752486939;-0.6301481752352214;0.824291899701661
280;-0.5489097312386894;-0.6334711383733762;0.7858402662466135
281;-0.5552219132460798;-0.6264867111640176;0.8255208807334228
282;-0.5613314268255415;-0.4374684964091702;0.7618289474704857
283;-0.5676014943714537;-0.6268785552768061;0.7887968214213263
284;-0.573456544006945;-0.6249580756182714;0.7094980308639387
285;-0.5790243863749219;-0.6236088363763423;0.7074019183800344
286;-0.584259467568125;-0.4212045608709317;0.7663618538437452
287;-0.5896781163652974;-0.46060022965895403;0.7598943125987512
288;-0.5951330925710634;-0.6190607777892096;0.6845260478950876
289;-0.6013382638708563;-0.6037501351622234;0.8052946272550476
290;-0.6080694930156068;-0.45145031927051;0.7455300783541332
291;-0.615417270443303;-0.4485948919131994;0.7384004734916874
292;-0.6234572583205238;-0.44622690291733;0.7305099869657965
293;-0.632609041145821;-0.5812101448615723;0.6403191937256407
294;-0.6429082412936478;-0.5794467794185039;0.7540407297072441
295;-0.6543691667346953;-0.5816441288534908;0.6911080475418254
296;-0.6668244306121083;-0.566964973667345;0.7309290997261171
297;-0.6792540753064975;-0.3939337205184438;0.7149535811753902
298;-0.6915849133706001;-0.3911326110239406;0.7116969977455045
299;-0.7043367437507968;-0.5640129344952439;0.4577361002376753
300;-0.7174097499265071;-0.5566581394748058;0.439580232942567
301;-0.7306127978150305;-0.5446947441985939;0.43293360653324897
302;-0.7433099038745292;-0.41293727963113613;0.6787003919670922
303;-0.754874748647821;-0.37675431935860787;0.7144532802160757
304;-0.7660993686335418;-0.519540907220693;0.5109805678079755
305;-0.776729293292157;-0.514446768481367;0.5091084753839255
306;-0.7864652243530762;-0.5117213458455511;0.6097606848782033
307;-0.7951871879252683;-0.5046555589260528;0.3756210993365403
308;-0.8028758293015658;-0.5054735804164655;0.3675888557037734
309;-0.8082147306859737;-0.3725173300621828;0.7477058389639126
310;-0.8115201267887875;-0.4016208981627966;0.7139421175416882
311;-0.813841710130141;-0.4884242073797633;0.3696327091622179
312;-0.8142180422242711;-0.4059655405725555;0.7253532636487185
313;-0.812800399898131;-0.40940144367366205;0.730662966872603
314;-0.8108657387082263;-0.488455665253704;0.37166432857505804
315;-0.8081608651584729;-0.4798144550072161;0.6892016685758285
316;-0.8048357690729544;-0.4805368038270078;0.6907065453051875
317;-0.8001008105401546;-0.40353634852622655;0.7908217904326197
318;-0.7951478434849029;-0.4831368448835169;0.692693126086348
319;-0.790261141340766;-0.4979481669122751;0.6366328497818893
320;-0.785635248515045;-0.5002891326120471;0.5507845532065838
321;-0.781313258239515;-0.47857545768835963;0.3854604741351675
322;-0.7773440798259641;-0.5030022485734384;0.5540661580587964
323;-0.7725559350581415;-0.4307393327021211;0.807910277554656
324;-0.7682418274672006;-0.4851336259746971;0.38970252109524206
325;-0.7642850781526074;-0.4784768607976274;0.38908352041927874
326;-0.7605096304054384;-0.495422547692555;0.6877164319546474
327;-0.756174528387447;-0.4646580428733118;0.7655174245995866
328;-0.7513401655179177;-0.4678070810043291;0.765985281228109
329;-0.7458649033225131;-0.4516547309497325;0.8162348922972188
330;-0.7397924662816769;-0.4564363769479259;0.8171865100588227
331;-0.7342756614711855;-0.5110024861144509;0.5580248228458982
332;-0.7290759540195711;-0.48545891448387984;0.3939619178503907
333;-0.7233471329158442;-0.4888026096861159;0.7675743656051588
334;-0.7180766793495802;-0.5129776818287488;0.6279974664632374
335;-0.7129889968316026;-0.4799305251870589;0.39226839541288006
336;-0.7083177393619807;-0.5144270489403046;0.6267762161503506
337;-0.7040682169165593;-0.5155981023654113;0.5588452562823358
338;-0.6992015202636855;-0.5070118289298965;0.7693379829407043
339;-0.6948165927161501;-0.5172794964347668;0.5591919838984756
340;-0.6907177256654206;-0.5086847819165123;0.6708617695569279
341;-0.6868622849514905;-0.49021369399305226;0.3968061384520378
342;-0.6832651261207361;-0.49112362512076474;0.39679534919307946
343;-0.6790487679238106;-0.5063970483610002;0.8250383471527634
344;-0.6754592744959678;-0.5210252762363398;0.6242265927277788
345;-0.6722493101207396;-0.488306275702189;0.39286699295841077
346;-0.6694884136430436;-0.4948440871175747;0.39559928681048107
347;-0.6671896992301982;-0.49590667117092624;0.3949974970136495
348;-0.6653635138772048;-0.49704408612609974;0.39427395251371455
349;-0.6642348479379985;-0.5197799173233533;0.5548586561883646
350;-0.6636007500841813;-0.5166103164922357;0.6660582310217258
351;-0.6634343980017955;-0.49960357560824037;0.3914614601183185
352;-0.6639283637307681;-0.5170498504422917;0.5499248984666534
353;-0.6643525647507244;-0.513977220953014;0.8106303711243599
354;-0.6653114448265571;-0.5159283368392753;0.6608480731488489
355;-0.6664430333144911;-0.5280039248038634;0.74908616444741
356;-0.6681109526731356;-0.5139236443266737;0.6572805027720885
357;-0.6704140363387231;-0.5084781380430755;0.5379958004613159
358;-0.6731293669924545;-0.49612929029743036;0.3842007201250598
359;-0.6761686539110562;-0.4919540604697961;0.3839723377742832
360;-0.6795412156174476;-0.5092920464857172;0.6002051255685705
361;-0.6831364948574093;-0.507503005708596;0.5976766651811243
362;-0.6868864685640099;-0.49683960462958887;0.5243255993451186
363;-0.6906233729540522;-0.5042615563644018;0.5925219113923428
364;-0.6941947606652291;-0.48877997918972776;0.7625234311197315
365;-0.6975716660221288;-0.4852011926356372;0.38782441267395784
366;-0.700648118055474;-0.48419989500365235;0.38931261118602056
367;-0.7033071266374492;-0.4837393923907256;0.39101085371011723
368;-0.7055230458759515;-0.4849710376535676;0.5094473778692851
369;-0.7071622760243516;-0.49650981652186543;0.5775096010954099
370;-0.7080767815126117;-0.48449742965830683;0.3970077358858849
371;-0.7085083552104274;-0.48950994084934113;0.6728226540696944
372;-0.7082347714756986;-0.49651886896648434;0.570379314169929
373;-0.7071428892707492;-0.48800877850296615;0.3965690482594134
374;-0.7053831409344729;-0.4827621726325118;0.49718361552000256
375;-0.7029771818983884;-0.4994436853769202;0.5629179373765623
376;-0.700252329667363;-0.4831300534853603;0.6484693362234482
377;-0.6970098569384577;-0.5027730415966075;0.5574277119037516
378;-0.6935245424829475;-0.4582355564766813;0.6918066253380766
379;-0.6894467851858336;-0.4999614216609436;0.40472856535326596
380;-0.6848457906306756;-0.5034631788548669;0.41462867781446255
381;-0.6802082284177293;-0.45872793400359446;0.6772998180055944
382;-0.6754229882966424;-0.5182122283982504;0.5886721775231797
383;-0.6706934076203732;-0.4600029557960632;0.667652619206389
384;-0.6660077206479922;-0.5153853737957709;0.5348433735120381
385;-0.6612242401936659;-0.5147204267136513;0.4095311969842128
386;-0.6566846402306261;-0.5186112330171136;0.5282391383150069
387;-0.6524791461879853;-0.4873426091936689;0.5942570367203395
388;-0.6483767279070589;-0.5209142940224578;0.41277853667393916
389;-0.6446584575684668;-0.5226215963400627;0.5192968748011038
390;-0.641341842413569;-0.5301099098542859;0.5616080579810268
391;-0.6383494740545088;-0.5081342930180869;0.45745592617000164
392;-0.6357930596934801;-0.5320462993019357;0.5564377908397635
393;-0.6335383409476741;-0.5301579702057813;0.4330598903574211
394;-0.6317603328363243;-0.5334651547364049;0.55223293039945
395;-0.6303322404694904;-0.5317554767993888;0.438677459687992
396;-0.6292749611588906;-0.5295271717539797;0.43098163490555985
397;-0.6286552570534263;-0.527650944224713;0.5054661120049591
398;-0.6282834598482067;-0.5110270942195749;0.4539822543803138
399;-0.6282815231940491;-0.5274479491753461;0.5043691250204569
400;-0.6284598246097465;-0.5108437363033114;0.454738135679293
401;-0.6287969753542282;-0.5107255066601746;0.45527062608253066
402;-0.6292770739777129;-0.5106110271493911;0.45586133980834553
403;-0.6300520535555933;-0.5262791425743705;0.5040608765198136
404;-0.6311047030837054;-0.5267495113131542;0.4583394195511974
405;-0.6317764293341248;-0.4516453256723203;0.5815372959443105
406;-0.6325838522545577;-0.5096534866688055;0.4581388789819496
407;-0.6330185161325209;-0.4513662701960177;0.5743906750331065
408;-0.6333706509628367;-0.47628430490950285;0.5248270062962739
409;-0.6340833305958713;-0.5202475194794874;0.472401885251963
410;-0.6346830566349958;-0.4766857226695965;0.5192863194360093
411;-0.6356340114586774;-0.5169260719817997;0.4763185888325264
412;-0.636192643768284;-0.4545462516027361;0.5558748824869857
413;-0.6366359489733622;-0.47737883222205507;0.5106321096075266
414;-0.6374564689677118;-0.5126950675247582;0.49254056143699654
415;-0.6385951509665309;-0.5179805238534505;0.5435545199182175
416;-0.6395243259415184;-0.4782916141920984;0.5013510939132066
417;-0.640719587524214;-0.5150839199388344;0.5419359825876306
418;-0.6416548081598424;-0.47885373328416503;0.4946515583571812
419;-0.6428141208909909;-0.5019739415566908;0.479864030991458
420;-0.6440941843924513;-0.5102829432074516;0.4961901724529675
421;-0.6448253508817725;-0.4615853265391577;0.519770610739767
422;-0.6452411919922925;-0.480445453024259;0.479548336602055
423;-0.6456308177080354;-0.5008944969729561;0.43887079259684036
424;-0.6460821703937847;-0.507385444878152;0.48567412178582625
425;-0.6466110277825503;-0.49190499521752645;0.4699067410111081
426;-0.6471772743149788;-0.5059961267604676;0.5217746773391541
427;-0.6472927291292931;-0.484606633743234;0.45672749318039474
428;-0.6474273121508636;-0.48819111529811565;0.4614451838976005
429;-0.6473800461506015;-0.5008189870005259;0.4146172650489406
430;-0.6471377050225251;-0.5011642592740398;0.4097666197483354
431;-0.6468853683113266;-0.5047500481631924;0.5004337834780155
432;-0.6465934378261091;-0.4839215717412667;0.4628611650961384
433;-0.6456655815641276;-0.47445039852536636;0.4606171462752461
434;-0.644304967763394;-0.4926732111759877;0.4182586113584177
435;-0.6430239812598628;-0.5055655720945338;0.4794523203458205
436;-0.6415973128285554;-0.5054368735990015;0.3779220404681499
437;-0.6396349204539102;-0.48117805944886693;0.43954963185585805
438;-0.6375879998984582;-0.5076798001276127;0.36694337817508194
439;-0.6356235256735251;-0.5118526758231986;0.4118242984702434
440;-0.6337342171028426;-0.4815885089691165;0.4325465978814954
441;-0.6319238632292259;-0.4835273653172208;0.4123512017690145
442;-0.6296478695649029;-0.49071168071656024;0.41535217896693655
443;-0.6274992577459655;-0.48193095104288153;0.42150830411072604
444;-0.6254808070733798;-0.48422649797247735;0.40128941341856494
445;-0.623040415881614;-0.4962783525405835;0.4028778200824086
446;-0.6207748964620735;-0.4848294930815852;0.3944004668010854
447;-0.618121809201594;-0.5003192946149464;0.39565668237020724
448;-0.615589896829174;-0.5187203199015031;0.3180878251910563
449;-0.6132031525364825;-0.5196347901043448;0.3141529841044448
450;-0.6112803398022197;-0.5106088499242446;0.40071939283347124
451;-0.6089960729198313;-0.5084917260949803;0.38413200648548773
452;-0.6069828024694791;-0.48632666342079955;0.3764044644509549
453;-0.6052340689455892;-0.4864397100917383;0.3738036730656611
454;-0.6031179081696598;-0.514103162327649;0.378189825881182
455;-0.6012965204380197;-0.4865791503517713;0.3689459491535638
456;-0.5999660094219093;-0.5184627235757078;0.3372587816348649
457;-0.5988910577292702;-0.48372805718373235;0.3813869924307699
458;-0.5983631330362935;-0.5068350796228455;0.37779628215707894
459;-0.5981306389946789;-0.5231549196639037;0.2876319313022264
460;-0.5982155966788142;-0.522828248255507;0.2864529719719008
461;-0.5977833426957567;-0.5229375413012822;0.3740341414230952
462;-0.5975897911403565;-0.4816098523975504;0.37264355241054836
463;-0.5968309586416657;-0.5249805506330154;0.37563752769993863
464;-0.5962978575592822;-0.4804638374142883;0.3703508114584666
465;-0.5959552621663886;-0.479927529148349;0.36954368297597195
466;-0.5949108886314618;-0.5292999205476515;0.3806816769206294
467;-0.5942557720472575;-0.5171681571938582;0.28824552797468284
468;-0.5940816910523941;-0.5061576092376594;0.3412266998633733
469;-0.5942913599882531;-0.4931534138475447;0.39313078283156977
470;-0.5945215131578726;-0.47705275945923453;0.3702220371518269
471;-0.5950255147958416;-0.4906019401374687;0.4037042757088143
472;-0.5948236787077607;-0.5458403153258056;0.35400020559558165
473;-0.5935239101660107;-0.5393695269079547;0.4071880736452149
474;-0.5911791544040628;-0.5420586121394123;0.4128682004271296
475;-0.5889539646606067;-0.4751461420983423;0.3822165487351652
476;-0.5868790785163935;-0.4775790877722763;0.3707089918650269
477;-0.5849594133491933;-0.4776481075785653;0.37542897998589286
478;-0.5832042373348003;-0.4778114968236738;0.38068857234265197
479;-0.5818717475964877;-0.4933080650319503;0.41380348495079466
480;-0.5806960808470476;-0.47825695579823624;0.39266647786729514
481;-0.579913727389866;-0.4918947319457708;0.4317059814034967
482;-0.5794928509185714;-0.49130879172966374;0.4406395478773484
483;-0.579212320676652;-0.47901408116529715;0.4133392845752625
484;-0.5792090153782559;-0.5002752374731085;0.39044530297805924
485;-0.5793714605757191;-0.479619552340164;0.4279559936895633
486;-0.5790378296678118;-0.5694255701436766;0.4661056751200262
487;-0.5791672644021951;-0.48943709519265616;0.48126951107831706
488;-0.5796869018203517;-0.48285650852257506;0.5386475938988027
489;-0.5804987233560738;-0.4809978978063471;0.45577424506482445
490;-0.5817152099250497;-0.4891452506341068;0.49959959866411396
491;-0.5832073565362597;-0.48039972434843037;0.481452754209294
492;-0.5850439653756838;-0.48397709114565063;0.5574289387104179
493;-0.5871981005646398;-0.497375560188264;0.44698548869428156
494;-0.5896581329023656;-0.49730046192907446;0.44994288885264433
495;-0.5924091981204385;-0.4855818155010284;0.5644785050720316
496;-0.5954295394834175;-0.4862954973547478;0.5655760870624565
497;-0.5987249841882849;-0.4913368746593221;0.5181401940448387
498;-0.6022511391923574;-0.4881712705155084;0.5661124583641515
499;-0.6056566031266891;-0.5751736729850107;0.509976637608696
500;-0.6093834866096469;-0.49354414161517446;0.5164453739737178
501;-0.6130966261296421;-0.5746181081311021;0.508742859716523
502;-0.6171565479943797;-0.48640273566581405;0.48999304367822594
503;-0.6215412805141194;-0.48655096896663513;0.48581145312340557
504;-0.6261895146364247;-0.49285877435344577;0.5587226270378742
505;-0.6310775032903804;-0.4958130840386549;0.5063843844182137
506;-0.6361677226257394;-0.4873201331029543;0.4702904222347456
507;-0.6413979320214163;-0.4969893963062746;0.5014414779863765
508;-0.6465743313090382;-0.56716030321051;0.5020535990313182
509;-0.6518419917271601;-0.4879276472404837;0.45241245823463816
510;-0.6571173908509166;-0.48797168031617877;0.4463521001071711
511;-0.6623022277660758;-0.4881965684806769;0.4403496085248316
512;-0.6673027120550481;-0.4991125190616972;0.48926454599821656
513;-0.6720384639051997;-0.5567161924309617;0.4994931006574155
514;-0.6764277834188136;-0.48935256743739197;0.4230440215061826
515;-0.6804332268067012;-0.4954087847787184;0.4042891437912113
516;-0.6839565874551042;-0.5291214863552144;0.5400387006713234
517;-0.6869115413456119;-0.5026036388930852;0.5321532710809204
518;-0.6892811771810288;-0.49560081978993487;0.39436344256300593
519;-0.6909185438076493;-0.5049147305150171;0.525874884955267
520;-0.6917628785396842;-0.5067384925141742;0.5221973483702707
521;-0.6915280894570238;-0.4958557067931802;0.37276073690162304
522;-0.6904397134775231;-0.5099215725121956;0.4567043052463946
523;-0.6884874103690136;-0.5127627268675565;0.4516559856555382
524;-0.6858788123934461;-0.5093562840280718;0.53100493129407
525;-0.6826701121704077;-0.508041414609827;0.5281272782236004
526;-0.6781386986878759;-0.5100468843630307;0.34853569935861306
527;-0.6728079368761889;-0.5116610706132018;0.3516049493475477
528;-0.6668132839683147;-0.5265828879941965;0.41935927428965547
529;-0.6595860934381811;-0.5218299438418595;0.3473227607950513
530;-0.6518853735211094;-0.5360180686222178;0.45912516051513375
531;-0.6432103398054074;-0.5326933180126544;0.3230203867510051
532;-0.6344763063260901;-0.5052646810138217;0.495808636843298
533;-0.625711722875681;-0.5464811832432167;0.43169242604066493
534;-0.6168851915079812;-0.5355618164373147;0.3003004084116665
535;-0.6081210963256255;-0.5057304527253167;0.47644119406300434
536;-0.5995513715675876;-0.5529398842256807;0.34890265657372066
537;-0.5912381795723141;-0.5567213261783204;0.39288532061942105
538;-0.5822831945547801;-0.5715270674851931;0.29131991980891414
539;-0.5727539908425401;-0.5776520771348235;0.30178958031668224
540;-0.5633602209265928;-0.5077699809931054;0.4397539742678882
541;-0.5535228178944896;-0.5905078628395121;0.28283243744391395
542;-0.5439346288868281;-0.5096992419831213;0.42430900904271307
543;-0.5350321361419417;-0.5344210234082821;0.3441116624245032
544;-0.5257973400675442;-0.6103747066621819;0.29316382312923195
545;-0.5171064019030887;-0.5140001251038115;0.4014213093419593
546;-0.5083860249362777;-0.6233533345710829;0.293800537244452
547;-0.5007374098184557;-0.5771169578537466;0.21874720236557466
548;-0.4934573324993122;-0.6365554464782723;0.2969947023054428
549;-0.48769784683873213;-0.58235298521069;0.2142221828061558
550;-0.48316196940822564;-0.5177733538633401;0.3675677297058948
551;-0.4809073094229022;-0.5696069506595793;0.26297804270239233
552;-0.48090212813161265;-0.5672681981057254;0.2632557089400952
553;-0.48156107692071887;-0.6603195944690858;0.3162690556011356
554;-0.48383061089253654;-0.5864910119570681;0.21522209787431745
555;-0.4881294875019736;-0.5579331838711268;0.2682653204149186
556;-0.49410375916732624;-0.554585408172758;0.2710399004223307
557;-0.5016041903729913;-0.5240272822802996;0.3237640693314794
558;-0.5088315748117308;-0.6625459173061491;0.3475982607302871
559;-0.515992094268091;-0.49540980302002485;0.2742228661952598
560;-0.5234900703122249;-0.5433101333424328;0.28497861906100275
561;-0.529998021681657;-0.47800385968566045;0.32427295532267597
562;-0.5354785234742028;-0.4747496980370549;0.32173378656808904
563;-0.540886322315587;-0.5032884002738941;0.3461031371838953
564;-0.5457644904259672;-0.5392461260976711;0.29937777476775074
565;-0.5499690066673321;-0.54075380441992;0.3027020428440631
566;-0.5532409056921813;-0.6549693208543045;0.37427970533210786
567;-0.5559911346223072;-0.5072675919954387;0.3599714397770313
568;-0.558238320457694;-0.5105916612194591;0.36325713101481716
569;-0.5599082291933559;-0.6533420479218539;0.3858589209429053
570;-0.5608716612809893;-0.4713800225434919;0.3038928509081311
571;-0.5617025530033495;-0.6532469059109358;0.3917179544706654
572;-0.5624000432107222;-0.48878698188392306;0.2651023746006713
573;-0.5633270546101795;-0.6535707655256602;0.3958653397948424
574;-0.5646273459786623;-0.6418696160665405;0.4202323607918005
575;-0.5662465563398171;-0.49424586703521944;0.26131829696068176
576;-0.5685470214298696;-0.5389687837487864;0.38423110747173805
577;-0.5715986726237468;-0.5420290009380317;0.38507657711024323
578;-0.5754794497438376;-0.6389416836073338;0.4188431372689577
579;-0.5803281045937871;-0.6371462321944238;0.41644437855416294
580;-0.5862472924563931;-0.5881848141190035;0.3254358090329805
581;-0.5933999172005154;-0.6324778635107677;0.2507223834276272
582;-0.6013760100441049;-0.4727500726557889;0.253294922974177
583;-0.6108021727475205;-0.6226418886968939;0.3980793397250144
584;-0.6218115387053927;-0.6169151974078175;0.39158962309728895
585;-0.6342534287121633;-0.5421903049942203;0.3611272400558736
586;-0.6484342288525548;-0.6032972421933344;0.37726227721477423
587;-0.6644013690172024;-0.5953355742089641;0.3697863736729945
588;-0.6818742912264387;-0.5615355285490778;0.2801707593590056
589;-0.7008927833838601;-0.5898322708740017;0.200680602390916
590;-0.721348459271357;-0.5778485238261559;0.3270786956370705
591;-0.7425058278773572;-0.5357754066902165;0.2608064503827172
592;-0.7642628338123647;-0.5434367273818093;0.3360646094321762
593;-0.7855347732807326;-0.4837263570492486;0.3095722570260514
594;-0.8053764569579361;-0.40160776265735904;0.1748080759111359
595;-0.8236063607229753;-0.46942450730987406;0.30191936309132983
596;-0.840175279556163;-0.4999253583057101;0.31954205036993766
597;-0.8545174799884008;-0.5029382567246126;0.2989315565824172
598;-0.8656906950963859;-0.487488012902902;0.24079452013979863
599;-0.8734642039898293;-0.4557554427355772;0.2968352900892217
600;-0.878581194900997;-0.4762990111615194;0.3136509245170874
601;-0.8813683581969114;-0.4859660193773072;0.2964504141882892
602;-0.8818427137613356;-0.48960848482461755;0.24365556474288008
603;-0.8806286556018066;-0.46407800299733193;0.29940201371964115
604;-0.878960303139459;-0.4849682219379827;0.2970035753178427
605;-0.8770595351512492;-0.5222751916351239;0.18481609142278643
606;-0.8753095073398531;-0.3515440785339613;0.22903386754241484
607;-0.8742196784452545;-0.5270731807796398;0.18419793146248442
608;-0.8737686919010237;-0.390516177807354;0.19587690998247587
609;-0.8744856135509487;-0.46494673173436685;0.31151169378297183
610;-0.8761831989101109;-0.5297218367067109;0.18067765854040863
611;-0.878698535182598;-0.5108278349668838;0.2406291721220516
612;-0.8821083286876027;-0.5272538617832039;0.17750749256583542
613;-0.8863001742786414;-0.5250466923036847;0.17589519067814485
614;-0.8905920657995727;-0.39811236336852995;0.18289588973449167
615;-0.8953696087847551;-0.447768808911284;0.2880243903231249
616;-0.8998006281371749;-0.36404800576001506;0.20764222146209033
617;-0.9044658645879355;-0.49852867827032965;0.23311267099796984
618;-0.9084847929224585;-0.3650686100826962;0.20508295544744382
619;-0.9124077977196334;-0.4225801294045537;0.2828373851294106
620;-0.9162813148317743;-0.5001311430060467;0.16698904522756064
621;-0.9192694106126438;-0.3992702807657025;0.17543453337282322
622;-0.9219313928394167;-0.4936126062049144;0.16550118787244372
623;-0.9240762716684878;-0.4911803153358538;0.16496614458708592
624;-0.9255008790926499;-0.4631291841254218;0.2870791427416205
625;-0.9261522555115836;-0.4797857407930966;0.22979110764089294
626;-0.9258509317807273;-0.3935358134857562;0.2756098799181046
627;-0.9247546124720661;-0.480539153539137;0.23040505324821658
628;-0.9228680184230249;-0.4654436893148576;0.28894985329342915
629;-0.919804624765716;-0.3853504007252171;0.21084919030150295
630;-0.9161449225517673;-0.37659712003717116;0.2931771427980404
631;-0.9121792967482862;-0.4944796620758142;0.16592144258331898
632;-0.908004965527748;-0.4910358178991322;0.23423767585554367
633;-0.9036140754164217;-0.39213769356899086;0.27668169556988653
634;-0.898981400618565;-0.43358031500173594;0.18357987985102475
635;-0.8943453667824058;-0.3805702526754709;0.2973294429687998
636;-0.8897580930730536;-0.3819097706541403;0.2986418686065696
637;-0.8852480795796039;-0.4417305970515463;0.18507820922441354
638;-0.8807587486096846;-0.4139965750029002;0.21304918481948232
639;-0.8762884627539578;-0.4168244097260436;0.21316565574773105
640;-0.8718018886246992;-0.4200150649972687;0.2134282111013618
641;-0.8677052044009939;-0.4916700242281279;0.3099739875465696
642;-0.864018507767395;-0.5123497627551655;0.17996858461326481
643;-0.8603052909229932;-0.4576912342957375;0.19159125429183876
644;-0.8569300475010266;-0.5123179945754324;0.18416515595292915
645;-0.8538311693488254;-0.509842044769198;0.2608732294742121
646;-0.8505389498102318;-0.46377949321784495;0.19795842875600334
647;-0.8467134488111911;-0.3938272093480429;0.2954383716086082
648;-0.8423063240099647;-0.3934546460983172;0.29652733777915186
649;-0.8374030754893753;-0.4416759214364744;0.2264888485375165
650;-0.8325820422370322;-0.4941276975200868;0.3421983517455749
651;-0.827735948004084;-0.4940140556954125;0.34677306522163764
652;-0.8228337190957827;-0.5080691606026568;0.28680252357237446
653;-0.8167287842213027;-0.39426759764676544;0.3002739273666899
654;-0.8097291322800403;-0.44974906815662996;0.24354464374324503
655;-0.8024818537770044;-0.4953531370360347;0.3669343080849192
656;-0.7949811834276825;-0.5090505819058109;0.3050860795628396
657;-0.7870598700742455;-0.5090096001059459;0.22092204281653582
658;-0.7786529350100728;-0.49896120840473557;0.3836291519380185
659;-0.7685205065143956;-0.4036127398933541;0.30249895256989556
660;-0.7579810921824408;-0.5029282132030337;0.395140808072567
661;-0.7462171840356517;-0.4672252163925146;0.2759884137057803
662;-0.733279418839836;-0.4709915245721171;0.2808447227985048
663;-0.7195897155974313;-0.49390068409343224;0.2742067796923342
664;-0.7051774165169126;-0.49824124825091587;0.2794849425290079
665;-0.69009020754853;-0.5030213996146599;0.284661568096532
666;-0.6743960923744687;-0.5081819413557418;0.2897328379136125
667;-0.6587509181237423;-0.5237289309614298;0.4341838539976014
668;-0.6422380083235599;-0.5041520439778242;0.30836274249138673
669;-0.6260877124324756;-0.5392138586815802;0.3688788341809456
670;-0.6102705773998329;-0.5345332240443434;0.44942741417165843
671;-0.593155321397639;-0.44349627880653003;0.3279248623511527
672;-0.5768395092576741;-0.5489165407456196;0.38218315678011916
673;-0.5603715701392213;-0.5335816605255043;0.33076856949710454
674;-0.5443378248342189;-0.5499237662079712;0.3292343811096009
675;-0.5288754462325186;-0.554747862843419;0.3347138027978315
676;-0.5146348981800425;-0.5602612340019865;0.4001853832790393
677;-0.5015970097327297;-0.5574397882620403;0.4839935652054941
678;-0.48940971239674314;-0.5674621646949355;0.35311897850456997
679;-0.47735132353231874;-0.4894100837676452;0.313114587641407
680;-0.46705376267174004;-0.568022400718949;0.4199702343611741
681;-0.4580225845204897;-0.5692319311256506;0.38138959515934023
682;-0.4497692490409919;-0.4937948083401467;0.33283799939348035
683;-0.44267264671843504;-0.5020447180560109;0.3155684455941641
684;-0.43696673659339563;-0.49892475089051636;0.3339392281157426
685;-0.43284743972876394;-0.5008980704657569;0.33470321065426456
686;-0.43043541048452716;-0.5074305796541051;0.3185912641628291
687;-0.42971669714751826;-0.5033489656933233;0.3369823033454463
688;-0.43125080124717124;-0.5574888261769634;0.34149806793287485
689;-0.43402714888039595;-0.5081386808472902;0.3243238275330299
690;-0.43839064614594314;-0.5500377315287278;0.35210881876639744
691;-0.44414798942720557;-0.557475656796646;0.4549507777639078
692;-0.45072247462000264;-0.5439220977299466;0.5629665002329094
693;-0.4576713424145484;-0.5382123604310821;0.3698351851435926
694;-0.4647746018385083;-0.5380278775435788;0.5739410447156817
695;-0.4717339668893435;-0.5362284853880033;0.5036164410465829
696;-0.4783411905431211;-0.5295180494694802;0.3931525785224633
697;-0.4840972405663694;-0.49420671583706227;0.40088255898126635
698;-0.4896309567528907;-0.5240073848221357;0.5092603410059294
699;-0.4945702109918145;-0.5250949148999198;0.4262083413949779
700;-0.49886294270362963;-0.5245745653661398;0.4397734208333671
701;-0.5024794172722644;-0.5355099636540633;0.6325926347017166
702;-0.5053734447122488;-0.5256158269165522;0.4703397529629926
703;-0.5075540386672952;-0.5271803797256732;0.48694387127125005
704;-0.5091879612428141;-0.5311828819756025;0.5460891731604292
705;-0.5101250094493852;-0.532067238913123;0.5212972553375288
706;-0.510354856368823;-0.5537171787044247;0.690753641991023
707;-0.5100789675491142;-0.538769376479429;0.570731910854871
708;-0.5091278266356494;-0.505236275128753;0.6470835216907865
709;-0.5077183572993179;-0.5664676763383601;0.6690645871181989
710;-0.5059123621971146;-0.5104499348309145;0.6871085245692278
711;-0.5038603328348533;-0.5791154273848379;0.687198524539451
712;-0.5017952476743762;-0.5366882940146795;0.586080377020594
713;-0.49964511108598886;-0.5926892581127923;0.6986857826998971
714;-0.4974795542525006;-0.6071523535217198;0.748648372139485
715;-0.49553659770285713;-0.5826455223078234;0.6262425458796559
716;-0.49402992213421804;-0.5789873195362432;0.5954597985037227
717;-0.49296055708815684;-0.63042020253744;0.7457690262082793
718;-0.4926232190104084;-0.6015447475349899;0.6135155071197592
719;-0.49315769037878465;-0.6366562901198183;0.685081230570423
720;-0.49469334288296607;-0.5318229150086143;0.6985841196438929
721;-0.4973376131071663;-0.535127749678046;0.6562300841405759
722;-0.5013877610163068;-0.601707247864367;0.5520236825157119
723;-0.5069252372600823;-0.6026679286248305;0.5417050959905443
724;-0.5139472055240715;-0.6243782581209717;0.5234631307852118
725;-0.5224578784839548;-0.6250368102242141;0.5035896444880084
726;-0.5324337910633498;-0.6008424710805071;0.5112304216292782
727;-0.5436296672306016;-0.6562564922872863;0.5737305669003538
728;-0.5558700940089261;-0.6543399009423023;0.5585638752287312
729;-0.5690527369462521;-0.5915476436315676;0.48830611017104086
730;-0.582409266071534;-0.5030113079157265;0.4343092362864057
731;-0.595736407504755;-0.49758563858076305;0.41086775634113293
732;-0.6091902746417157;-0.6442752140811997;0.5872155157212333
733;-0.6222716617780356;-0.4875005425856424;0.3718250763842613
734;-0.6354462908070184;-0.5249878206500902;0.4919142776252964
735;-0.6483162733635158;-0.6290566361499977;0.5690566309119358
736;-0.6605525836799305;-0.47939823058113834;0.3143911655713211
737;-0.6723356132246946;-0.6189095035151219;0.5622076780104618
738;-0.6832964765118201;-0.46558444845492686;0.3158144950072286
739;-0.6939045554334625;-0.5742512897688282;0.35479455956854544
740;-0.7036061490972885;-0.465361127036487;0.2894615181428315
741;-0.7123442664492377;-0.46320081482846365;0.28614856786399023
742;-0.7204722343261472;-0.5628536178821381;0.3509013385379751
743;-0.7274724753231896;-0.4606521220577177;0.28179823423914285
744;-0.7333191226259104;-0.46029469834304876;0.28052257668609926
745;-0.7382667655662043;-0.5856155633043595;0.4723027142242012
746;-0.7424601616717196;-0.4988852727811916;0.4831693502707336
747;-0.7459082893406058;-0.5521658268383834;0.3460202464871973
748;-0.7486574537388883;-0.4934476497340934;0.4804177050178162
749;-0.750802162470614;-0.4454730611326196;0.5008561369924938
750;-0.7522542466259039;-0.5788024360884796;0.4676792623594762
751;-0.7528099727074435;-0.4595643960070369;0.2968296284345683
752;-0.7529843644687506;-0.4897830617985691;0.47299655071211477
753;-0.7528444958360745;-0.4428323373260269;0.4924618658794141
754;-0.7524380582446417;-0.5505198562809065;0.33997033913121444
755;-0.7518095425287985;-0.5510656049421352;0.3394388851709771
756;-0.7509956827861766;-0.5518312662764144;0.33904016094047507
757;-0.7500003410080014;-0.5775300085298144;0.46239917293778166
758;-0.7488726209875431;-0.5777550142939143;0.4621511061636534
759;-0.7473731879254;-0.4720728325298239;0.2930593831152326
760;-0.7458354915154781;-0.5556369622412812;0.3390059937148411
761;-0.7442797987433437;-0.5784192613449206;0.46252450906986686
762;-0.7425045329979224;-0.44933203433455426;0.4765531451059747
763;-0.7405504092402392;-0.4976057978144789;0.4569686135417962
764;-0.7383735896072414;-0.4523849478672563;0.4743595824719148
765;-0.7362444506272849;-0.5602640523061796;0.34278586083163076
766;-0.7338813503076843;-0.4778147863899582;0.3075172385226945
767;-0.7317890713704341;-0.5681000197077284;0.548093457964274
768;-0.7294758946200454;-0.4747664980677367;0.3293907653860877
769;-0.7270343116583102;-0.4798518839361425;0.31473656369142444
770;-0.7250272175224128;-0.5642603763071486;0.5524778825994625
771;-0.723401401586783;-0.5753284138196275;0.474152381578295
772;-0.7218368597822059;-0.5073979035882401;0.45423875313329587
773;-0.7207433039027064;-0.5735121873036955;0.47690825471116804
774;-0.720231150583662;-0.55859705335985;0.5579452009698429
775;-0.7196479218171538;-0.4772831200064691;0.3471484973790384
776;-0.7192559070473856;-0.5066335906189998;0.4515542085817634
777;-0.71908640102298;-0.5062287936984041;0.4503596945599211
778;-0.7196187157350911;-0.5512902233684158;0.5608923677016988
779;-0.7207290423001151;-0.5650342664925635;0.48106512233702003
780;-0.7223781393896056;-0.5632976029580941;0.4808558753638751
781;-0.7238907695489274;-0.47460868501908654;0.33784083172612156
782;-0.7259846595837314;-0.542851093084075;0.5595950024170164
783;-0.7284876756008436;-0.5578629192218647;0.478496335996092
784;-0.7311286416787565;-0.5489026499929802;0.35327382273790287
785;-0.733448222221354;-0.4523181310752038;0.43989042603696527
786;-0.7353888415377954;-0.45097197859560967;0.43613209230960637
787;-0.7367944094061993;-0.4644535150074472;0.340195203147897
788;-0.7376264824418219;-0.4633729311525805;0.3401532609990444
789;-0.7379269177674458;-0.44899329980448605;0.42414411016687736
790;-0.7381062458381498;-0.5416885482347392;0.3422713079677636
791;-0.7381218940497198;-0.5410909383045837;0.340325026955307
792;-0.7381471086435725;-0.5419188530105332;0.461960681335165
793;-0.7372794892472395;-0.4588208160227776;0.364121649868379
794;-0.7356389787190959;-0.4493841683198375;0.4046198237372147
795;-0.7340148215157294;-0.5390677972525594;0.45744809517188534
796;-0.7315743270871538;-0.45108285586708213;0.39818270777772025
797;-0.728272972285793;-0.46122591069076196;0.3672444693708804
798;-0.725098189772369;-0.5126712614951903;0.5364450554846144
799;-0.7215358502066876;-0.49133856719267777;0.3856065097788255
800;-0.718032182270341;-0.5432850888296938;0.3332055445218257
801;-0.7138524421183232;-0.46623623838435324;0.37335505958958315
802;-0.7100435508816016;-0.5371536233716663;0.4592200063851021
803;-0.706553806798192;-0.5112232204302315;0.5421694524594973
804;-0.7029550349376545;-0.49602734579589813;0.3851457621825568
805;-0.699020032618221;-0.4741758113804876;0.35597851272228465
806;-0.6948412001387623;-0.472746488362751;0.3853492150210819
807;-0.6914249386248541;-0.5377764159152385;0.4729786578732038
808;-0.687932716721357;-0.4753343380958285;0.3912652308232164
809;-0.6848311488914048;-0.49824096603884505;0.3955229802878901
810;-0.6826790620409742;-0.545970658792018;0.3591715616978135
811;-0.6806079075112124;-0.46988406416789064;0.3995393454813023
812;-0.6795303851645303;-0.5441852544488102;0.367206826834623
813;-0.6788542246562759;-0.4973126156326644;0.40819166551241626
814;-0.6785401635703749;-0.49691671921208036;0.411386247376899
815;-0.6789748116358609;-0.5297128183734962;0.5066705720485576
816;-0.6800352644816202;-0.5282171160805832;0.5105008660231223
817;-0.6814177576029736;-0.5014288887558499;0.5964459891176919
818;-0.6826282196116636;-0.4705087591303611;0.42039147433975554
819;-0.684031195010244;-0.49961782535584054;0.6024958440015689
820;-0.6855064571004463;-0.4989997891474322;0.604854953725128
821;-0.6864417395996636;-0.46611251570287016;0.4183979793969027
822;-0.686812102958601;-0.46559291331323094;0.4187784857837842
823;-0.6868341002408901;-0.4641605964853593;0.3978125611191814
824;-0.6867212199709074;-0.49786008879327814;0.6097765466007017
825;-0.6865321462270065;-0.5211468418707698;0.5263235228347054
826;-0.6858275346966219;-0.46103739589687853;0.3966327312717628
827;-0.6846235224052102;-0.4605203782680146;0.3957259934662527
828;-0.6831398088058553;-0.5001549249471383;0.6087935932318975
829;-0.6811630899140257;-0.46038175024601247;0.3933613341790094
830;-0.6787099278841929;-0.45894649122445413;0.4200835304978907
831;-0.6756756253016926;-0.4685192631708488;0.413300253528067
832;-0.6722092421258026;-0.4952117185199146;0.42059874547847276
833;-0.6684314984230911;-0.46163677301396566;0.4155826864106055
834;-0.6643097085993342;-0.499687194788958;0.4182522260597289
835;-0.6602184946654135;-0.5094079190065997;0.6000323131684469
836;-0.6558649364071264;-0.5053798078332343;0.4158263015002752
837;-0.6512676754592979;-0.48159018984540736;0.40755365918787523
838;-0.6465116238357461;-0.5124464623432192;0.413228723969267
839;-0.6417770157524041;-0.47048295851892474;0.40588934153625367
840;-0.6373740307150855;-0.5431446409583407;0.37408819903658264
841;-0.6329393931833593;-0.49436508264088913;0.4028979503061223
842;-0.6289554738140576;-0.5483172949395989;0.36994263154291396
843;-0.6250174176906707;-0.5005882172480205;0.39977586996287806
844;-0.6217694255836995;-0.5487373380047755;0.49698592341938475
845;-0.6186467597986115;-0.5397756782495825;0.4002151206199027
846;-0.6158084358731968;-0.4825832936026497;0.36483399663769633
847;-0.6136298764051391;-0.560409702705909;0.35664290725605974
848;-0.6116974353270206;-0.48424357504580473;0.3607342608383598
849;-0.6097922423758023;-0.5157246403177388;0.38583389463304407
850;-0.6078847972042958;-0.517753164895139;0.3829163345077069
851;-0.6067205940706898;-0.5555689438659595;0.4740722267587807
852;-0.6055719655334305;-0.5609716600349935;0.3785011424541068
853;-0.6049640823614088;-0.5677681428312327;0.33603264584301806
854;-0.6043043106001825;-0.5660039141173093;0.37180733959780976
855;-0.6034258265844381;-0.5269974604707346;0.3679779010908446
856;-0.6025052733362738;-0.5714200374140717;0.36569860102854934
857;-0.6014290606675058;-0.4809064307674686;0.3716865069255799
858;-0.600849468128248;-0.5527644139210849;0.4512008358712475
859;-0.600604791005396;-0.5690738000333238;0.31805042451008647
860;-0.6000181021530071;-0.48359035947910023;0.3383945721247499
861;-0.5995303566588713;-0.5222964010829566;0.5303003386251128
862;-0.5989114765331773;-0.5830052740869783;0.3540150456497343
863;-0.5982172341780687;-0.5843813183993308;0.35303199393289175
864;-0.5974972932724669;-0.586089708502814;0.35226088804193045
865;-0.5969735375161621;-0.550975527247676;0.44017321550304533
866;-0.5960182643784085;-0.483065878162704;0.3286448703742795
867;-0.5949259552180598;-0.5439012537666121;0.3509321190954917
868;-0.5941005374052672;-0.5707788970524962;0.30246063252964017
869;-0.5929179545281797;-0.4838182714747289;0.32047845024966226
870;-0.5917545508945888;-0.5236804143248676;0.5212838794864307
871;-0.5906269004483545;-0.525077605552576;0.5192983879479135
872;-0.5899208073817361;-0.5735358636067753;0.29120827215577394
873;-0.5895626429328015;-0.5431470657181043;0.3451992967875547
874;-0.5891340602919093;-0.48882822462232;0.2962000483362238
875;-0.5887155542328233;-0.485964188607399;0.31571607765160203
876;-0.5885220737388258;-0.4911926234129783;0.28199375967039564
877;-0.5889370725059118;-0.5354997834682326;0.48988625892071636
878;-0.5903470440204099;-0.5621467308659831;0.3912101681862874
879;-0.5930480167708433;-0.5762721460081734;0.24464629271486282
880;-0.597085130665086;-0.5195621735961893;0.32030998265759403
881;-0.6017998492719505;-0.49555318173066015;0.2396922010475908
882;-0.6072652181151538;-0.49218561818883444;0.2553225918295374
883;-0.6141721339010766;-0.5612415710184906;0.3344841433888117
884;-0.6229432201741236;-0.5470861868584657;0.2808011566370022
885;-0.6332175416402649;-0.5614784340696894;0.18864375000795064
886;-0.6446345941995548;-0.5527855475332693;0.2973841343700888
887;-0.6567569928211112;-0.5321101110368296;0.365509596092201
888;-0.6699389718283713;-0.5461019110122918;0.17059344926022202
889;-0.683169696785547;-0.47531301372943746;0.207576548372302
890;-0.6962785930390145;-0.4712801747352661;0.20958928558436207
891;-0.7090688981465161;-0.46747898112317215;0.21250148817483627
892;-0.7219867601133361;-0.5219245217513678;0.16242040706513317
893;-0.7339868072357553;-0.46010208843300116;0.2346501502187759
894;-0.7454340416020175;-0.4458311346504355;0.2459617366352017
895;-0.7557452033096317;-0.5057031156365118;0.28558527793846267
896;-0.7649029841301237;-0.42870039239918767;0.24444259734114482
897;-0.7725954499931977;-0.4221372984494468;0.2436769275329539
898;-0.7788279070157322;-0.5040799045639283;0.21745369301676254
899;-0.7831882272624796;-0.44603767078620965;0.24669076956797975
900;-0.7862540334862538;-0.5005853209851517;0.21167201861710339
901;-0.7877363716995649;-0.44492235590903034;0.23462939881057598
902;-0.7877225732370712;-0.40530843782118314;0.23919852463926006
903;-0.786237777138915;-0.40504646362897406;0.23837916901774703
904;-0.7836051237091904;-0.4482327735264065;0.23131935245201185
905;-0.780397212042089;-0.49749011010049315;0.2500060567457759
906;-0.7768147158011204;-0.4989239147305762;0.24868172687313095
907;-0.7727018302406932;-0.4545707013058103;0.22670368270260288
908;-0.7685038681009897;-0.5069306126879649;0.19774884125453196
909;-0.7631390288307154;-0.35565953906555003;0.29830727346808517
910;-0.7576220041047288;-0.463004087016156;0.23392638559709023
911;-0.7515378332844451;-0.42179215482142307;0.23804605991985728
912;-0.744518823927949;-0.3682971558643224;0.3013449849889652
913;-0.7379077138350365;-0.5101651037795579;0.24425328075583552
914;-0.7313780963274105;-0.47252757560027264;0.23040782567081086
915;-0.7249454944093195;-0.47479648758350224;0.22983825993646168
916;-0.7189428516966029;-0.5138200771453727;0.2438955310887282
917;-0.7133189453350837;-0.5148923035498709;0.2439328174095916
918;-0.7077858996522319;-0.5191695293606243;0.14739570663740686
919;-0.7021996858525112;-0.4827892337961901;0.2177143552392996
920;-0.6960229071207069;-0.45938443775501314;0.2502450542233603
921;-0.6888731764724147;-0.41225483193046664;0.31790885201398267
922;-0.6821021384743184;-0.5304532601973374;0.19750650855577556
923;-0.6748194454500105;-0.4741117298268155;0.2558484447801299
924;-0.666635438785914;-0.43071671621386154;0.3244951509203351
925;-0.6588929251912956;-0.5350593601530776;0.1993991180435012
926;-0.6507409400240483;-0.49203029589215797;0.26155382815968864
927;-0.6426421156687453;-0.49729500238542884;0.22451290701629945
928;-0.6346079601794732;-0.49912958730798535;0.22388547520590296
929;-0.6266643269060328;-0.501975308146618;0.21371210029027987
930;-0.6191434800174576;-0.5494551435439109;0.1554738125102031
931;-0.6109274205561055;-0.47634112124780903;0.33824992970487877
932;-0.6032265005044609;-0.5534608137442548;0.15631314204958824
933;-0.5958973186645711;-0.5297092607796866;0.2520202227061229
934;-0.588023508858041;-0.49329525805649355;0.34255626519805005
935;-0.5807308134550296;-0.5482160427840043;0.20516174154487388
936;-0.5735146445063695;-0.5411657375342572;0.27593730007484896
937;-0.5665423617398389;-0.5147512347774476;0.21713825688386068
938;-0.560304443449108;-0.5637592740114106;0.15698805654840264
939;-0.554538465211108;-0.5359007980500188;0.25350660465856867
940;-0.5491026459058638;-0.5198016081986182;0.20584593026453357
941;-0.5445096250181226;-0.5665933405250483;0.15637027847076634
942;-0.5403848999511421;-0.5588071607180922;0.2781969543039893
943;-0.5367026678464337;-0.5218255123300618;0.2041820853558316
944;-0.5335278589450505;-0.5220207200039773;0.20377164660484692
945;-0.5310665556096779;-0.5383826889402937;0.2512966152941619
946;-0.5292002573747361;-0.5217536369757741;0.20321252828429626
947;-0.5283112108104489;-0.5525374557975364;0.20255627961449363
948;-0.5282008171763186;-0.5365948225541005;0.24946894395294839
949;-0.5287201048581276;-0.5176434998207261;0.21223901619732033
950;-0.5300673180195388;-0.5340404928303778;0.24836927308354195
951;-0.5323156231957098;-0.5544736978621783;0.2764519471387279
952;-0.5351825122113414;-0.513570871920022;0.20345694741256315
953;-0.5388450347186744;-0.5276449625026736;0.24743247862748952
954;-0.5430795673256424;-0.5082128369842258;0.20386534624955732
955;-0.5480587287523758;-0.5218813228751948;0.24766373015188625
956;-0.553732625697397;-0.518642271314871;0.2481524921855488
957;-0.5597017393502065;-0.510516020156211;0.3466642180278423
958;-0.5662296310504075;-0.5285986619447526;0.27788634261105916
959;-0.5732272023654926;-0.5189253019893203;0.20442593645648266
960;-0.5805096720422154;-0.5149615011675656;0.206061388067326
961;-0.58777062265319;-0.5162939156722536;0.28098652345963826
962;-0.5948680553825834;-0.4959252088405321;0.25901688436881254
963;-0.6014838132769951;-0.5133881711914721;0.16194643195706915
964;-0.6073245174323941;-0.5062601091860668;0.28636766463763863
965;-0.6120671526474272;-0.5092883251539413;0.166170083728147
966;-0.6154787782493626;-0.5028936750013725;0.29098481507857243
967;-0.6174350340975744;-0.4975708133697583;0.2281677255976079
968;-0.6176184705704693;-0.464508286047587;0.211668044188987
969;-0.6160994774234274;-0.49946488560136604;0.23639231758027446
970;-0.6126998461884099;-0.5068382291405941;0.300031487449927
971;-0.6071892543428238;-0.5202944504636482;0.1795442115858613
972;-0.5997796431264221;-0.4695697538877679;0.22150296328077745
973;-0.5903703167057875;-0.5331800960721377;0.1818850672674438
974;-0.5795273318456345;-0.5028738343967243;0.31278616786436686
975;-0.5671691739694529;-0.5306527264465025;0.25643542373138717
976;-0.5531641991687419;-0.5606158478709695;0.18298883083232498
977;-0.5377379469223136;-0.5718645519986354;0.1830470977458185
978;-0.5214609117177036;-0.5149913112442879;0.20349595502556705
979;-0.504766894686176;-0.5203936694322278;0.21372548470092878
980;-0.4880515620689243;-0.5790489953686512;0.3050955223770957
981;-0.47182933523323084;-0.5395017112795953;0.2132136139367241
982;-0.4567983170529902;-0.5722053782488856;0.34471477365786707
983;-0.4433441205932648;-0.5571271625291168;0.2153244439728712
984;-0.4319956677887356;-0.5694789372768236;0.2041367120017955
985;-0.4232148726239227;-0.5760099005020151;0.20691911944891161
986;-0.4174503165338357;-0.5994112271635594;0.36500737754432344
987;-0.41455248771131964;-0.624797430657043;0.3106798419051999
988;-0.4147728164858857;-0.5817682809750091;0.23575986632502877
989;-0.4179983043608358;-0.582012129789223;0.24254894485564382
990;-0.42393165013281686;-0.5854579197711932;0.23449169501124534
991;-0.4321806735498559;-0.5829603000198197;0.24237500265218548
992;-0.4423068315892339;-0.5749443104196548;0.2671156523471161
993;-0.45388642911707766;-0.5929369041391175;0.40512920718722023
994;-0.46628105104580325;-0.5702152408787817;0.26857389084887584
995;-0.47907816681900317;-0.5607468718662121;0.2949615804293727
996;-0.4918973797090053;-0.5555807262739281;0.3042145255151868
997;-0.5044368303372027;-0.5505319247294084;0.31319996764804414
998;-0.5165544267898122;-0.6008221722388841;0.35779178850961424
999;-0.5279475877039675;-0.5602659897010588;0.3218102900412291
1000;-0.5386256778350419;-0.5571990804175828;0.4326282190314409
