0;0.36681704433837686;0.9313542360120914;3.320068154729185
1;0.36634478984129526;0.9188227551200574;3.195367470852899
2;0.3668231768129592;0.9055557546791763;3.0937682147698835
3;0.3682372294697537;0.8907172343270793;3.0095161474258108
4;0.37086667424817066;0.8742749793291386;2.9413022671829605
5;0.3744539472631423;0.8563530893186693;2.8948783452177116
6;0.37894260503557964;0.8373458012897295;2.86579043034284
7;0.3844040838013097;0.8173758186722002;2.8464587061022675
8;0.3904668662785907;0.7967232409498756;2.8403199975201954
9;0.39687748147451757;0.7757766842173544;2.84501192860378
10;0.40360619640017714;0.7548347450723821;2.8585261752934015
11;0.4101965138972803;0.7343531582490359;2.88055243245167
12;0.4167391553828935;0.7145203519640806;2.9082647035676263
13;0.423042729426684;0.6955955087338521;2.9395284623269777
14;0.42887234498294236;0.6779194368291833;2.9755396459191625
15;0.43411984819028476;0.6617037209191136;3.0161550225171654
16;0.438541594852955;0.6473617244398296;3.062609927937612
17;0.4419622398053741;0.6349452544932295;3.1123239774353566
18;0.44417305005181734;0.6245722935239707;3.167364085024639
19;0.4449940806897299;0.6163306110654064;3.2279075453173203
20;0.44462726284425735;0.610221271159839;3.294417252057985
21;0.44281370598550523;0.6061520149344618;3.3692211823835208
22;0.4396141049657266;0.6041600925751703;3.450548781093697
23;0.43491501511118713;0.6040570256997373;3.537839888224132
24;0.428802891782887;0.6057808440946393;3.6329983542241324
25;0.4213426314694654;0.6091090501828182;3.736114349286019
26;0.412586524128669;0.6140388675645677;3.8477076666217256
27;0.40257257981575123;0.6204287843498242;3.9694097076546466
28;0.3913963271579177;0.6282948295330362;4.102791969404928
29;0.3791968561976451;0.6374773106989398;4.24956089574486
30;0.3660414804199609;0.6479137817787785;4.412146309562521
31;0.3518817930689296;0.6595725340279308;4.591892152890564
32;-0.6553259444713724;0.6333192703465523;3.3369511370864315
33;-0.660554625730938;0.6353410317990642;3.5878784511191464
34;-0.6640854903640777;0.6347031027111342;4.395751285541382
35;-0.6658684075584024;0.6311538045013957;3.9138993493209617
36;-0.6658127589040509;0.6247703289975641;3.981681376071901
37;-0.6639919840302311;0.6155232482391361;4.398413595671573
38;-0.6602339491897365;0.603306744767381;4.758722918424449
39;-0.6547821130389954;0.5881066308027534;4.046306454598559
40;-0.6476190776021017;0.570079485474063;3.7472032903052233
41;-0.6388912481529271;0.5492114310958958;3.5960849469735456
42;-0.6286912733006559;0.5256405984188657;3.5152467134362375
43;-0.6173077795136482;0.49952463840701544;3.4796016697526686
44;-0.6048489059524593;0.4709989236405115;3.472712523202887
45;-0.5918144606472042;0.4404324476447238;3.5011349611435523
46;-0.5787495897516609;0.4081583791210451;3.5627721399466337
47;-0.5659532031587892;0.37460712145728203;3.6590915403524193
48;-0.554014884510612;0.3401376757536605;3.790631293447021
49;-0.5433266393278595;0.30516824675765764;3.9662942392721234
50;-0.5342592297513304;0.26988010436780063;4.197638639821601
51;-0.527100074821267;0.2344867054337521;4.499721965906487
52;-0.5218645723541727;0.19905562725495773;4.9333208026458895
53;-0.5182721939254925;0.16357653730243082;5.709391975991849
54;-0.5165982265416953;0.1280184158415218;7.401692434716429
55;-0.5165063688338369;0.09240329656213037;5.782915929020556
56;-0.5176285421774651;0.05701320145740818;5.075898286283751
57;-0.5196781962511856;0.022134675535777026;4.720555794221994
58;-0.5224477467683128;-0.011647016833580937;4.5038113330294935
59;-0.5257850614830766;-0.044253983668668395;4.366130169639543
60;-0.5295676670674697;-0.07502599649247599;4.275408737931586
61;-0.5336278849742156;-0.1038051345680363;4.227302367361885
62;-0.5377675581854433;-0.13008332802329048;4.212529459719207
63;-0.5418946058124783;-0.1537359650795972;4.229132726607888
64;-0.5459245450383293;-0.17468763999156212;4.2841463931179256
65;-0.5499841518451211;-0.19266597100433924;4.398290420819515
66;-0.5537622603889862;-0.20788326476335806;4.636094306338663
67;-0.5573785600668404;-0.22044210070292225;4.948540958157348
68;-0.5605149013787969;-0.230379303213886;4.641990516425079
69;-0.5634579977454333;-0.23793739104148492;4.636833280530721
70;-0.5661296142955263;-0.24350338464309718;4.815423610442226
71;-0.5683624358755359;-0.24735495516163386;5.037192097040858
72;-0.5701831668517893;-0.2499653307664521;4.967109619667814
73;-0.5715978786517595;-0.25174206326232784;4.532000354869382
74;-0.572625680977815;-0.25321842466569433;4.148740574138521
75;-0.573125110302863;-0.2548047973297374;3.8987745174621806
76;-0.5733805647580543;-0.25674738811216247;3.698384513034874
77;-0.5733716516005954;-0.25949227183694756;3.5291639458059105
78;-0.5731438626612162;-0.2630988254525676;3.376168731135856
79;-0.5728309986512127;-0.26772857816686435;3.2369555530296203
80;-0.5721584975059719;-0.27346198168887714;3.11139913719287
81;-0.5710177471209108;-0.28036132315955187;2.998032802873672
82;-0.5693828644400243;-0.28843248995751414;2.8931562362102916
83;-0.5674876200810443;-0.2977230239794415;2.7962436354997875
84;-0.5654351850513183;-0.3078361924201234;2.703352748999967
85;-0.56319893376835;-0.31847317131060415;2.6169451759648523
86;-0.5607753773814549;-0.32948527025937324;2.5361233061148627
87;-0.5581829971168271;-0.3404528664450176;2.4600049819438055
88;-0.5556767211221914;-0.3512270576808971;2.3888732942050703
89;-0.553282220522763;-0.36160875663712566;2.32194614048786
90;-0.5508111009105257;-0.3714466792796324;2.2605965374686967
91;-0.548539102521969;-0.3806437838165154;2.2025960460120304
92;-0.5462011221849642;-0.3891216934414923;2.14998243185765
93;-0.5439377807893364;-0.3969415950739451;2.1029084792247508
94;-0.5415935517359874;-0.404131645906453;2.061507266563959
95;-0.5391390620954386;-0.41079936262376937;2.025489679772922
96;-0.5364426628290733;-0.41687436772768904;1.9917192936612285
97;-0.5336521740437696;-0.4225630230089029;1.9621562946170297
98;-0.5307234738742433;-0.4279243942000608;1.9359948909737967
99;-0.5276683010523187;-0.43314736937237075;1.9123957822006254
100;-0.524614513478921;-0.43840505014532605;1.891202402837512
101;-0.5213529497877119;-0.4436299652561132;1.8738198895126468
102;-0.5180299581801666;-0.4488819131299211;1.859754447120246
103;-0.5146879054737955;-0.45428677014898544;1.8480655491316595
104;-0.5112596125771733;-0.45962824289933835;1.8403223399268245
105;-0.5077251692260003;-0.4650058070604467;1.8346299004720104
106;-0.5040695326582778;-0.47040446340790676;1.8316750145051852
107;-0.5003405012315145;-0.47572175821563845;1.8262593124819133
108;-0.4964407768261012;-0.4807847857125153;1.8194661090563633
109;-0.4924412389779686;-0.485599398243884;1.8098133087051056
110;-0.4884130912240647;-0.4900117378317411;1.792815314899368
111;-0.48428737532849375;-0.49388394377934713;1.7685266062588765
112;-0.4801501212565316;-0.497096591636405;1.731932476392569
113;-0.4759958962957571;-0.4995580853777354;1.695234420261556
114;-0.47168959745774125;-0.5012944263156773;1.659595762755628
115;-0.46736194454102126;-0.5023575519206687;1.6242467132557135
116;-0.4631021170314613;-0.5026092816372799;1.5849675402219714
117;-0.4593335367786513;-0.501853841064009;1.5497645402951745
118;-0.4559424453827676;-0.500110199635674;1.516701383958508
119;-0.453161624449986;-0.4973316036785077;1.4889019005076098
120;-0.4510024322160478;-0.49350803978641333;1.465147330138036
121;-0.44962978541263265;-0.4886753036248956;1.4456962680683867
122;-0.44912181806242696;-0.4828577732694602;1.4318717074372018
123;-0.44974866872809055;-0.4760146238599148;1.424872901622719
124;-0.4516450417208551;-0.46799634800031137;1.4252660570156597
125;-0.4547359687886068;-0.4588190366979466;1.431529775660649
126;-0.459013087582568;-0.4488257278733251;1.4463172660694525
127;-0.4645179154302116;-0.4380617931243218;1.469521847522372
128;-0.47121944272919625;-0.42668493068204616;1.5028211806326004
129;-0.4790185850738746;-0.41474181050730224;1.5470467033749853
130;-0.48787796006609346;-0.40226139094851654;1.604359528532392
131;-0.4975493942091746;-0.3895968917649978;1.6776497400890915
132;-0.5078213838050725;-0.3767764757760033;1.7710399825064718
133;-0.5185082648837085;-0.364141853948893;1.8916303972973776
134;-0.5293384553350967;-0.35176550108106996;2.0516283539228786
135;-0.5401764230691073;-0.340053326391184;2.281767073069905
136;-0.5507346312927721;-0.3290770351164547;2.685856005084844
137;-0.5607195607090913;-0.3190981188183464;3.7405008616173343
138;-0.5698809737801178;-0.3102874889839975;2.6622378432306277
139;-0.5779686746998457;-0.30295181136471827;2.381165074569614
140;-0.5848072949541825;-0.2973114557838492;2.2400376289806236
141;-0.5904184286752168;-0.29356805474296066;2.1651473554224605
142;-0.5945977844155215;-0.2918286559983535;2.1330697586574665
143;-0.5971859545071561;-0.29212125931426003;2.1368026651186214
144;-0.5982008339590078;-0.29462617852425876;2.1764623586142826
145;-0.5975781003476963;-0.29926531824069613;2.263144495275697
146;-0.5953015665155093;-0.30610316742201427;2.4492306556048016
147;-0.5912717563473819;-0.3151785939227647;2.914610452314385
148;-0.5854908830226558;-0.32636618665052086;2.385343616938129
149;-0.5775929181723449;-0.34014848890346094;2.2377633335221656
150;-0.5676327349705161;-0.35639836262405733;2.1547479009199026
151;-0.5553370002981176;-0.3753151885591224;2.1002850860720095
152;-0.5403590721259919;-0.3971299149642339;2.0606261162727844
153;-0.5224949313812528;-0.4218608445835317;2.028405951732391
154;-0.501564283443407;-0.44966866974125586;2.0019222745201986
155;-0.47777570176460943;-0.479979265521562;1.9804814974491767
156;-0.45139517650439;-0.5124688356232714;1.9577943216848368
157;-0.42274019021508147;-0.5463665349280857;1.9360868683579482
158;-0.3924833146678346;-0.58082222144588;1.9147587825127261
159;-0.3611920724590347;-0.6149620034977673;1.8960573778051446
160;-0.3301052456566707;-0.6474748173114351;1.8817736067479824
161;-0.29978718555167166;-0.6775850209653648;1.8689304247859173
162;-0.27115222909238956;-0.7044223042158907;1.856679318501675
163;-0.24488365132226478;-0.7275215989140114;1.8485008645914882
164;-0.22147348383907994;-0.7465844924694707;1.8441343983129794
165;-0.2013116826439282;-0.761696465688136;1.8431180831381428
166;-0.1843096791811727;-0.773205746060617;1.8463385593760377
167;-0.17054583326763606;-0.7815745246376492;1.8536847003140786
168;-0.15972258908564632;-0.7873666387352574;1.863720720016031
169;-0.15151257641352223;-0.791295206208147;1.8781666675936013
170;-0.14567292393347764;-0.7937455120888981;1.8968237453836956
171;-0.14177382935087082;-0.795187584418283;1.9190699075796211
172;-0.13973653351170573;-0.7958365834999247;1.9482153245931442
173;-0.13913567117548323;-0.7957168004385682;1.9833644330686406
174;-0.13982953316178515;-0.7950162754294141;2.026752337012759
175;-0.14188291375153184;-0.793884797241063;2.080681629859835
176;-0.14495711475760426;-0.7921267778597674;2.151051307289487
177;-0.14902546328663607;-0.7897181164396145;2.2454373352935053
178;-0.15376554515694774;-0.7866962117330114;2.3864151142445236
179;-0.1592023095472073;-0.7830373263316536;2.6753634933249604
180;-0.1653119014691247;-0.7787269189909395;2.6731508768169747
181;-0.17211898614524684;-0.7736962424346809;2.4278635925902337
182;-0.17941022178934019;-0.7679627228581178;2.3295154035783763
183;-0.1872850029861564;-0.7614909335693407;2.2791680518624293
184;-0.1957285098831011;-0.7543484020937048;2.2541552685501522
185;-0.20470561919472519;-0.7464707916579063;2.2532263544879263
186;-0.21396362552051645;-0.7378201560475879;2.2728876940943654
187;-0.22343673370282602;-0.7284430080095993;2.3144682715967737
188;-0.23348239709810786;-0.7184069648901816;2.3870153367465248
189;-0.24349713211843993;-0.7076332474927286;2.5088860944175706
190;-0.25405068755043697;-0.696363295223854;2.7748418566354163
191;-0.2651442798109448;-0.6844335092208824;2.8250179189115747
192;-0.27626564522223873;-0.6719731390793807;2.5636479960047946
193;-0.2875758066426508;-0.6592092706470238;2.4630399124982474
194;-0.29900998137283497;-0.6462709084581497;2.4147453687544824
195;-0.3105147482446541;-0.6333585397140864;2.3936045678549975
196;-0.32185228733657334;-0.6205557819674046;2.3918723066324254
197;-0.33299274154763536;-0.6080676694624352;2.4053427903537514
198;-0.34363532141666814;-0.5959626003548819;2.431020347893104
199;-0.3539059272688373;-0.5843625354109697;2.4652641742353643
200;-0.3637514467313806;-0.5733182589914525;2.505129360155681
201;-0.37322923052831103;-0.5627080742438691;2.5432652074517117
202;-0.3824468173870063;-0.5527920008740038;2.5678448120788406
203;-0.39154016245288126;-0.5433170054491461;2.5792874534198984
204;-0.40053399982436716;-0.5340954570639378;2.5793681682592626
205;-0.40961327144265564;-0.5250506586515905;2.569666916274439
206;-0.4192149693230103;-0.5158908400813838;2.5574157140344713
207;-0.42941608003408815;-0.5063881388031334;2.5482102618472955
208;-0.44011826302057905;-0.49655738781127645;2.5457977642311183
209;-0.45168872932284265;-0.4862784877783409;2.5529294259287765
210;-0.46407692534752387;-0.47532680383267356;2.572782405837361
211;-0.4774317286781646;-0.46354558161810755;2.6066771219111304
212;-0.49204190651935104;-0.45085613404071817;2.6582626018859363
213;-0.507710869200748;-0.437035056026849;2.7329551779208545
214;-0.5241508802687332;-0.42225099303815794;2.8343695178896784
215;-0.5413509235914727;-0.4067074738091686;2.9762194002935263
216;-0.5592938510252399;-0.3903770477485663;3.187780917454905
217;-0.5776686857264015;-0.37336249347808903;3.595538139038613
218;-0.5964554966176587;-0.3559257756253187;3.706404614141408
219;-0.6154827210628345;-0.33807470829261566;3.7658616749032126
220;-0.6346968637741123;-0.32004331341408987;3.8191597969828326
221;-0.654003754453002;-0.30194131272804725;3.56190008964564
222;-0.6731422011858355;-0.28396743433875615;3.5707606838727632
223;-0.6921174203880157;-0.2663064388860755;3.967204176538637
224;-0.7104861128495115;-0.24918851055227775;3.593322157409934
225;-0.7280403369487709;-0.23293158905022215;3.4831790988326796
226;-0.7446067479378911;-0.2176137067064482;3.924661076372065
227;-0.7601013824573977;-0.2035827286594647;3.2575380877344156
228;-0.774336070800128;-0.19077856263013004;2.982784765873924
229;-0.7872036428146523;-0.17942449922946035;2.8102196044942835
230;-0.7987022794354286;-0.1696529729477424;2.6849686851734025
231;-0.8087255201434629;-0.1614930345046689;2.5921435678447846
232;-0.8172756625582418;-0.15490512945702706;2.5190604213216528
233;-0.824472847985072;-0.14989654733882984;2.4623588984532088
234;-0.8302217122915561;-0.1464343585130703;2.418246527473749
235;-0.8344058343947371;-0.1445088556498113;2.3851853311133673
236;-0.837208535850105;-0.14406183283361118;2.3606546124808228
237;-0.8385717466034149;-0.144995002985028;2.3423951968836607
238;-0.8385684072086942;-0.14708062563917967;2.3316934666237787
239;-0.8372085291729898;-0.15026177084034964;2.3267191063413177
240;-0.8344263271792789;-0.15456422040869766;2.3254501841728787
241;-0.8301956869102978;-0.15986418380343692;2.330055529534146
242;-0.8244366239198184;-0.16612732686613996;2.334338581766295
243;-0.8170713452281515;-0.1733397998626447;2.340147257004084
244;-0.8080792895797688;-0.18146404396749838;2.3423921441333153
245;-0.7974879834285011;-0.19049968567992126;2.345486598004576
246;-0.7846626427009165;-0.2008097740650986;2.344916789160105
247;-0.7694733699959909;-0.21241439844619314;2.3412195871270307
248;-0.752094384404953;-0.2251407649855357;2.3345881022515536
249;-0.731773587741818;-0.2394391089675374;2.324256296227075
250;-0.7084921897262262;-0.2555286471438102;2.3105637519165008
251;-0.6818331259863195;-0.2735434173279201;2.289088656848647
252;-0.6516908319352814;-0.2936262365206903;2.267072012109685
253;-0.6185402115306597;-0.3153641766840187;2.240330210779852
254;-0.582942079318934;-0.33842332318621793;2.212976099751682
255;-0.54471844202464;-0.3626910706072787;2.1846797245552545
256;-0.5052505250202769;-0.3875060725104613;2.15641521393261
257;-0.4657278174627222;-0.4117840647901429;2.1306410027506004
258;-0.42762063445501836;-0.4346771756535668;2.105616753611656
259;-0.39222501454672837;-0.4552373231527166;2.082026878654751
260;-0.36081282004120474;-0.4727589998361527;2.063603999615598
261;-0.33422422740378055;-0.48665633889061644;2.0502217143497052
262;-0.31277047110329337;-0.49694886344344896;2.045047733422325
263;-0.2967559767087473;-0.5036442851034508;2.0452507570903853
264;-0.2859525047911582;-0.5070241094192345;2.0529130811467713
265;-0.28004125741018193;-0.5079036179088168;2.0693977470590297
266;-0.27821400521370887;-0.506970223940017;2.097308054603578
267;-0.2793320297850563;-0.5050324692964239;2.13773051776236
268;-0.2827160002379025;-0.5028313025740264;2.194824440931865
269;-0.28727856377462857;-0.5008975870112642;2.271908261314043
270;-0.2925343035318567;-0.4998763996817622;2.376249351562365
271;-0.2977466063510689;-0.5000385305384163;2.5197875730808557
272;-0.30255916054243737;-0.5016058173357087;2.7311675655068064
273;-0.3063893813510271;-0.5047716714744557;3.141110283405763
274;-0.3093904949791838;-0.5094900836802937;3.243300454838785
275;-0.3110491119126358;-0.5158265784596917;3.3434861158372886
276;-0.3116441157334118;-0.5235202673112147;3.171802379815704
277;-0.31092804970091176;-0.5327592140634656;2.9133705053279746
278;-0.3089047823909442;-0.5431326697663971;2.8312296539719717
279;-0.306028396163081;-0.5543342957971226;2.8565285578597264
280;-0.30216173510909383;-0.5662170467061044;3.1127444154041903
281;-0.29751180901686125;-0.5786316990990589;2.9009957048192696
282;-0.2922157643288229;-0.591348378445927;2.6256617440075534
283;-0.2867128878108574;-0.6039477787559471;2.4766272157457476
284;-0.28086027727487034;-0.6162889023917217;2.3786318880945383
285;-0.2751918932985701;-0.6281704988073773;2.308660783410358
286;-0.2698446871769853;-0.6394266582433944;2.255471294024617
287;-0.2652146558441262;-0.6497334224568363;2.216136795578774
288;-0.2615737573581219;-0.6588366335959441;2.185782904822725
289;-0.2590903228504809;-0.666633664389359;2.1631524634812176
290;-0.25796171932153467;-0.6729525739034358;2.1481268490259007
291;-0.25860745366111976;-0.677500837368692;2.1412572289145713
292;-0.26118625874082146;-0.6800391512146705;2.14330416121361
293;-0.2659488726092313;-0.680491507845631;2.1565855924762767
294;-0.27314678452419094;-0.6786617452764214;2.1817387300713333
295;-0.2827959073043722;-0.6743618054725362;2.219572907529971
296;-0.2948744632289044;-0.6675549914126605;2.2898387640832607
297;-0.3089901204398849;-0.6582996366222441;2.4110812592566364
298;-0.32509097812370896;-0.6469158916831419;2.6473540178998993
299;-0.34275303662633927;-0.6336516331676298;3.0409388790046337
300;-0.3614132875016526;-0.6188765931081822;2.6753291370038585
301;-0.38072998993828633;-0.6028034198981722;2.6590905280469195
302;-0.40000287859021244;-0.5861168812168769;3.0513954588154486
303;-0.418957220749656;-0.5692697817390928;2.5623117431754947
304;-0.43703506227544375;-0.5526506762359507;2.313044716293769
305;-0.4541031469684933;-0.5365589633514765;2.1654425950796146
306;-0.46975048374352446;-0.5212200310286009;2.054927224305065
307;-0.48381363409635547;-0.5069345331578673;1.9674316501133151
308;-0.49628503866035667;-0.4938098151377125;1.8981717832550127
309;-0.5070648609792481;-0.4819957295749717;1.8461783271487051
310;-0.5160202022728111;-0.4715276970738749;1.80917863117651
311;-0.5233452841168468;-0.4623185559183104;1.7849956301051344
312;-0.52907373955119;-0.45448627733258584;1.774122709475778
313;-0.5330214909890132;-0.4481708774623425;1.778668140681888
314;-0.5348126972741425;-0.44346912356025114;1.8001981930206525
315;-0.5346330807497888;-0.44081327421203864;1.8426604568625313
316;-0.5322324035835773;-0.44021037782164085;1.9108961875025758
317;-0.5276483907537765;-0.44176487414708077;2.020578443888189
318;-0.5207343671360687;-0.4456010301407364;2.2175443614207433
319;-0.5115362850144348;-0.4517698846032772;2.902352922590068
320;-0.5000559592273994;-0.460419026559732;2.235554085431608
321;-0.4865232782425198;-0.47139011640900086;2.108536768048106
322;-0.4716795760140184;-0.48413883939723934;2.053392629090234
323;-0.4558516331308536;-0.49826245452117895;2.034889988061547
324;-0.43935278498372965;-0.5134926896759626;2.0388073152533144
325;-0.42281436642498754;-0.5290285062247072;2.059510312080313
326;-0.4067082647411967;-0.5442864160346668;2.0929015542268727
327;-0.39175097246376644;-0.5583790585876347;2.1375078822518736
328;-0.3782802532407138;-0.570931561410851;2.191737449008705
329;-0.36689594669531633;-0.5812981203863113;2.2541016106737204
330;-0.357965694925781;-0.5892158198813413;2.3252988452991756
331;-0.3515775520457938;-0.5944664638727319;2.4026115995636754
332;-0.3475509999204549;-0.5968750875556714;2.4870076176683686
333;-0.3459394326815854;-0.5966197594483447;2.5774683306738306
334;-0.34662941427885313;-0.5940350089726424;2.6732722050731414
335;-0.34948814735085953;-0.5893364520154724;2.775465577961589
336;-0.3542356580223027;-0.5828201687739466;2.8885943521604034
337;-0.3606800700693549;-0.5749264179438254;3.0126694139543773
338;-0.36846247713780234;-0.5659897534178613;3.1542450135640463
339;-0.3774366370026795;-0.5563374375386381;3.3315105117792285
340;-0.3874062445222155;-0.5462268539996817;3.5806060153411945
341;-0.3981597236185836;-0.5358795664095026;4.112152459375379
342;-0.40959514260553687;-0.5254722912743202;4.093798772175921
343;-0.4215106949033421;-0.5150612371049708;4.199401760446122
344;-0.4336178284076655;-0.5047739095378908;3.724535944666079
345;-0.4459220549537834;-0.49484607154914895;3.5626804269299965
346;-0.45830107586659374;-0.48522457356689297;3.503944527405107
347;-0.4704812385946821;-0.47583516526561864;3.5382476973220474
348;-0.4823103707110059;-0.4668747175970857;3.7914478228947277
349;-0.49372310561492894;-0.4584708245753988;3.603525584568603
350;-0.5045018986609376;-0.45068281177526137;3.345060720009749
351;-0.5147487176083505;-0.4434660959726283;3.2406696429205017
352;-0.5242587250544946;-0.4368079696056034;3.2477566466199193
353;-0.5329878175324427;-0.4308013371605549;3.7728598294580116
354;-0.5409189312867843;-0.42533942047655493;3.0312290826364414
355;-0.5478652984961241;-0.42030901226375783;2.7372484560329817
356;-0.5541090621509854;-0.4156172291370208;2.531706452507718
357;-0.5594523476297804;-0.41124461470471296;2.365614863928763
358;-0.5640011580970237;-0.4069809873304626;2.2247398041612882
359;-0.5678091271964048;-0.40285201795021175;2.1005202673606767
360;-0.5708504184097143;-0.3987711560721564;1.990313857489754
361;-0.5730045811327222;-0.39484806847994824;1.8911421673145137
362;-0.5744514224141022;-0.3909665229818714;1.8016689778229233
363;-0.5754524453825284;-0.38712128077409313;1.719913490960992
364;-0.5761109162104299;-0.3832323607862691;1.643979959872884
365;-0.5760398871295691;-0.3792514719722728;1.5758128631704416
366;-0.5756331295870796;-0.37534850205102566;1.5136341819001131
367;-0.5748927138885;-0.3715136488656102;1.4571558532711082
368;-0.5735935319279071;-0.36786955235507157;1.4070089001947956
369;-0.5719478009142293;-0.3645329388665852;1.363135563535874
370;-0.5695314848227304;-0.36177582457857116;1.3244536111684484
371;-0.5666687427080561;-0.3594894062543036;1.2914771436756536
372;-0.5630570197004587;-0.35795334878703733;1.2640722927694668
373;-0.5584511868763674;-0.3572020142075396;1.2423167057051934
374;-0.5530929893381066;-0.3574027981686003;1.2267771145147188
375;-0.5470511346314368;-0.35845964148827725;1.2166565388562869
376;-0.5400724244073203;-0.3605437868798429;1.2126583802953186
377;-0.5321182534368544;-0.36352518907645814;1.2148587257136967
378;-0.5235961300617625;-0.3674881904849162;1.2233153988545347
379;-0.5145470746211455;-0.3723089307587003;1.2394653916519596
380;-0.5050992231339966;-0.37777660861342205;1.2648243630402392
381;-0.49539420637456455;-0.38384853620862425;1.3023954570517047
382;-0.48588537879594995;-0.3902228223264332;1.3585029632352748
383;-0.4769797338844721;-0.39643972794940774;1.4507872276412883
384;-0.46908164689350484;-0.40217685303443595;1.6355353389166463
385;-0.46250823538007424;-0.40696936592785793;1.935238958604565
386;-0.45774986971650444;-0.41046049199467194;1.4857557007384616
387;-0.4551958353778082;-0.41231659361994233;1.317796596171095
388;-0.4551340637009852;-0.41226606919250186;1.2037529769466677
389;-0.4572613540688938;-0.4103611527619308;1.1159671183849285
390;-0.4616104518295562;-0.4066138483227602;1.0414040058271876
391;-0.4684435533997192;-0.40084869039916726;0.9758557438241253
392;-0.47743009601612685;-0.3931670885737393;0.9181471096815408
393;-0.48822684295042523;-0.38389623737028145;0.8645709138167478
394;-0.5005013813759175;-0.3731223936959921;0.8153765975627194
395;-0.5141087421629629;-0.36109429984542757;0.768847985064022
396;-0.5288189835634338;-0.3479196761550236;0.7250430748376475
397;-0.5443613974954776;-0.333842068093693;0.6840758382842881
398;-0.5604274677503271;-0.31905265601883637;0.645939139336021
399;-0.5769649670945489;-0.3036924112733286;0.6100751727670426
400;-0.5937860003574471;-0.2877399581736799;0.5763317693356004
401;-0.6110166579948293;-0.27133830829046324;0.5444394029480528
402;-0.6283348096555974;-0.2544629529248589;0.5146621606581352
403;-0.6459276136973476;-0.23721779013179045;0.4869868683529483
404;-0.6636437140307911;-0.21956263052140101;0.46145604563599896
405;-0.6814264264982508;-0.20163931771427435;0.4380168399090661
406;-0.6992633804362187;-0.18366419683535506;0.4160740657705355
407;-0.7168603107087805;-0.16555368099724732;0.39583890643193353
408;-0.7344242190879102;-0.14734662757907202;0.37750015113179036
409;-0.7520390921716427;-0.12908428551781292;0.36096399822522773
410;-0.7693211415244643;-0.11102294106794086;0.34649369080560993
411;-0.7863489255787981;-0.09325496316269122;0.33354130654597175
412;-0.803124795056442;-0.07591660099938513;0.32232867915444596
413;-0.8190785128971378;-0.059253783912743496;0.31277177604097245
414;-0.834258548467216;-0.04334515401037564;0.3047151424986685
415;-0.8483277799275674;-0.028416657413307456;0.2984213295036118
416;-0.8614973247050308;-0.014515299335125187;0.29393558839736555
417;-0.8735409167748974;-0.0019955373859507075;0.29106851219500046
418;-0.8843586427391731;0.009048986075930077;0.2897314922459351
419;-0.8940670429548582;0.018524795343425993;0.28987371055283817
420;-0.902762171822413;0.026270949385118536;0.29140981794201704
421;-0.9103417119010729;0.032199127002057515;0.29394490157390996
422;-0.9166207372842561;0.03635867785177049;0.29777451513765485
423;-0.9217005330762983;0.038492817483851915;0.30237767214403044
424;-0.9255501609667953;0.03859220061873481;0.30778072127574607
425;-0.9282342685464224;0.03660944080776063;0.3135448489687891
426;-0.9298896396930767;0.032694468449198544;0.3194969144384232
427;-0.9305777792356413;0.026961219868659403;0.3254435729216858
428;-0.9302076822487213;0.019260944832245386;0.3310434604014821
429;-0.9288250007309062;0.009792805232181512;0.3361127456480524
430;-0.926513564224691;-0.0011880701836789465;0.3404097896357883
431;-0.9233819457439035;-0.013526571491425998;0.34379409425059193
432;-0.9194967890421066;-0.026731631975478343;0.345913154076424
433;-0.91484347454779;-0.040535799173566756;0.34682412357012316
434;-0.9093600211157783;-0.05467009480118168;0.3461653008147968
435;-0.9034017676527681;-0.06906336026630622;0.34385093870008077
436;-0.8970439439077743;-0.08281169886842688;0.3398674813635053
437;-0.8904379903830953;-0.09560394762025937;0.3342404061179166
438;-0.8838072738295086;-0.1071240751445024;0.32699323312861805
439;-0.8772100635302228;-0.11690648365744827;0.3183017870429171
440;-0.8709458049376774;-0.12451669552789235;0.3083390688822044
441;-0.8653348539567989;-0.12965609713196935;0.29733011040482604
442;-0.8605116672810964;-0.13191812941048287;0.28572614003813657
443;-0.8565028558432441;-0.13142351939822705;0.27390077808180957
444;-0.8533968225495385;-0.12827030471691547;0.2619129072113658
445;-0.8513186769938522;-0.12231983495172605;0.2501892596481196
446;-0.8504523388352517;-0.11389422880710187;0.23873682332123874
447;-0.8505328322632146;-0.10332440886955241;0.22781496076910845
448;-0.8515969910552085;-0.09082874783076966;0.21816122360875123
449;-0.8536516315412679;-0.07682219472066687;0.20954351954850825
450;-0.8563748856475872;-0.061708541375983916;0.20229552443811383
451;-0.8600244268810215;-0.045866352519745135;0.1962462723610498
452;-0.8643227393208132;-0.029630760889092445;0.19171587764156306
453;-0.868945082160611;-0.013370839736350781;0.18863413753814295
454;-0.8739891780282246;0.0025316888816716565;0.18717645192685758
455;-0.8795219364959747;0.01781548650503295;0.18707220170286812
456;-0.8853519451755808;0.03220884738037044;0.18869928876726966
457;-0.8914284861397106;0.04558117459139854;0.19159906255062392
458;-0.8974624200992627;0.057744509217235396;0.19595244158448302
459;-0.9032276400843935;0.06842861501141917;0.20149838418069702
460;-0.9088529966075388;0.0773552247297482;0.20816758157175863
461;-0.9137255035612513;0.08439641637258033;0.2156454895410591
462;-0.9178207151075928;0.0893364176749214;0.22370579925479242
463;-0.9206798258814837;0.09197050652705174;0.23227435940042984
464;-0.9218299245000542;0.09210035811424266;0.24099125373955346
465;-0.9209666000492104;0.08965164701541972;0.24969849303964442
466;-0.9179060095180037;0.08448283005196466;0.2580064854047469
467;-0.9120646027122961;0.07660571527512539;0.2657022097707411
468;-0.9032782229150118;0.06613913158314011;0.2722944487663729
469;-0.89137887440293;0.053145222769763856;0.2777852613754842
470;-0.876368213356437;0.038001946910304896;0.2817442322424156
471;-0.8583259841428279;0.021284373472002294;0.28399812818237613
472;-0.8376281710351128;0.0036617076983253005;0.28468038686047237
473;-0.8144569425929311;-0.014512550313721229;0.2835082900292367
474;-0.7897228187100227;-0.032378520884204676;0.28059064841264336
475;-0.7641831601437573;-0.04919759380442468;0.2759384925912413
476;-0.7386768782419861;-0.06418740249091237;0.27012130842479853
477;-0.7147867367158557;-0.07660640400156837;0.2632351453049182
478;-0.6931311618455047;-0.08627285399269558;0.25545319735856115
479;-0.6743048788119774;-0.09298028429864513;0.2470973974248496
480;-0.6590871232401802;-0.09660359721622958;0.23853988485702035
481;-0.6478360935491906;-0.09731987878203052;0.23027714904427635
482;-0.6407266845563586;-0.09531480830389083;0.222690435971384
483;-0.6374803644542477;-0.09096585438093063;0.21602234846555446
484;-0.6379362979358084;-0.08475580611334388;0.2107041191920153
485;-0.6415497277893794;-0.07730756287695595;0.20669855494557346
486;-0.6481385828135977;-0.06932869740269465;0.20415893892294715
487;-0.6567998965542147;-0.061307236706789725;0.20317400350577522
488;-0.6666791414639516;-0.05390557359933623;0.2038307467919907
489;-0.6772868163821499;-0.047738939052423546;0.20595716347098741
490;-0.6877415943992968;-0.04326514990513186;0.20971861316850032
491;-0.6975788041033949;-0.04101182196713837;0.21467039971817503
492;-0.7057988535135973;-0.04134698345524512;0.22079026432871884
493;-0.7118748005655793;-0.04417024254904134;0.22773346083592289
494;-0.7156407325974258;-0.049647307477660996;0.2351660774830068
495;-0.716780959304404;-0.057416119738522564;0.24235398121786877
496;-0.7154999493447931;-0.0668992422154735;0.24914244745313646
497;-0.712203480224288;-0.07704025188172148;0.25541152625018365
498;-0.7071128449498658;-0.0871290387675675;0.26084467027259445
499;-0.7009807514460584;-0.09612610097980956;0.2653553804504116
500;-0.6939567965850468;-0.1030833233482622;0.2686825251343626
501;-0.6868676579576212;-0.10717268402398561;0.2705815349629297
502;-0.6801313995870095;-0.10796804687980877;0.27108490837171706
503;-0.6741620284574273;-0.10512345974174075;0.2703878554257668
504;-0.6693348552331266;-0.09885010766789049;0.2687077590181775
505;-0.6659858292011714;-0.08959761791800047;0.26608920976408645
506;-0.6644156194672461;-0.07774405230357351;0.26267678916236525
507;-0.664368523310736;-0.0637853955230604;0.2586146278509454
508;-0.6659357293178323;-0.048398383083352536;0.25424777448133135
509;-0.6691234731067742;-0.03228979622914119;0.24961424821626185
510;-0.6739353690658672;-0.01589996662664528;0.24460959117499062
511;-0.6803781898336034;0.0004429254189806109;0.2394445147450057
512;-0.6883822762086699;0.01665361889747763;0.23412118541132285
513;-0.6979195400010489;0.032552562875241664;0.2288106223544682
514;-0.7086524286305662;0.04802203339720801;0.22407266063129527
515;-0.7204630482557515;0.0628445159486315;0.21982274746224428
516;-0.7337358573454248;0.07695136730079433;0.21588014332384314
517;-0.7480461674078616;0.09029276158281951;0.21246980602328996
518;-0.7630276058037124;0.10281260369239309;0.20956565949380343
519;-0.7787171847076868;0.1143635761978905;0.20750059869560866
520;-0.7947768374446275;0.1248451052998858;0.20598178990425187
521;-0.8111307437930096;0.13423837506212322;0.20517636737187628
522;-0.8274353848145888;0.14212873680826388;0.205104250791251
523;-0.8434684686257095;0.14850238648083758;0.20591677715223822
524;-0.8587154522072673;0.1530996079248752;0.20773089945200013
525;-0.8729915865475906;0.15541343527151252;0.2103346717825087
526;-0.8859360000336767;0.15533225609533552;0.21387123909465294
527;-0.8974063101391948;0.15255188859151536;0.21810374555608877
528;-0.9071786080964925;0.14687528258363436;0.2229705334359601
529;-0.9148222808805526;0.13819519045477613;0.2282181877871558
530;-0.9201309865983232;0.12647381547530734;0.23349331815864868
531;-0.9229530058192761;0.11179658512158297;0.23874056361149576
532;-0.9231260398005996;0.09403285582969101;0.24374153537546636
533;-0.920630754319266;0.07349382705819751;0.2483267556470945
534;-0.9154706959057346;0.050407764890550766;0.25228001709265857
535;-0.9076177591510597;0.025305152398816144;0.2554784681332984
536;-0.8972570230893298;-0.0011980364605821414;0.2577287818660309
537;-0.8844079824144068;-0.02889429952743905;0.25896510888063673
538;-0.8691426990001623;-0.05723502886008558;0.25910530805561177
539;-0.8515915040026728;-0.08575639560976289;0.25786254738215086
540;-0.8318833781458366;-0.11394427289896836;0.2553956746266765
541;-0.810407478316681;-0.14107710001071283;0.25167358890509095
542;-0.7870888510800184;-0.1668679345319476;0.24686451063497544
543;-0.7625325863759191;-0.19088653914878573;0.24076853577531399
544;-0.7368515196625878;-0.2127593182072729;0.23360882466610838
545;-0.7105486186050298;-0.2320405952786937;0.22564968377397393
546;-0.6838734975453578;-0.24862764449741703;0.21677267693792385
547;-0.6572643115547927;-0.2620911159802498;0.20719469903483795
548;-0.6314386603627054;-0.27237534124633855;0.19709722604111
549;-0.6068266881239512;-0.27922103625966666;0.18645297308912678
550;-0.5839197761118984;-0.2828785097889869;0.17561342844596942
551;-0.563346304119777;-0.28306197182123904;0.16464897901171305
552;-0.545164422983609;-0.280057569778009;0.1536801682503401
553;-0.5294977686703095;-0.2740999146741976;0.1430708021066291
554;-0.5165433932807044;-0.26542742149285037;0.13300597951463577
555;-0.5064760210519434;-0.2543076903250655;0.12335625175090412
556;-0.49923656847626663;-0.2411168474948649;0.11450380555305123
557;-0.4945652412065521;-0.22610854774612732;0.10644853243619848
558;-0.49244990594351;-0.20964355805004675;0.09931905564791482
559;-0.49259257538547807;-0.19197531853329697;0.09303425496910728
560;-0.4947418389088484;-0.1732835607116171;0.08779699935422214
561;-0.4989369461272388;-0.1538040598587862;0.08357910753098283
562;-0.5048772738485534;-0.13362714006232745;0.0805485255261521
563;-0.5124381764275592;-0.11294362512840195;0.07857589011847446
564;-0.5214358647119486;-0.09183182683301605;0.07769907386151359
565;-0.5319600865247448;-0.07036590428483747;0.07818480274053197
566;-0.5437744832973268;-0.04854800268150672;0.07987181073909125
567;-0.5567556873932034;-0.02648239554848375;0.0829733873325336
568;-0.5706839550027245;-0.004255110332439416;0.08746656606792144
569;-0.5855428987302174;0.01807893169524999;0.09350077383653302
570;-0.6012604543267523;0.04043949710276462;0.10077539861692897
571;-0.6177298475278262;0.06268954607281052;0.10939455993382449
572;-0.6350079127536645;0.08481461274155078;0.11965874253227138
573;-0.6530386718232843;0.1067797089832978;0.13155531177880397
574;-0.6715386942832933;0.12843421550662026;0.144784067866626
575;-0.6904730111940526;0.14943284160872794;0.15972270624472115
576;-0.7097707308516011;0.1696960289757069;0.17628602961263032
577;-0.7292539531620138;0.18903744589920102;0.19459703933008177
578;-0.7487205977578788;0.207008016895031;0.2144063627042862
579;-0.7680094678827252;0.2232641935894033;0.2355713066021779
580;-0.7869629025465673;0.2374739858909497;0.25819973268702356
581;-0.8052734521686777;0.2489547952509017;0.28218152006161695
582;-0.8226957778044806;0.25716344587948714;0.30751442577818056
583;-0.8387948464920263;0.2615435469212434;0.3337876718696415
584;-0.8531692899373327;0.26113520736919205;0.36048357948566195
585;-0.8652816378465098;0.25527169248450243;0.38737634157041284
586;-0.8746769815784526;0.24305937331194738;0.41419142431468553
587;-0.8808037065364909;0.22399402897831922;0.44049925832193565
588;-0.8831303808050975;0.19718273365238403;0.4654041273894275
589;-0.8813789474521289;0.16257050418494567;0.4878190674183234
590;-0.8753735138887403;0.1203632370120451;0.5073612051117405
591;-0.8649647409811544;0.07183683161075449;0.5234374515239175
592;-0.8507279906746318;0.018986035320500916;0.5351718125621103
593;-0.8333389109039374;-0.035535517333612265;0.5424719182154532
594;-0.8134229939273785;-0.08905027335962878;0.5450435053281848
595;-0.7922952660847016;-0.13827399638691928;0.5422143633659811
596;-0.7704360209193098;-0.18111244633513957;0.5343085682607076
597;-0.7486351198731144;-0.21584513991420617;0.5218142309455411
598;-0.7274447601811307;-0.2419677599529393;0.5059786036429935
599;-0.7073786543136569;-0.2600388790872713;0.48696600388574135
600;-0.688595155247325;-0.27130418009614776;0.4659239036267325
601;-0.6711232482390208;-0.277761375150678;0.44334573820090506
602;-0.6549902857451189;-0.28077704587282926;0.4200633518489884
603;-0.6404547627464058;-0.2814354393624541;0.39659819841659794
604;-0.6273961328522157;-0.2811566097989381;0.37296622985810224
605;-0.6161120111522722;-0.2805620590032699;0.34984947925034954
606;-0.6066608855689497;-0.2800664125224285;0.32739583881406387
607;-0.5991162161918364;-0.2796170462497646;0.30585063032170645
608;-0.5936011566300283;-0.27889684357924627;0.2855174273411178
609;-0.590146091153458;-0.27816528058945733;0.2662864238302013
610;-0.5884242540005341;-0.27717809179331077;0.24815124712681907
611;-0.5882315918080072;-0.2755632158362513;0.23132321046956772
612;-0.5894222377315177;-0.273289818081182;0.2156838923758923
613;-0.5915954995270862;-0.2702885774128967;0.20131250967290812
614;-0.5948845490190717;-0.26664550155690214;0.18782035555402316
615;-0.5989079171463352;-0.26234000677322666;0.1753907849540861
616;-0.6035982314068848;-0.25732371922869324;0.1638314139680796
617;-0.6085776636502587;-0.2518119728524899;0.1530395628153387
618;-0.6137564718651516;-0.245775489863021;0.14307278842089738
619;-0.6192926832450318;-0.23917317078631917;0.13382382982698998
620;-0.6251601025501886;-0.232054216954513;0.12513511719786766
621;-0.6311258660275352;-0.2245747335929994;0.11695622550470794
622;-0.637492838383229;-0.21661493638215568;0.10914316975763283
623;-0.6441620050905899;-0.2081794082490812;0.10161797867822372
624;-0.6510620745376736;-0.19931519641889472;0.09440922178110422
625;-0.658339962498333;-0.1899869620827057;0.08753824926902953
626;-0.6658820717309788;-0.18018668822812411;0.08096311622157731
627;-0.6737624618567845;-0.16999143621488588;0.0745547462746762
628;-0.6820504749506647;-0.15931154355696608;0.06842690599256865
629;-0.6909290696040968;-0.14799146667105734;0.06251576194508943
630;-0.700248743219561;-0.13612821887064475;0.056691642211153526
631;-0.7097841996826129;-0.12386644057472518;0.051123473790413265
632;-0.7196501470309062;-0.11124106865537098;0.04578243473056065
633;-0.7297179986285515;-0.09832153701093649;0.040829580742707566
634;-0.7398784093009658;-0.08527959987179567;0.036346699181662195
635;-0.7502316352520253;-0.0721159182238037;0.03234943279433514
636;-0.7607686494582693;-0.05886610697978223;0.028692495441284188
637;-0.7713324083275445;-0.045529687767491445;0.025638441377164506
638;-0.7818886827451299;-0.03234017484421414;0.023227756351684475
639;-0.7924737142798335;-0.019337526345648892;0.021463617846748495
640;-0.8029090185357283;-0.006546113234188411;0.02030101806120352
641;-0.8134373843215862;0.005952301705606455;0.01974009006118338
642;-0.8238222670221089;0.01807969074304583;0.019766957072736874
643;-0.8341990145052924;0.02974769383563991;0.020507277350731462
644;-0.8445099179902205;0.04091213897608592;0.021896791517963338
645;-0.8547407387442669;0.05144535507902592;0.023880261487351395
646;-0.8648224124446084;0.06134507012546564;0.026482106613035766
647;-0.8746610502844844;0.07052301520600723;0.029746481872851976
648;-0.8843075474731864;0.07900031832199805;0.033520977897533305
649;-0.8937544812353406;0.08670767311668104;0.03778255102291181
650;-0.9029997011171872;0.09357980121165743;0.04256385973779092
651;-0.9120696479316242;0.09952900001615905;0.047741713750098974
652;-0.920929942687078;0.10449182950462521;0.053276609446848255
653;-0.9295630556142266;0.108451047667387;0.059149342882254874
654;-0.9379494827581489;0.11129533392151147;0.06531015899713019
655;-0.9459718278311471;0.1130507348429316;0.07175925548291309
656;-0.9535568403581235;0.11368054489815349;0.07836837468388444
657;-0.9606326853445157;0.11318988469095048;0.08512666318805592
658;-0.9671935800759941;0.11152843556063796;0.09193486812869761
659;-0.9731923984330844;0.10867675826341161;0.09869002517332096
660;-0.9785293246616742;0.10473438707535654;0.1053798418495577
661;-0.9831124443062498;0.09981150864998112;0.11197695501491484
662;-0.9869920419981201;0.09375793546477074;0.11847991112070586
663;-0.9900329990070253;0.08676222655952759;0.12483436664786421
664;-0.9921996961399714;0.07875224889324539;0.13081800839777952
665;-0.9934137172069849;0.06993581229159962;0.1364513600481663
666;-0.9936535200922323;0.06052287782072696;0.14165033799375984
667;-0.9928538555346761;0.050631689587336326;0.14640528509787462
668;-0.9910446420474339;0.040258232521880766;0.15067510502864154
669;-0.9882024564011734;0.02958086990009612;0.1543971367023014
670;-0.9842903312246184;0.018701513888730092;0.1576137041297263
671;-0.9793526458235595;0.007719911511239075;0.16025848282296065
672;-0.9734085875189811;-0.003279760862548886;0.16231096036634005
673;-0.9664920856074416;-0.01421616570241202;0.1637366260438334
674;-0.9587160741413108;-0.024989477238373303;0.16446828254890214
675;-0.9501611649188316;-0.035455609814373346;0.1644846298644153
676;-0.9407556466159224;-0.045802416018423275;0.16398169648348068
677;-0.930647327989611;-0.05596897297749437;0.16279811045158393
678;-0.9198718125084799;-0.0660488781255798;0.16102209168465922
679;-0.908424841244265;-0.07603555107195137;0.15866467013175206
680;-0.8965435189060367;-0.08583842602550562;0.15553406052648078
681;-0.8842909924980475;-0.09536404790651265;0.15183930736905332
682;-0.8717058415952406;-0.10458416924037794;0.1474149577245036
683;-0.8589502257836067;-0.11344340150250298;0.14263143081534135
684;-0.8463680623008194;-0.12170312292324303;0.13739500163745785
685;-0.8340555968427826;-0.12919884829890982;0.13187593597546363
686;-0.8223485778480767;-0.1358077757580336;0.1259685888819953
687;-0.8112588343706548;-0.14148835058242026;0.11982661577857193
688;-0.8009506957360711;-0.14610360881065265;0.1135683094760924
689;-0.7915747482358624;-0.14951607407809164;0.10726199775135714
690;-0.7832980236471833;-0.15150643709040068;0.10077874987923491
691;-0.7761511203592368;-0.1520272670450682;0.09428365746144476
692;-0.7704504029808041;-0.15092814296516255;0.08785085211044513
693;-0.7659874026709401;-0.14829885186346548;0.08162662767136306
694;-0.7629163394114797;-0.14420544997532347;0.07546818009949008
695;-0.7610050038600311;-0.1387347138804914;0.0696320358572837
696;-0.7602821016631732;-0.13193736486588725;0.06398927319421904
697;-0.7607774425450184;-0.12394663892181312;0.05881404108583571
698;-0.7622845754899442;-0.11486971592869033;0.05391997454446226
699;-0.7648036476161519;-0.10480528590675975;0.04941849443141344
700;-0.7682008739260168;-0.09392510452793035;0.04539648728749862
701;-0.7722633946263024;-0.08235940235026273;0.04208102755446505
702;-0.7769406444537567;-0.07026485970726803;0.039306382865698875
703;-0.7821846660471535;-0.05777325395465738;0.03730336480057592
704;-0.7881411977434759;-0.04497430171953354;0.036069889981269504
705;-0.7948108289847611;-0.03198368278594921;0.03548131729435458
706;-0.8020158927240848;-0.018912125149762704;0.035573050150760316
707;-0.8096104551098442;-0.005847171711504728;0.03627382924978664
708;-0.8177244529812193;0.007133591510249171;0.03778450732080191
709;-0.8262458470761007;0.019963324376898406;0.04002706652421578
710;-0.8349932391843036;0.0325691702442219;0.04291103541191463
711;-0.8439870636279021;0.04478856270479392;0.0464304208937138
712;-0.8533276466933;0.05656138077825901;0.05056539677238975
713;-0.862930073902132;0.0677603423443981;0.05520260656949677
714;-0.8726681886969003;0.0783516097969903;0.060365089486759616
715;-0.8825203974265434;0.08823298466342533;0.0660162898055831
716;-0.8925765638446888;0.09730586045329681;0.07220038687921479
717;-0.9026583195308517;0.10542083270265279;0.07887282023621114
718;-0.9125349382095037;0.11255320009028336;0.08598888398812271
719;-0.9221803705365385;0.11853542052662291;0.09334341184175482
720;-0.9315093983100381;0.12325065760580578;0.10082382582869767
721;-0.9403803963427118;0.1266004448726069;0.10836512120486261
722;-0.9487506432461794;0.12841524215268263;0.11585049928804456
723;-0.9563943394485581;0.12871628608843722;0.12334886740135742
724;-0.9632440013063622;0.12729014294661456;0.1307045801184063
725;-0.9691361278720003;0.12399796421677156;0.1379425581013457
726;-0.9739458862784376;0.1187324233981294;0.14488278245277583
727;-0.9774217687847935;0.11166142116809319;0.15142615166129014
728;-0.9794905572289002;0.10250759231585893;0.15739997500704436
729;-0.9800421128643925;0.09137851232729077;0.162746678689114
730;-0.9789539987373064;0.07833090322250158;0.1673750370970854
731;-0.9761620268906201;0.06347542027850994;0.17120476853414768
732;-0.9715711666895239;0.046851257467953045;0.17423497762915136
733;-0.9652257480404762;0.028739463739104854;0.17619774134163418
734;-0.9571724808981048;0.009453123019326104;0.17710377384416684
735;-0.9473081247525386;-0.01087624523294728;0.17695187723477954
736;-0.9357967614703698;-0.031709521162394005;0.17572577709774892
737;-0.9226629789918206;-0.05280705766705995;0.17342146948687692
738;-0.9079595475241673;-0.07376982782952968;0.1702063449404629
739;-0.8919734185905026;-0.09430111650199857;0.16598739456150008
740;-0.8749800851753333;-0.11381612039223599;0.16104277678361928
741;-0.857176465451349;-0.1320843859602857;0.15521904595253322
742;-0.8389379328708244;-0.14858782758922706;0.1486778461991378
743;-0.8203197037017641;-0.16312253039695201;0.14154156068876445
744;-0.8017113849698212;-0.17532246441493848;0.13383668258489964
745;-0.7832499819404191;-0.18503900472551715;0.1258347654947155
746;-0.7651537036905994;-0.19224650800092302;0.11785189444538358
747;-0.7476607298761129;-0.19682892335384183;0.10978917321023271
748;-0.7311771164153953;-0.19884324987114288;0.10176512864134785
749;-0.7158434977199872;-0.19835406922929866;0.09391122040183741
750;-0.7017328412693629;-0.19549009020112162;0.08623773182373543
751;-0.6890398547285594;-0.1905072914827045;0.07895377059581726
752;-0.6778307912515705;-0.18354470147122504;0.07212008959823632
753;-0.6682265631475861;-0.1748018279541601;0.06574127927241649
754;-0.6603452265002763;-0.1644952608426553;0.05994874003901943
755;-0.6541243647359161;-0.1528131910349838;0.05485241117807832
756;-0.6495275171951476;-0.13996386100210756;0.05049880952534075
757;-0.6466646512294013;-0.12613090615546063;0.04690384362140085
758;-0.6453415333656379;-0.11142392346907681;0.04407543416455548
759;-0.6457556730219418;-0.09600538357752564;0.042243458418724344
760;-0.6477033365608764;-0.0799321508152886;0.04141959770415016
761;-0.6511621874575824;-0.06336230856457215;0.041460052119667246
762;-0.6559505374846815;-0.046431036621970234;0.042427517713957114
763;-0.662145542320573;-0.02914570244188408;0.0443826912833562
764;-0.6696023546694914;-0.011592846156733061;0.04745760826111983
765;-0.6784008501934251;0.006177610531078237;0.051661036869086824
766;-0.6884823603441617;0.024033249392762746;0.05701495202584103
767;-0.6995407618881162;0.041904248378655584;0.06357631955571874
768;-0.7115164175139158;0.059753931095262613;0.07135271520368008
769;-0.7243057041225294;0.07738902162189965;0.08035226197679315
770;-0.7380173617970909;0.0946527894389344;0.09080511156922669
771;-0.752348120197207;0.11156140900228395;0.10257324349109209
772;-0.7673257613853771;0.12792935839650588;0.11580826503342578
773;-0.7827130729864615;0.14356420510271772;0.13040130687064955
774;-0.7984646787250497;0.15820366178268097;0.14620660262893476
775;-0.8144039437432341;0.17164960997898937;0.16329965104151048
776;-0.8303168563414615;0.18364558110826512;0.1816228068103121
777;-0.8458112446474646;0.19390500788966758;0.2009172473930466
778;-0.860875142862211;0.20208693332245842;0.22110470718744576
779;-0.87510671507199;0.20788193860520066;0.2422323612712531
780;-0.8883347997805747;0.21084323020315776;0.26407903683518025
781;-0.9003171162032151;0.21063484463331972;0.2862544956588241
782;-0.9107002373618123;0.20699632426025305;0.3083163678402115
783;-0.919241991893619;0.19959921581614404;0.3300969386491959
784;-0.925734432873923;0.188056032224856;0.3511368213565549
785;-0.929967779709028;0.17217568881872825;0.3709496157776466
786;-0.9317600843737128;0.15208105815648998;0.3890396552850409
787;-0.9309828400891136;0.12768128330804607;0.4050016814621211
788;-0.9275172765323176;0.09951563530494156;0.41851306622334367
789;-0.9212792708960094;0.0678514379745635;0.4290351965609698
790;-0.9124298206971295;0.033690181999933455;0.43630902003678823
791;-0.9010461663255349;-0.0016262279380351297;0.44073137371833615
792;-0.8875759492282038;-0.03710328023314036;0.4416771181696094
793;-0.8724349140566141;-0.07111395034894652;0.4396260572722082
794;-0.85626828087833;-0.10239142076849672;0.43423706628308
795;-0.8394288817176127;-0.1298115464994697;0.42598182548633173
796;-0.8227958827900043;-0.15248627551030736;0.41500750140911385
797;-0.8066756776267305;-0.16971124947975402;0.4019735706882885
798;-0.7916889876698741;-0.18150926418459168;0.3875837688208268
799;-0.7784053091723622;-0.1879095306082741;0.37237878483616493
800;-0.7673553753069533;-0.18951100321943204;0.35624597686274473
801;-0.7589584817623869;-0.1867308154454479;0.33970350360149226
802;-0.7532231809316763;-0.18027377168990988;0.3230305550744334
803;-0.7501636695157248;-0.1708006290198285;0.30686630263593306
804;-0.7497451154404469;-0.15897804449895347;0.29151929332900517
805;-0.7518300990031079;-0.14548254703739782;0.2771920386694737
806;-0.7561474214241466;-0.13073839506273233;0.26387558958900703
807;-0.7622798164564606;-0.11528352155443533;0.2517205467033319
808;-0.7699039007668385;-0.09961142702355197;0.2410420382364725
809;-0.7787024526154117;-0.0840141048813966;0.23179331202662387
810;-0.7885046708414578;-0.06870613353336441;0.22406924839085407
811;-0.798992552017331;-0.05396591887236646;0.21767104022933917
812;-0.8099617748108134;-0.04002789140721297;0.2128597151210781
813;-0.821028287255708;-0.02695683537801341;0.2096923590018139
814;-0.8320166471184217;-0.014950139867165202;0.20803838379502745
815;-0.8429277255291673;-0.0041816407149395385;0.20769886447297026
816;-0.8534432417780773;0.005356340602973186;0.20839513547810676
817;-0.8634860273930043;0.013553669106551869;0.21021544558063165
818;-0.8728297297595999;0.020264685800018833;0.21300254265645086
819;-0.8816099473625975;0.025486984091445897;0.216539418329265
820;-0.8896428572986151;0.029143977381151376;0.2208410255481877
821;-0.8967536874747739;0.03129708276433585;0.22547871773829306
822;-0.9030254438003924;0.03194396624980855;0.2304665135571894
823;-0.9084612122891619;0.031122119812711957;0.23558086175057516
824;-0.9128994682223704;0.028836136729536888;0.24080134378952772
825;-0.916390318850264;0.025235318281720542;0.24608932802972
826;-0.9190781556550983;0.020426205344963422;0.2511161025411467
827;-0.9210922782498974;0.014515517934497124;0.2556303307170054
828;-0.9223398636496535;0.007670800079247697;0.2598700257842641
829;-0.9230799208645221;0.00015226336164531062;0.2633252159803352
830;-0.9233467697138551;-0.007812143420959483;0.26605136463331164
831;-0.9233381720466303;-0.01609410145098522;0.26811176293843336
832;-0.9230675120472771;-0.024292327019665994;0.2692366849836756
833;-0.922477635997461;-0.03231291936005931;0.26940994672802965
834;-0.9217379589589174;-0.040018631576031694;0.26891588386786647
835;-0.9209529059673304;-0.047258398099944365;0.2675419273329166
836;-0.9205266791554096;-0.05378181197033538;0.26499639989773904
837;-0.9203988694434198;-0.05942987132433997;0.2617673621321672
838;-0.9206983586933644;-0.06412662503717192;0.2578846030585798
839;-0.9215055107988667;-0.06769172626520847;0.2533008426754405
840;-0.9227750165035944;-0.07016572003699306;0.24831628180631887
841;-0.9245362664200268;-0.07153380766716899;0.24298368267063986
842;-0.9267561558109425;-0.07186836424408594;0.2372732569010571
843;-0.9294885823621072;-0.07120685295753437;0.23144772119893794
844;-0.9326526383996665;-0.06964044775009548;0.22539206828023073
845;-0.9361998182178332;-0.06727707054558829;0.21950379922996574
846;-0.9400433346650179;-0.06424858192356941;0.2135694139366737
847;-0.9441259858524917;-0.06063650372866691;0.2074052737123359
848;-0.9483536179381974;-0.056523788409309716;0.2013944208586008
849;-0.9525823528707615;-0.05208262528716989;0.19577560245992245
850;-0.9567804329295415;-0.047444431981503166;0.1902446771238304
851;-0.9609447134198954;-0.042691918174736276;0.18520695687091718
852;-0.964912213943161;-0.0379156910732068;0.18060023392069033
853;-0.9686106148791217;-0.03323519613849857;0.1765170630589733
854;-0.9720147173807029;-0.028784385282093927;0.1727200199713671
855;-0.9751267324828594;-0.024606957851067812;0.16928226340263391
856;-0.9779101049723916;-0.020743374378889734;0.16628312086790306
857;-0.9804066712235284;-0.01721897668774197;0.163596154099675
858;-0.9825927418142233;-0.014040572179602417;0.16105823798286875
859;-0.9845360513983059;-0.011196592151916374;0.15877699276730267
860;-0.9862563528349675;-0.008677154919984442;0.15678575246312035
861;-0.9877228710570275;-0.006479006989291269;0.15501467317721518
862;-0.9889050320840693;-0.00460464050351761;0.1535629320071309
863;-0.989888579469248;-0.0030549016041356847;0.1522336852287599
864;-0.9906689531004541;-0.0018144335788582433;0.15091116579954836
865;-0.9912068583304066;-0.0008693741860299475;0.14974061076748824
866;-0.9916036016773702;-0.00020531991165939623;0.14865102667676794
867;-0.991828917963171;0.0002125030861327426;0.14757032892487656
868;-0.9918674580705849;0.0003875952329412957;0.14649421959930276
869;-0.991827825706226;0.0003620055193818139;0.14544512277363805
870;-0.9917120488730662;0.00017750887599332632;0.1442572407078933
871;-0.9915004224279558;-0.00014806974498837722;0.14284500180748835
872;-0.9911785389761474;-0.0005597527442496864;0.14128888483523339
873;-0.9907659232783896;-0.0010713519561511564;0.13961243786853472
874;-0.990315236014687;-0.0016564032882776525;0.13768962943453186
875;-0.989765028918022;-0.0022797629375092;0.13579878285184072
876;-0.9891337574452257;-0.002942483052256639;0.13376324644659277
877;-0.988445261683943;-0.003572298630097781;0.1316041647152563
878;-0.9877552047523057;-0.004210322959583124;0.12931904826332216
879;-0.9870682378658451;-0.004860461932980398;0.12695451400595864
880;-0.9863668283890751;-0.005483448830001625;0.12448663355929404
881;-0.9857847874440437;-0.006024634114520144;0.12179695292870893
882;-0.9852259645931062;-0.006489472373931493;0.11902227199972878
883;-0.9847393135400411;-0.006870836738574915;0.11610109622330608
884;-0.9843712093775475;-0.007125082984845821;0.11322080566590353
885;-0.9840251383479298;-0.0072860918137285235;0.11036817029359608
886;-0.9837481926246423;-0.007346806675991857;0.1076337187708567
887;-0.9835523177280351;-0.007330113291345031;0.10496282464923842
888;-0.9834174879948;-0.007264194670709934;0.1022758768343176
889;-0.983354396082825;-0.007110902181995837;0.0996442726349887
890;-0.9833046083325119;-0.006868970493631887;0.0970312302944012
891;-0.9833940129284158;-0.006565774639239352;0.09434963915630115
892;-0.9835528065583972;-0.006202475921932238;0.09185983581881174
893;-0.9837034457716549;-0.005816424961496813;0.08956924033917016
894;-0.9838194308273402;-0.005422621970970987;0.08723344282215964
895;-0.9839897409887113;-0.004984946394793299;0.0848673037587308
896;-0.984127784674888;-0.0045538833455210925;0.08259126759412702
897;-0.9841888743505529;-0.004138632827309974;0.08029497500480925
898;-0.9842718339771973;-0.003709178752831277;0.07819032521028388
899;-0.9843439984514684;-0.003325432040743981;0.07623700625595076
900;-0.9843059439700381;-0.002993020418368464;0.07432171484985833
901;-0.9843577810278544;-0.002703315522339045;0.07241170200527658
902;-0.9844476432047778;-0.002464654294877189;0.07047397627842183
903;-0.9844215416640386;-0.002277466868268019;0.06859113851246848
904;-0.9844733349690309;-0.002161174666103549;0.06668641821633045
905;-0.9845119620045125;-0.0020946503875830524;0.0647668168037833
906;-0.9845134250284866;-0.0020795325009176358;0.06284377877335859
907;-0.9845425289948353;-0.0020954877865091426;0.060933842350686857
908;-0.9845348642580909;-0.0021827731518139215;0.05902300739492097
909;-0.9845987590381826;-0.0023122234644512574;0.05704487344023451
910;-0.9845895952174393;-0.0024433742199027053;0.05511663066836006
911;-0.9846178973735801;-0.0026233005792214437;0.05321761795711871
912;-0.9847566194233741;-0.002832810232936356;0.05129543938673936
913;-0.9849351560836841;-0.0030439291260093704;0.049397189116803186
914;-0.9850704777580851;-0.0032281134162320813;0.047608137992231375
915;-0.9851858532581168;-0.00342771182992907;0.045839762928400946
916;-0.9853869801173077;-0.003577797078168077;0.0440831286583214
917;-0.9855540437084737;-0.003706976272075835;0.042381495995382046
918;-0.985717372049377;-0.0038378241460744755;0.040699181945569596
919;-0.9859786692697098;-0.003912718309574403;0.03898197974935885
920;-0.9862585008145821;-0.003866969153668909;0.0373442481731473
921;-0.9865742211288695;-0.0037371884208466932;0.03585190578116662
922;-0.986934981534152;-0.0035453655425659036;0.034449131796122995
923;-0.9873427429784271;-0.0032763704851247466;0.0331636289955011
924;-0.9877641880424303;-0.0029887005112406717;0.03204825517397314
925;-0.9881181293241261;-0.002720128170058178;0.031078023003320715
926;-0.9884704146126001;-0.0024762531777450247;0.030244075525081765
927;-0.9887841675623303;-0.0022877417226951913;0.029467392691704897
928;-0.9891388588660578;-0.0021330399200867323;0.02874722140968891
929;-0.9894388827132952;-0.0020129298989101096;0.02813929939297974
930;-0.9896860495985577;-0.0019292740799289332;0.02763632226062271
931;-0.9899193204611996;-0.0019078619373466;0.0272561882390418
932;-0.9900902276448047;-0.00197422206452591;0.026880747618318546
933;-0.990146768761679;-0.0021107693994150134;0.026551419972189988
934;-0.9901163931535165;-0.0022667022049210894;0.02626429835114316
935;-0.9899746270965424;-0.0024717800260946055;0.025974720407082763
936;-0.9897944887650729;-0.0027771546353084764;0.025730430602715237
937;-0.9895712831264319;-0.0031288357633197927;0.025488262865352607
938;-0.9892684224876133;-0.003544040683469918;0.025254641727556038
939;-0.9889202304495425;-0.00399654236771918;0.025021558879491285
940;-0.9884938653713987;-0.004478791955315087;0.024719474615185283
941;-0.987989892531918;-0.0049656869107291834;0.02439486660039536
942;-0.987440118770356;-0.005447318821136804;0.02396970811838911
943;-0.9869207214412311;-0.0058447548770210744;0.02346893235301234
944;-0.9864170618690906;-0.006219822369611716;0.02288314072869177
945;-0.9858936859939721;-0.006580512517650017;0.02222448176027908
946;-0.985357770737021;-0.006932600293463431;0.021464243732560256
947;-0.9847570356820639;-0.007246844483530301;0.020650161069289547
948;-0.9841353762957916;-0.007504513558444392;0.019834686268499407
949;-0.9836107649134204;-0.007652555900560687;0.01892923328629123
950;-0.9831517397947691;-0.00766785471123832;0.0179490347904335
951;-0.9828202235243547;-0.00760151119355601;0.016922300852680844
952;-0.9825445118753313;-0.007397198277822703;0.015874720060203712
953;-0.9823555747251338;-0.007056234279141926;0.014811207095066725
954;-0.9823024311596795;-0.006578772540902;0.013712316841415634
955;-0.9823254828688506;-0.0059405172456657995;0.0126759582892787
956;-0.9823944136191817;-0.005213103709362343;0.011710114353449402
957;-0.9825809956249336;-0.004330237387678237;0.01086051352999809
958;-0.9828821181809022;-0.0033941609220022873;0.01010029058957379
959;-0.9832934584830515;-0.0023637233059073948;0.00942536690675061
960;-0.9837880047466905;-0.001235740968093646;0.008873202935731461
961;-0.9843904549536604;-3.890449688914721e-05;0.008490269513950544
962;-0.9851043282412443;0.0012028393719386576;0.0083105899472872
963;-0.9858736781431472;0.0024577110158826576;0.00831296863876943
964;-0.9867426461616284;0.0036936661115487546;0.008505060386816449
965;-0.9876402394475639;0.004904307041761702;0.008853125699791964
966;-0.9886080759310409;0.0060875170909175935;0.009398283106841182
967;-0.9896024473205638;0.007254862071063517;0.010130662486357689
968;-0.9906542018087385;0.008345394198239764;0.01110485775329026
969;-0.9915977637321864;0.009389842230046797;0.012238113374679421
970;-0.9924792464338861;0.010327168183763558;0.013527455976615976
971;-0.99326699957894;0.011152655094346486;0.014910416489794825
972;-0.9940733835589445;0.011775172622001562;0.016434907343766403
973;-0.9948747893594604;0.012198069904058362;0.01811747718356624
974;-0.9956320309557026;0.012387905495449547;0.019915475187124082
975;-0.9962625168406805;0.012402089059691757;0.021758740945591798
976;-0.9967730676989757;0.012200453890368612;0.023602744211418475
977;-0.9971639801700305;0.011763742084689;0.02539873506137022
978;-0.9974384930591605;0.011186762930017302;0.02712608910825523
979;-0.9975577260838837;0.010336927269959051;0.028817332101124193
980;-0.9975300656584295;0.009279224813270037;0.03049701874348079
981;-0.9973682390246006;0.00808789324663406;0.03200705036059184
982;-0.9970643540364797;0.006744744264001956;0.03327687584071612
983;-0.9966036102528721;0.005214733289259255;0.03437903073565712
984;-0.9959991850941804;0.003561437889739727;0.0352387154302474
985;-0.9952148881945434;0.0017822289370893474;0.036046974237544244
986;-0.9943006021698156;-9.799273953037257e-05;0.03663647263916586
987;-0.9932947107143302;-0.00200823104219372;0.036881307426694654
988;-0.9921948591856702;-0.0038591087713636396;0.0368756237086276
989;-0.9910349408454439;-0.005600544183215428;0.03666870681289805
990;-0.9898524302186691;-0.007246518109421118;0.03627018040831434
991;-0.9885986589034423;-0.008725084206375966;0.035844507720637464
992;-0.9873394765627266;-0.010072100998621658;0.035231952899457325
993;-0.9861512622255508;-0.011210467447967831;0.03448675824949968
994;-0.9850556098254919;-0.012141631098600225;0.033488886860887634
995;-0.9840041545282482;-0.012756867032285735;0.032444252537706025
996;-0.9829975630250087;-0.013094519009950067;0.03138432488313769
997;-0.9821219178934177;-0.013140986927832277;0.030416313494792263
998;-0.981434129023262;-0.012938418326274181;0.029453607887650002
999;-0.9809436359935251;-0.012355871186281897;0.028622874118129138
1000;-0.9806167854093755;-0.011461465532312864;0.027956862830984364
1001;-0.9803176578558281;-0.010380162806917115;0.02751127463691494
1002;-0.9802645413155614;-0.009104635161624741;0.027230184099867577
1003;-0.9802679245818671;-0.007626251355707936;0.02721426128507215
1004;-0.9804983856898548;-0.006040247402432697;0.02742927166496567
1005;-0.9807350700103026;-0.004326332377676989;0.027870699694965417
1006;-0.981144185876799;-0.0025928889833808366;0.02854560274956297
1007;-0.9815545309183964;-0.0008896128862543318;0.02942039302685176
