0;-0.6595051360012294;0.06467706347078805;2.760464250600662
1;-0.6560472173545912;0.047729855931895715;2.8561374313700343
2;-0.6537957865106614;0.0298910060118045;3.2126736273013305
3;-0.6517869308648327;0.011562278869596487;2.9450417488846132
4;-0.6495352432556954;-0.007238395294156708;2.779821501450182
5;-0.6473127351819971;-0.0263434117827428;2.7528487126823005
6;-0.6450069860319876;-0.04582347372742224;2.8089358044245083
7;-0.6424586463780252;-0.06535673700606215;3.056916408353959
8;-0.6396200635835473;-0.08489815742092621;3.0330867368554784
9;-0.6364303329363923;-0.10419484271886725;2.71668845966901
10;-0.6330491895184601;-0.12320236211440838;2.6511972563113435
11;-0.629640830251481;-0.1416707832956574;2.7007742738604343
12;-0.6259587831866977;-0.15953838965182354;3.6828788177645917
13;-0.6217473677427523;-0.1769124160657728;2.4890026949610835
14;-0.616861795879363;-0.19379468500469788;2.2438942986250763
15;-0.6116656458932272;-0.2099589110122636;2.0838520682190596
16;-0.6062497017638445;-0.225541829272369;1.9596722992184907
17;-0.6002647002422309;-0.24054781276401616;1.8640383868700465
18;-0.5938311365848097;-0.2550596267473878;1.7799569684251098
19;-0.5871980184786254;-0.2690216861871282;1.7050047121397802
20;-0.5804847105284294;-0.2822642525584218;1.6384696537637327
21;-0.5737445452270632;-0.29492561835881337;1.579723742800896
22;-0.5666431668663376;-0.3069009037682102;1.527464085377731
23;-0.5595804229383483;-0.3181999919804521;1.4808310608985744
24;-0.5527589306385453;-0.32891162069281;1.4396341224604585
25;-0.5461312279059349;-0.3390921355038635;1.403684859079445
26;-0.5395740643178238;-0.348955902000477;1.373580321685703
27;-0.5332017588706469;-0.35857438593696445;1.3466150800275618
28;-0.527032165675458;-0.36814855970304006;1.3232222938457594
29;-0.520911139872481;-0.3779227153866811;1.3029595683760453
30;-0.5148332478387523;-0.387983752761794;1.2851460228467333
31;-0.5090606517910512;-0.3984009262645277;1.270316653961977
32;-0.5034232972728587;-0.4090943773066883;1.258262448874251
33;-0.4980364265689378;-0.42001932140749687;1.2496481684472895
34;-0.4925090218809046;-0.431170556395829;1.2429686707229586
35;-0.4866816935527584;-0.4424885992627838;1.2402779677826428
36;-0.4807942193413427;-0.45374725767499324;1.2396321205448513
37;-0.4747451319110215;-0.46492320300830003;1.2398019500613724
38;-0.46832352797029564;-0.4759416112971554;1.2409082332831676
39;-0.4615094517929568;-0.4866912048477734;1.2433312967765153
40;-0.4544174506091206;-0.4970506922423378;1.2493656956376125
41;-0.4470774080412824;-0.5071687912676245;1.2552839877647628
42;-0.4392983704965487;-0.5168337002370599;1.261912129029718
43;-0.4310930754002349;-0.5262502286045452;1.2682322419705516
44;-0.42226878578515836;-0.5354022806916134;1.2745307179175862
45;-0.41305709905609267;-0.5443044220360105;1.280735032098651
46;-0.40331042430994024;-0.553075224751735;1.2878856014565165
47;-0.3929811913612209;-0.5617918304080207;1.2932252971105107
48;-0.3821973353760365;-0.5702658094940312;1.2997041256386397
49;-0.37119788321597996;-0.5785360535466642;1.306241886397224
50;-0.3599033446732063;-0.586668648204595;1.3128070294615202
51;-0.3488135924483431;-0.5946368630055516;1.3206095746457809
52;-0.3379368201333207;-0.6023485433759904;1.3269250748910473
53;-0.3272874403516284;-0.6097209104197947;1.3341851863428105
54;-0.3173788053425011;-0.6166433964308735;1.3410940806088023
55;-0.30841055438069465;-0.6229965843732996;1.3501809860321685
56;-0.3004101183245358;-0.6287456035045127;1.3601256614623036
57;-0.29343429420684825;-0.633859520955338;1.3713149228043977
58;-0.2873720111951919;-0.6381843025159875;1.3806437887242213
59;-0.2824009100350866;-0.6416413642585043;1.3916014066530487
60;-0.27843848043716996;-0.6442727364308334;1.4056369889660996
61;-0.2755105359007858;-0.6461284625080421;1.4228915656794752
62;-0.27349313204624853;-0.6473054858963376;1.4429356604668921
63;-0.2724876539220244;-0.6478393817830836;1.465845924871295
64;-0.2723051349052332;-0.6478127775872767;1.4964752172037694
65;-0.27290514166856317;-0.6472037598974526;1.5351537284787957
66;-0.2740299143189623;-0.6461035774348266;1.5827084611195263
67;-0.27562147955107624;-0.6446155743784204;1.6525956945845952
68;-0.27769860861103524;-0.6426208313863899;1.7697708605101203
69;-0.2803485797030694;-0.6401288730957347;2.060143574733989
70;-0.2835196780101413;-0.6371138108965413;1.9842472779909341
71;-0.28707156048568055;-0.6337284891635904;1.730679622640198
72;-0.29124680572613626;-0.6298542539483135;1.5959058324004556
73;-0.2958961436411581;-0.625422902087077;1.5111092931194163
74;-0.3012368215143965;-0.6204142896607829;1.451676069033
75;-0.30734529433498076;-0.6147833890416465;1.410187816060024
76;-0.31410373546288006;-0.6084834286315616;1.3811761010963317
77;-0.3216613923814058;-0.6014990086368972;1.365408829969191
78;-0.330006135774687;-0.5938761582209248;1.3610380211924535
79;-0.3390643784017078;-0.585493221903317;1.3674857898236703
80;-0.34890754404554736;-0.5764083934136406;1.3860649682447623
81;-0.35945538042774794;-0.566450355469325;1.4147453715990483
82;-0.3706422914654386;-0.5558508864729055;1.461219287185903
83;-0.3823071864906407;-0.5445259797482311;1.5313939578236986
84;-0.3944731579075257;-0.5326608186893591;1.6430062740393128
85;-0.40707914534120726;-0.5202261642205039;1.8707556940123442
86;-0.419736123990979;-0.5073470365673611;2.0666714759285734
87;-0.43272634886935235;-0.4939224447751468;1.7261704220536225
88;-0.4459477651880687;-0.48018521761371497;1.5991021155269454
89;-0.45931449270041136;-0.4660554922000678;1.5283298716806266
90;-0.47283269033856556;-0.4515467296806569;1.4882234928069307
91;-0.486404137829684;-0.4366918948102675;1.4668916743336187
92;-0.49978418438656275;-0.4216255840777154;1.4610534585230375
93;-0.513167691184848;-0.4061989254410122;1.4683843635224203
94;-0.5263049095609588;-0.39065266668166054;1.4871072825798006
95;-0.5387721089649845;-0.3751551607299043;1.516342978162799
96;-0.5506106994646492;-0.3598661873896494;1.5570834012916503
97;-0.5616863772717358;-0.34472365452163867;1.6107977555933846
98;-0.5718624286206776;-0.32985032714739737;1.6762165764486459
99;-0.5813237593400358;-0.31534701042451163;1.7584271489687178
100;-0.5901071875496411;-0.30149699092276416;1.8606655502283485
101;-0.5974325455352776;-0.2888126132363188;1.9948899861903853
102;-0.6033584229886271;-0.27773324422182055;2.1855978679771075
103;-0.6074063209309242;-0.26909557285702346;2.5585820015997323
104;-0.6092916354205525;-0.2630829344368104;2.5721728949015414
105;-0.6090644762752387;-0.2602447564807485;2.423658145188803
106;-0.6066378022632557;-0.26068836483259394;2.4354000110692824
107;-0.6021856213222411;-0.2645322927483599;2.544337661737832
108;-0.5955831224546142;-0.2715600703479949;2.8314660739534294
109;-0.5871815027849063;-0.2817724623269562;2.95318767025663
110;-0.5778877041875218;-0.2942421282421964;2.865102885633096
111;-0.5683657640470442;-0.30825972721259043;2.8847649404873423
112;-0.5591056269145779;-0.32327316748531143;2.446187272219936
113;-0.5507244775495109;-0.3385282461324566;2.2400239116921234
114;-0.5437999373382171;-0.35314755757179184;2.102081311445138
115;-0.538469854365875;-0.36682838123849293;2.002980820266555
116;-0.5348691285358408;-0.37952387765215445;1.9268827622467761
117;-0.5325202271748668;-0.39135087243944444;1.8684106117629469
118;-0.5309334971702964;-0.4024088842260204;1.826184086817018
119;-0.5298430064255915;-0.4126263802025837;1.795101139406946
120;-0.5286489291341518;-0.4222894327762081;1.7741889876898702
121;-0.5270445952827411;-0.43155691290915654;1.7636497419898776
122;-0.525028287832594;-0.44030112884319805;1.7609398508206748
123;-0.5226272210836108;-0.4485169743659658;1.7667494627387959
124;-0.5197258635150495;-0.45615076633117524;1.7784508865034019
125;-0.516470762939705;-0.46344821789781343;1.797937603076772
126;-0.5130630611629599;-0.47024197615135654;1.825387520073665
127;-0.5095981179201704;-0.4765135695926832;1.8606680033527154
128;-0.5060809805551121;-0.4822743340116773;1.9037727750160152
129;-0.5023210491603369;-0.48781992511555544;1.9525584928678572
130;-0.4983369644798051;-0.49344755139429874;2.0069311372847154
131;-0.4937268218697864;-0.49928469043537277;2.0638631028207985
132;-0.4884995532521403;-0.5055216122441962;2.1264268561716246
133;-0.48259137983703226;-0.5120108271480612;2.1937990414841795
134;-0.47589946064756317;-0.5188732108818762;2.2651766161960607
135;-0.4684291117706221;-0.5260248281822115;2.3391300744790535
136;-0.4602117661678318;-0.5335192918585998;2.415323935379219
137;-0.45138605771537876;-0.5412252509109587;2.4939854003693194
138;-0.44205681791830664;-0.5491729064475357;2.575440370530425
139;-0.4324093658169762;-0.5572402258775031;2.6642325714970023
140;-0.422584339372978;-0.5652731093821646;2.760636832740158
141;-0.41262733698165094;-0.5733507203803219;2.8730512217594932
142;-0.4026234807074732;-0.5813214544879007;3.0209221488387112
143;-0.39274953208098995;-0.5890557454733867;3.2681420091150724
144;-0.383081025995104;-0.5963866989688766;3.592543831753964
145;-0.3736968142669975;-0.6032087678420998;3.2186951000967325
146;-0.3646093997715417;-0.6095245198562127;3.1106690767647405
147;-0.3558975704688633;-0.6152610818090656;3.0633774828080576
148;-0.3475705316801626;-0.6204004491611612;3.0532797890576804
149;-0.3396677641967202;-0.6249259678396514;3.055737155408732
150;-0.33213200089088024;-0.6289295440671439;3.074880966996323
151;-0.32520353899079335;-0.6323799275784643;3.1127984265481574
152;-0.31872512722056906;-0.6353363336298916;3.1747197023993508
153;-0.31289209480285846;-0.6378287104086173;3.2815677202637112
154;-0.3076568935579684;-0.6396860674867477;3.490516744716615
155;-0.30317720622437616;-0.6409380733478982;3.7948667910515343
156;-0.29942597251944014;-0.6415448120198715;3.385729097316697
157;-0.2963723617987755;-0.6415693513287751;3.2675613787237223
158;-0.29405979440026153;-0.6409457685253928;3.2214991990846906
159;-0.2925802895095029;-0.6397467284535079;3.219107735451519
160;-0.29185793788754094;-0.6378402502103384;3.268020702028899
161;-0.291980629959662;-0.6352067146089486;3.4329107590536467
162;-0.29287219524033536;-0.6318948643350876;3.923688294976244
163;-0.29464903346492416;-0.6278466536161944;3.493614449222928
164;-0.2973418723717569;-0.6230241978729252;3.9792839424113087
165;-0.3010713295430606;-0.6174048957891041;3.0560117897811403
166;-0.3058248366664435;-0.6108121613407786;2.7528824524265887
167;-0.3114852114685157;-0.603437249641666;2.5399842638143966
168;-0.3183673115274798;-0.5951287080317393;2.3644819452947883
169;-0.32657232101716527;-0.5858373646983983;2.213853089482139
170;-0.3359408551376827;-0.5754585676700069;2.0842232913769525
171;-0.3465027756317036;-0.5640749519604156;1.969473185570531
172;-0.3581392850472107;-0.5516509933437665;1.8667733155618476
173;-0.3708753427636384;-0.5382785533350648;1.7759918354517867
174;-0.3846975924961843;-0.5240551398747861;1.6957910749630727
175;-0.3996790824646391;-0.5087841080251968;1.6281916163581949
176;-0.41590989808231377;-0.4925566428507713;1.5717951859950037
177;-0.43298654559609484;-0.4754575433029633;1.529143820482075
178;-0.45103823276648297;-0.45759097506925484;1.5061564260499676
179;-0.47002279217121745;-0.4388872889012472;1.5137199335302913
180;-0.489868926361641;-0.41934490286182236;1.583899617105879
181;-0.5105827890178929;-0.3990549676873072;1.9655028153622123
182;-0.5322267026647346;-0.37792596062810535;1.5209812035580492
183;-0.5550097861611706;-0.355841952352824;1.245856482960659
184;-0.5785059497419991;-0.3328745238896529;1.0670814635017893
185;-0.6028190063509293;-0.3092508158166777;0.9270933756491042
186;-0.6281009873153083;-0.28481252991388617;0.8071308373382491
187;-0.6542963348615947;-0.25931512284442315;0.7014802591003428
188;-0.6813019654328398;-0.23289112212310736;0.6069113217784934
189;-0.7089224536564609;-0.20571160452120374;0.5219793390452998
190;-0.7368615465568825;-0.1780475173104915;0.4455621782561948
191;-0.7648813838217471;-0.15006896603973907;0.37716805797954883
192;-0.7924447169254241;-0.12212985533972653;0.31645821858164674
193;-0.8191576964163485;-0.09476289491316459;0.26349623328183136
194;-0.8447163637160557;-0.0683263032413034;0.21732217722274993
195;-0.8686693925181531;-0.043141954520592773;0.17824704003911915
196;-0.8906151316435644;-0.019778906768886273;0.14601657402318874
197;-0.9102211094393071;0.0014212091275488392;0.12033666890543077
198;-0.9273177352184969;0.020152655435208944;0.10097780661767655
199;-0.9417532687993584;0.03619118579708269;0.08759640510898922
200;-0.9533438453790644;0.049325610435362766;0.07958906853665815
201;-0.9622113030123387;0.05960892674646534;0.07635781158032115
202;-0.9686239718945318;0.0671603009326055;0.07757892335963162
203;-0.9727271530084494;0.07207111733750482;0.08228692771493054
204;-0.9746826850510093;0.07461416457110637;0.08982260082908836
205;-0.9747599150568915;0.07503347804708049;0.0994163335242309
206;-0.9734137734474516;0.0736383527846709;0.11030732989472145
207;-0.9709491489194224;0.07076020930945348;0.12196329763147865
208;-0.9677301616478401;0.06668878312526116;0.13366241435144574
209;-0.9641566971265193;0.06167234747966832;0.14480924402728837
210;-0.9603133274920796;0.05598564400178141;0.1548690114901412
211;-0.95616654703272;0.049845502358344396;0.16370578829439864
212;-0.9519286031198024;0.043452935050708796;0.17117339859684677
213;-0.9477582801750171;0.036862233571741676;0.17686385605318272
214;-0.9437925088680645;0.03028317384637913;0.18067902971706035
215;-0.9400784697066198;0.023839601857209125;0.18274659879445718
216;-0.9368226162076854;0.01743655386142373;0.18318862631803198
217;-0.9338920423507014;0.011180325575361527;0.1821778769705559
218;-0.9311118204798592;0.005163622361220366;0.17980268367681218
219;-0.9284912582399871;-0.0005219501778830349;0.17634648177646473
220;-0.9266376135217154;-0.005935023570905695;0.17177460146686846
221;-0.9251382190527961;-0.01097725503836533;0.1662979881050267
222;-0.9239878135193822;-0.015640052660012893;0.16011017355204563
223;-0.9229697802435567;-0.019965946285274705;0.15341685464091231
224;-0.9223933680878338;-0.023958819542126752;0.14663807473308482
225;-0.9222271989608724;-0.027738937556117893;0.1397301877838372
226;-0.9224724459797425;-0.03125262784344507;0.13284083227360816
227;-0.9227630961746561;-0.034504702024061196;0.1258266420855713
228;-0.9236365077050557;-0.0373941008846328;0.1188824933720336
229;-0.9247908910693994;-0.03995747047005127;0.11203852188535529
230;-0.9262103235668063;-0.042240747860867955;0.10532931221097355
231;-0.9276599526053424;-0.044178313741869535;0.098708043472189
232;-0.929440891732151;-0.04576749155178739;0.09212459974266393
233;-0.9311554562149318;-0.04690478347538496;0.08568310726388434
234;-0.9326404866224455;-0.04760071212538042;0.07947051605949965
235;-0.9342506485973066;-0.04796187872158064;0.07343193054734987
236;-0.9360808265236438;-0.04795866172084984;0.06762519750236698
237;-0.9379355280538725;-0.047537798068518766;0.062162894557546894
238;-0.9397827018045318;-0.046788323217455074;0.057058340735916674
239;-0.9416432562520338;-0.04575305559241527;0.05231948127820124
240;-0.943466402334654;-0.0444147123499653;0.0478683234046588
241;-0.9453493889456879;-0.04282513589364123;0.043674179197138785
242;-0.9472861587894803;-0.04097769149127206;0.039899101438816253
243;-0.9491489704230034;-0.03903073013383529;0.036456294937664835
244;-0.9508549007240961;-0.036874949467935014;0.03338152069518743
245;-0.9524025598283317;-0.034589131251095306;0.0306207546551307
246;-0.9540074056441064;-0.03216830740845744;0.028190902430212383
247;-0.9555031928481299;-0.02966731053089222;0.026067370063559137
248;-0.9568165813118911;-0.027095884326806097;0.024277533616093028
249;-0.9580440382105139;-0.024461765656888956;0.022762782675796345
250;-0.9592366649957188;-0.02179856564521354;0.021567147204213655
251;-0.9603385583787916;-0.019158789767407036;0.020626425381236546
252;-0.9612927804173954;-0.01653447008307063;0.019958777213912815
253;-0.9621780276221085;-0.013888090138993281;0.019528781645580362
254;-0.9630084197616502;-0.011253395558276535;0.01925771366006579
255;-0.9637444379300375;-0.00867635828427038;0.019155428891980686
256;-0.9641282954283887;-0.006194158378947656;0.019285509801229173
257;-0.9646215033991805;-0.0037902973510322013;0.01957366780953701
258;-0.9650813100114132;-0.001508125644245517;0.01998744880068931
259;-0.9655988048050546;0.0005958068804646777;0.020495738937246766
260;-0.9658237401789389;0.002625388819675001;0.021144520883410234
261;-0.9658752892177934;0.004525016361777379;0.02189429376050206
262;-0.9660306528642377;0.006261560516904852;0.02269188082114615
263;-0.9662632220990526;0.007856105849447514;0.023571223861322765
264;-0.9663689192481384;0.009256211229393352;0.0245204922400048
265;-0.9663154821424046;0.01046953575598586;0.02552530853737528
266;-0.966314606487186;0.011499178824649015;0.026573477303682702
267;-0.9662891103923497;0.012369837292930064;0.027722834521967332
268;-0.9659560483157195;0.01306955524184683;0.028863482396028484
269;-0.9660025859913497;0.0135827910443167;0.03002107104121371
270;-0.9662768636793775;0.013887693930012102;0.031095542475553628
271;-0.9666226599680156;0.014013559780141627;0.032110535372374405
272;-0.966661648428823;0.014002237419189378;0.0330896571620109
273;-0.96690191526976;0.013805559106155885;0.034022429854083436
274;-0.9669418625027311;0.01336990256542192;0.03486800932325884
275;-0.9671796906082832;0.012783292538711133;0.035612032407372984
276;-0.9672501887093675;0.01205626871401988;0.036298056815633695
277;-0.9674052668293623;0.011142416402114552;0.03687221897060006
278;-0.9676915831032135;0.010143078535621797;0.03730431348509955
279;-0.9680027017621553;0.009007540430807315;0.03765229119058011
280;-0.9680636738540213;0.007826249403781627;0.03791327970862779
281;-0.9678535237153731;0.006631190346275462;0.03805896849492135
282;-0.9673790746038895;0.0054200023942097;0.038118455298704335
283;-0.9665616642609716;0.00416133809838104;0.038087362736892616
284;-0.9655583407036791;0.0029632622130207897;0.03797751270526212
285;-0.9641921242723739;0.0017595522118233342;0.037811458329973235
286;-0.9627444622333209;0.0005757027133479475;0.037594656061202825
287;-0.9611118993774617;-0.0005233423064201492;0.03734331364402188
288;-0.959287829505874;-0.0016078545216500206;0.037032253547802096
289;-0.9574953191112567;-0.002652970214289674;0.03668562704540937
290;-0.9557687432518593;-0.0036279953534290588;0.03624755919360237
291;-0.9542037828162746;-0.004585561617397538;0.035794188265756643
292;-0.9527712277116345;-0.005428164967280047;0.03528925411818101
293;-0.9513923462185985;-0.006191025612703793;0.034689970832491424
294;-0.9500842282244759;-0.0068105207114421695;0.034083306550210524
295;-0.9494388926396138;-0.007329189323988516;0.03347353267047637
296;-0.9494472766679363;-0.007800785956042278;0.032827057099108325
297;-0.9498722415204199;-0.008187308384023595;0.0322369468414232
298;-0.9506584973701004;-0.008543700599129234;0.031574422441310535
299;-0.9519411440259165;-0.008772439467775839;0.030876206602300504
300;-0.9536403661057045;-0.008906760830561411;0.03021373262510052
301;-0.9557235595171727;-0.008884342643855847;0.029663896594304184
302;-0.9576768467316338;-0.008715535100365046;0.029182987825462414
303;-0.9595327922722038;-0.008390283415320221;0.02877341776126696
304;-0.9614534977930641;-0.007945593466917589;0.028481465633882264
305;-0.9632135901697298;-0.007261691778926105;0.02826271667659752
306;-0.9650150336952537;-0.006473085770922871;0.028088768667923814
307;-0.9666840428411125;-0.005504656701215804;0.028028213375331623
308;-0.9681907294843148;-0.004462014682510729;0.028030993574288288
309;-0.9695144502343852;-0.0033284090882291784;0.028191815806689058
310;-0.9704185321478815;-0.002144283451901985;0.028515869834104646
311;-0.970816340429133;-0.0010101888334975717;0.029002615722999003
312;-0.9706810375750328;6.574668876235812e-05;0.029647658078894523
313;-0.9698058820421251;0.0010431763504026303;0.030449041782878994
314;-0.9682311917658581;0.0019428959612647345;0.03140239272229761
315;-0.9662662094315282;0.002782518589143246;0.032476196480925146
316;-0.9633274684996549;0.0035080518781001047;0.03369218501422466
317;-0.9599175527532787;0.0042657912063331915;0.03507297764734679
318;-0.9558279179578109;0.004909276660763462;0.03659511873240001
319;-0.9505253544720254;0.005305320745646602;0.03824302818011982
320;-0.9440599615020548;0.005525015156227164;0.03996518056711473
321;-0.9371789115981124;0.005702176704464268;0.04184649002496671
322;-0.9292101921826318;0.005757330390237403;0.04379722490828514
323;-0.9211238234282779;0.005740299381068792;0.04582800204200743
324;-0.9126953225973912;0.005671016047399724;0.04796284492346442
325;-0.9037561552293649;0.0054791397311992895;0.05018898318621412
326;-0.8942807968842978;0.005146909802187349;0.05240507263615524
327;-0.8845713915590656;0.004696482986416006;0.05466494482420062
328;-0.8742764148559954;0.004094409706278612;0.05691539218975952
329;-0.8637733262904383;0.0032578796247508812;0.05910936036830841
330;-0.8531229608280768;0.0022446149169544904;0.06126010323373329
331;-0.8426797888588133;0.0010588493899141849;0.06327156902557743
332;-0.8313722209690342;-0.00037427287747626714;0.06510942936285755
333;-0.8192233969573043;-0.0021437920012459255;0.06688463895058505
334;-0.8074417998073828;-0.004255401938199399;0.0684312330474818
335;-0.7954175071477361;-0.0066434574985361206;0.06979179256148174
336;-0.7828857263673998;-0.009255021001847386;0.07105322889810187
337;-0.7699496392672789;-0.012122265708782054;0.07214389733589313
338;-0.7560044973292572;-0.015334932029347659;0.07297508120080792
339;-0.7413980131497825;-0.018749430387552612;0.07361576658085217
340;-0.7258393836548932;-0.0224366940813584;0.07378281527057295
341;-0.710236830542143;-0.02624405870344315;0.07368676955693781
342;-0.6945439003443125;-0.030044987829903613;0.07337375750119235
343;-0.6784129790438478;-0.03389369797268782;0.07264465299515183
344;-0.6621336097603442;-0.03743533757725914;0.07156395479267358
345;-0.6464739118645804;-0.04060350530339729;0.07008549139977088
346;-0.6313070541120878;-0.043183529210771954;0.0683555955646939
347;-0.6172638347429185;-0.04478797115395794;0.06640216857796316
348;-0.6053428216786986;-0.04506641011807955;0.0644970125979834
349;-0.596520525449217;-0.04369096709279463;0.06266746375556403
350;-0.5900476556324072;-0.04049567605576476;0.061067624049470914
351;-0.5866583002300121;-0.035133949270578;0.05979398011243292
352;-0.5862531342875148;-0.027509859472124587;0.05904289953874414
353;-0.5896367273018372;-0.017435909004392625;0.05894415417390464
354;-0.59658200650926;-0.004994767172526116;0.0597474912298287
355;-0.6076051914833556;0.009526181000158562;0.06163443664277096
356;-0.6221419785668407;0.02600175419574713;0.06486126535971398
357;-0.639484976415744;0.044047866573243666;0.0694854038403967
358;-0.6590498670171339;0.06330287902461962;0.0758307892778034
359;-0.6814393377069536;0.08318194180595251;0.08385217196445804
360;-0.7060021478308662;0.10311111471286027;0.09371715433912337
361;-0.7323734873890199;0.12236903852427217;0.1054058051896371
362;-0.7597900372576458;0.14028389168080801;0.11884028329790403
363;-0.7883083988403854;0.15600485411605236;0.13411163352060873
364;-0.8177384181606027;0.16839725659170934;0.15092241182059057
365;-0.8480737085553909;0.17620305203582465;0.16937215043265924
366;-0.8772986120344678;0.17850273917140203;0.18878008794565526
367;-0.9036759818265769;0.17421178439092633;0.2087844174595515
368;-0.9255347458301372;0.16258522946245202;0.22898065741994977
369;-0.9402211127912321;0.14383875134482138;0.24911919259945675
370;-0.9454728316474599;0.11839968419845914;0.2687869678872836
371;-0.9390030350238807;0.08875730693057227;0.28743136132780595
372;-0.9191790738092362;0.05796228748274246;0.30425141309631737
373;-0.8866161199616064;0.02953388525949663;0.31930334492038703
374;-0.8429358710676973;0.00590561901235076;0.33287312044784734
375;-0.7913424053712304;-0.011482737254818076;0.3450415534108617
376;-0.7362730571058845;-0.02317116941288644;0.3561972619304755
377;-0.681017529805266;-0.031093249098616216;0.3664995841522986
378;-0.628997518922363;-0.03817660839939219;0.3765872230071779
379;-0.5810526201642855;-0.04753732381028086;0.38648635658562813
380;-0.536935139428922;-0.06195240416209946;0.3964715747011976
381;-0.4949685471330093;-0.08334377463247855;0.4062788933539096
382;-0.4539242103594803;-0.11277088157604309;0.41563318929438164
383;-0.4129264706081979;-0.1503860636754334;0.42451836770104706
384;-0.37116393676840775;-0.19544095493919877;0.4324204307386411
385;-0.3293805336798784;-0.24609704204178562;0.438845206395529
386;-0.2897733603611753;-0.2997446810051565;0.44357045098927234
387;-0.255628922967596;-0.35238338530648494;0.4463405679487335
388;-0.23073789289275004;-0.39985478051523904;0.4466715697278426
389;-0.2178476583286606;-0.43908396152480084;0.4439320836946267
390;-0.2190085563931787;-0.46748869835369367;0.43838925764003284
391;-0.23439191893490965;-0.4844600541947379;0.4298425878082875
392;-0.26124707543780523;-0.49065098977902954;0.41866608702046926
393;-0.2964659652268153;-0.48805399351574863;0.40508257862903463
394;-0.33651996365133896;-0.47867996847037386;0.3897341902779306
395;-0.37826598851595195;-0.465192734111514;0.37319446570825726
396;-0.4187316395303873;-0.4493329428229442;0.355728145164489
397;-0.4560495067897966;-0.4325471179773219;0.33773805233638376
398;-0.48910410793667947;-0.4157298517653575;0.31976703891117303
399;-0.5170783616821413;-0.3992827444367693;0.3025043555472772
400;-0.5399661173116155;-0.3830664590086481;0.28583173264327616
401;-0.5580447622552214;-0.36708362421016705;0.26996950313706847
402;-0.5721120715406404;-0.3511565568315489;0.25521970373062286
403;-0.5821030784692796;-0.33522953116382714;0.24191209847486272
404;-0.589325685463661;-0.31868993374896637;0.23039106331422501
405;-0.5946264325123621;-0.301291108654696;0.2210835496660697
406;-0.5985499292048038;-0.28289285186620583;0.21351253221043445
407;-0.6020710015230821;-0.2633701686649895;0.20816690529219417
408;-0.6055117880797738;-0.24268630441126793;0.20492197331069026
409;-0.6094913825008714;-0.22107972139795573;0.20317428138297197
410;-0.6140994046805559;-0.19856204978025627;0.20342539233691226
411;-0.6195998020906752;-0.17519873271282616;0.2049313996196175
412;-0.6265248503036871;-0.15134403862841062;0.20804868838940582
413;-0.635045101354135;-0.12698871184565275;0.213429398249525
414;-0.645307733271195;-0.10213004090499633;0.22236775237885992
415;-0.6571239006653862;-0.07699494510355898;0.23409730479147434
416;-0.6706962192761797;-0.05179679238787949;0.24682857825224194
417;-0.6860558842966746;-0.02673162202353363;0.26111247779979163
418;-0.7029545523418917;-0.0018915172048867834;0.2778287280943131
419;-0.721233701066605;0.022504613472504764;0.29645423585689157
420;-0.7409318988631335;0.0462527260109179;0.31717646126438365
421;-0.7617779869137222;0.06909931199412855;0.3393660258365856
422;-0.7833883778666582;0.09078754414215384;0.36260088863041273
423;-0.8057531826089606;0.1111250907852952;0.3882505074382274
424;-0.8283421784692893;0.12952378337338555;0.4163214364309643
425;-0.850711597481409;0.14568254057028174;0.44769043521828544
426;-0.8719585248240774;0.1585804265719274;0.4823317581599692
427;-0.8913234352667261;0.16731137621683967;0.5204776834136758
428;-0.9075915581242877;0.17112926885351565;0.5617835580537689
429;-0.9197460342175066;0.1692702026643499;0.6051606765788932
430;-0.9267832218061005;0.16092886537468254;0.651725042471439
431;-0.9275741123081702;0.14562331646749205;0.7007174119430505
432;-0.9212205345211871;0.12344770020289364;0.7527524886353036
433;-0.9079439362283279;0.09521951954565933;0.8064573834573155
434;-0.8879579219604419;0.06262204903615964;0.8614206140228899
435;-0.8622678193838723;0.0270635569895894;0.9136822388238355
436;-0.8330335750821616;-0.009554810022354365;0.9636831613352196
437;-0.8025311368028544;-0.04544083978634428;1.0091078785365453
438;-0.7718499916625585;-0.0794424683475804;1.0467894116717362
439;-0.7420438552934099;-0.11109268519807769;1.0772850350067846
440;-0.7146833016040604;-0.1407412188067062;1.0958919883513005
441;-0.6904213028275336;-0.1688182103993292;1.1028652803172105
442;-0.6688386090556138;-0.19506268495725299;1.0955196129037297
443;-0.6494795137285413;-0.2196758203375806;1.07485771388807
444;-0.6316061680941285;-0.2422398058754921;1.0448939079023742
445;-0.615194498941166;-0.2617103167972047;1.0095033624054492
446;-0.5997611332435502;-0.27720397417037346;0.9680729447582255
447;-0.5851430691756072;-0.2872420711526935;0.9250078750952
448;-0.5712725564354478;-0.29093853159147;0.8783458881299704
449;-0.5582780035004419;-0.28791128894253604;0.8300010113578632
450;-0.5467118999013798;-0.2783717811422026;0.785016497813292
451;-0.5368916530176042;-0.26322729307227966;0.7434894349310573
452;-0.5292711537340291;-0.2435554070496344;0.7059276063715731
453;-0.5239825180586106;-0.22058548633730146;0.673108397668305
454;-0.521778536096377;-0.1952437235955013;0.6462142820595493
455;-0.5226137806778739;-0.16820521941900518;0.6256399131614855
456;-0.5265838089542699;-0.13991469250268307;0.6105160819467208
457;-0.5336793677580598;-0.11074531515199992;0.6008298835594167
458;-0.5437577262850171;-0.0808885756073694;0.5960411130129094
459;-0.5567442946375146;-0.05052075688861968;0.5980144294623482
460;-0.5722774113287064;-0.01974082171948177;0.6069365647512048
461;-0.5903942677860418;0.01108523365342684;0.6231624543948026
462;-0.61085826884298;0.04176093899721989;0.6452424732063128
463;-0.6335099925132994;0.07188138644443565;0.6747689862719938
464;-0.6576937231084079;0.10096438995610957;0.7130720457786204
465;-0.6832433925219912;0.1281039987249275;0.7614898922637501
466;-0.7093832252778658;0.15242043102535652;0.8197992388365964
467;-0.7353811793603493;0.17218402887132622;0.891451690584909
468;-0.7606120583144655;0.18574258100478613;0.9812894747112135
469;-0.7835910282548942;0.19090375322336028;1.0912825337814271
470;-0.8030126900643367;0.18471893004126738;1.2287586553476972
471;-0.8168401625334754;0.16545359663622106;1.4118266551412326
472;-0.8232994353349623;0.13126900690198395;1.6849673687713693
473;-0.8210204261214689;0.0816800518691464;2.228628727899955
474;-0.8097387068140853;0.0191192738589383;2.4025968117935768
475;-0.7905453310247649;-0.051142449807921375;1.8184347510579013
476;-0.7657424687442999;-0.12185402061081152;1.5883071693707347
477;-0.7389815145009377;-0.18360859600519186;1.455417678995658
478;-0.7137067885495019;-0.23028454317323;1.3685235200788124
479;-0.6922863712302824;-0.25868073606810627;1.31235496680088
480;-0.675790580179414;-0.2710247994133781;1.27800115021413
481;-0.6640011418520524;-0.2731919320181546;1.2632347077522872
482;-0.6557755570839495;-0.27193630118402834;1.2626603324404617
483;-0.6500608916710684;-0.2733147384317046;1.27413487119352
484;-0.6457267629215703;-0.27959266405371597;1.2977971706649591
485;-0.6418737708549197;-0.29189470065774437;1.33489810197806
486;-0.6377515820269526;-0.3084114011237624;1.3912483696281766
487;-0.6331549574596382;-0.32680404088585835;1.4766195003593816
488;-0.6280950726887637;-0.34428320857810835;1.6123680770265019
489;-0.621981054983774;-0.35873435248077634;1.837966915395617
490;-0.6151128297699547;-0.3690177566245547;2.431981766080264
491;-0.6077286335029576;-0.37411354985739;2.249468520242558
492;-0.6001625653384517;-0.3744985610512229;1.6901708875840276
493;-0.5929547296871792;-0.3706132850664302;1.4089035437354045
494;-0.5868952457134211;-0.3631573360382625;1.2154396376335166
495;-0.5826326631427055;-0.3530314248475439;1.0668718046033718
496;-0.5809834878864069;-0.3409934493903132;0.9479211294248329
497;-0.5821656854644663;-0.3272165596106872;0.8509490017595033
498;-0.5867071460923661;-0.31181283769887636;0.7721378085656458
499;-0.594410657230739;-0.2951458572677981;0.7075794309326284
500;-0.6056256912402054;-0.2770558037991566;0.6554714858121438
501;-0.6200313701220164;-0.25779652015428733;0.6156090712642315
502;-0.6372036557301124;-0.23744950903420836;0.5862034218952744
503;-0.6567062418745977;-0.21614631909715398;0.5668445296984164
504;-0.6779174908375963;-0.19399766455604806;0.5562896673672539
505;-0.7001759832910066;-0.17130439589321322;0.5544654130896878
506;-0.7227885899947105;-0.14850578378885837;0.5600564679183142
507;-0.745117255933715;-0.12609532918605448;0.5737160023647538
508;-0.7666691603607638;-0.10437947886049936;0.5936645959920371
509;-0.7868220851209204;-0.0836453740091071;0.6195792711949912
510;-0.8054112018215598;-0.06447829335144895;0.6509483101473414
511;-0.8224310492630691;-0.047156026170827814;0.6855582107176178
512;-0.8375840109563354;-0.031661108508994396;0.7222966566504587
513;-0.8507527038917975;-0.018346414656327248;0.7597237934430416
514;-0.8621633558665189;-0.007174608250986925;0.796454303328576
515;-0.8717925048999412;0.0017623736908112253;0.8313499478833272
516;-0.8796328502540398;0.008662416585832111;0.8642949263530679
517;-0.8855590884684532;0.013394457894507106;0.8942925230745608
518;-0.889360036199058;0.015862501076604252;0.9191803590443346
519;-0.8910911619292473;0.015984703337075024;0.9399923349866793
520;-0.8901624296548505;0.01359836925732838;0.9577328660309168
521;-0.8861783158362605;0.00827295019615859;0.9716279033111983
522;-0.8789228953540638;-5.1887882773993255e-05;0.9826388994057049
523;-0.8683877855590773;-0.011330355143618465;0.9900693666179274
524;-0.8540317659418499;-0.02588954933497667;0.9939646957642916
525;-0.8356820772878564;-0.04343280354004697;0.9959712949860662
526;-0.8129188920749257;-0.0641534362650995;0.9970502492980649
527;-0.7858611247610621;-0.08789644122412132;0.9967904520330049
528;-0.7540948794284714;-0.11475198960729616;0.9949639062748179
529;-0.7180003690031733;-0.14430361558558868;0.9922831840465471
530;-0.6781114688618812;-0.17592277455635874;0.9884404655487053
531;-0.6352584795338292;-0.20878937653012708;0.9837316269084906
532;-0.5902370772909471;-0.242193742055004;0.9790992313350815
533;-0.5447938114963057;-0.27510589894086246;0.9751753804458323
534;-0.5008521541101076;-0.30631251261711084;0.9713040360330899
535;-0.45990678101495697;-0.3346736248249238;0.967428546723868
536;-0.4241424418208406;-0.3589092142757949;0.9645033761414425
537;-0.3954260939275111;-0.3779444878690507;0.9627488093657564
538;-0.37570752824538545;-0.39060415430516077;0.9638472914273228
539;-0.36586072677212966;-0.3958965279763349;0.9666461643377269
540;-0.3663372500344582;-0.39376145261923745;0.9722006519097643
541;-0.37710315244499215;-0.3841956209828935;0.9805907721733784
542;-0.39736740942718074;-0.36745741320239356;0.9914258524909392
543;-0.42566528510765456;-0.34445109329305396;1.0034678690845995
544;-0.4604625470472649;-0.31647641887202627;1.0166919980286797
545;-0.499995122840834;-0.2846654686190411;1.0326465435295327
546;-0.5427428932301213;-0.25001643448033484;1.052184045336105
547;-0.5869728020859468;-0.21368902988323035;1.0749020815486776
548;-0.6314441431250755;-0.17724128163640562;1.102357535006011
549;-0.675297490592504;-0.1413982909725644;1.13634346880336
550;-0.7174035033957602;-0.10693392303908444;1.177682441388675
551;-0.757035743116006;-0.07505697371145559;1.227437430195856
552;-0.7935894317324834;-0.04664830616290261;1.2870820601496122
553;-0.8263790144573087;-0.02243535885811976;1.3586665522890486
554;-0.8550314212878716;-0.0031976408738038087;1.44143578618557
555;-0.8791372708226481;0.010780387216959841;1.5368944916637102
556;-0.8984986433605879;0.019025827112765348;1.6449892105228816
557;-0.9127880553638481;0.02148855264862004;1.7673564664201284
558;-0.9222139175389298;0.018356124582851074;1.906769886689538
559;-0.9266324352198909;0.009850350718194845;2.0659573376444125
560;-0.926317055501892;-0.0033610462700275345;2.2521221765768256
561;-0.9218319906119246;-0.020829616063991585;2.4837187950071136
562;-0.9132195207283078;-0.04162874412058992;2.803672607393968
563;-0.9010583321912422;-0.06480981876219982;3.443364467649575
564;-0.8860706848762171;-0.08906512334933914;3.4146238766586317
565;-0.868988435089049;-0.11367769484506995;2.9664207366668465
566;-0.8501201424198879;-0.13784773030862707;2.7912934989873888
567;-0.8302793399900326;-0.16081382390179388;2.7099620502201804
568;-0.8103537041717774;-0.18188745665375572;2.681391079012724
569;-0.7911876462439824;-0.19986468464282003;2.7052918132884396
570;-0.7730594438922456;-0.21454567829646687;2.805148542409477
571;-0.7566126256063875;-0.225648382289384;3.186089312600147
572;-0.7420092382525376;-0.23330097285651852;2.9139441410360036
573;-0.7291547403327567;-0.23750454782406305;2.7209054979696017
574;-0.7181608306241049;-0.23901760680571438;2.6506550711522947
575;-0.7087047796198742;-0.23819339345277513;2.6444269009815784
576;-0.7002190355234102;-0.23602887884650847;2.6925400403941535
577;-0.6919596415462376;-0.2336143377157489;2.795978269851779
578;-0.6834137487903199;-0.23216503598884874;2.959638809330999
579;-0.6738596408133903;-0.2327925077797851;3.2550998615221616
580;-0.6630777826526026;-0.23632777650333026;3.4476328497089206
581;-0.6511171339076052;-0.24336679347287737;3.0832699061684568
582;-0.638717817750582;-0.2533026517606183;2.992650991492666
583;-0.6270574776008289;-0.26555679688830813;3.059889410856441
584;-0.6169904582021271;-0.27910110129150967;2.470901186564147
585;-0.6105234173438245;-0.29182617014689627;2.2009832623784304
586;-0.6087780707169462;-0.30232534826716706;2.0394099130317214
587;-0.612370882553435;-0.3091789772721176;1.980190290588967
588;-0.6215693958740409;-0.3115869196856976;2.200340913790111
589;-0.6357801286199092;-0.3088515952176222;1.7952030546577844
590;-0.6539233199631832;-0.3012481437151585;1.4587027892970195
591;-0.6747348464426413;-0.2896129169566599;1.2379943006314367
592;-0.6970211324630687;-0.274426419704324;1.0684121281679009
593;-0.719400058891954;-0.2566246654409441;0.9314714470410564
594;-0.7411880763416558;-0.2371807988858362;0.8162170181248284
595;-0.7615090485804559;-0.21676676181684396;0.7187021751447545
596;-0.7801435586623375;-0.1962135061959146;0.6344510984440582
597;-0.7967184469656398;-0.1759692095500096;0.5621019837996513
598;-0.8111891448990909;-0.15666567662508457;0.4997049878927803
599;-0.8233768813593874;-0.13879018989106506;0.4463589278212368
600;-0.833240598324554;-0.12289714932146467;0.40080022042247215
601;-0.8405949991939605;-0.109429462594139;0.36276864415254045
602;-0.8449563180316871;-0.09895577024593172;0.3314423012132264
603;-0.84576087969025;-0.09203811640985193;0.3062490276518354
604;-0.8426711153720972;-0.08906334560503049;0.286225725978106
605;-0.8351126772052397;-0.09032577543921583;0.27100203487296826
606;-0.8231691301195839;-0.09600313450333942;0.25937377603053063
607;-0.8062641861331337;-0.10612979667280475;0.25060255237477325
608;-0.7847588973622301;-0.11997965755454931;0.24410586617605684
609;-0.7585532838351151;-0.1370831444996502;0.2394344507932949
610;-0.7279028273209074;-0.1569789091288849;0.2358653920149275
611;-0.693521370896064;-0.1787699400334818;0.23287086414647648
612;-0.656782750902406;-0.2013502332046032;0.23007725881494082
613;-0.6194752123415618;-0.22321824428281967;0.2271256345290946
614;-0.5828370216128607;-0.2433947283482556;0.22389131139060275
615;-0.5487479101971668;-0.2607073935426677;0.22012279742019952
616;-0.5191640660184078;-0.27387933117358887;0.21600670452186282
617;-0.49564813658572493;-0.2820996134143795;0.2114416383480317
618;-0.4790168070973879;-0.2852105361140115;0.2067305073159259
619;-0.4695396718385535;-0.28328353631242637;0.20195511852205916
620;-0.46673582946676173;-0.2769954993117593;0.1972014901154081
621;-0.4699063535659734;-0.26699176370040556;0.19270753601008547
622;-0.47805591993528285;-0.2540896645225994;0.18874968547578752
623;-0.4901549279140243;-0.2388836082657711;0.18570104865390244
624;-0.5050465448772614;-0.2221877165822042;0.18380756497644013
625;-0.5217860250117552;-0.20450349770310994;0.18306652768356768
626;-0.539624551439346;-0.18626351980576927;0.18372199037385137
627;-0.5582232849921503;-0.16779427186849338;0.18581891771493653
628;-0.5769694049462897;-0.14925143368568872;0.18926952921170273
629;-0.5957545850240572;-0.13090642731497804;0.19450378867332999
630;-0.6144267024383916;-0.11286953990317616;0.2015534368107674
631;-0.6327238751904489;-0.09525248754894744;0.2100611593632098
632;-0.6506008277263307;-0.07821059672105046;0.22030171095482973
633;-0.6681197383707966;-0.061739843727717014;0.23237112270950389
634;-0.6851386904210093;-0.04574779620795111;0.24584696724918426
635;-0.7017266075949108;-0.03044977142846972;0.26073709737585926
636;-0.7177078885015177;-0.015952181426415968;0.27678867031068877
637;-0.7331860715561653;-0.002333082526940311;0.2942150100888969
638;-0.7482280172528337;0.010244023060013374;0.31228302998240054
639;-0.7627771400419386;0.021555204519894122;0.3315434811374625
640;-0.7769617068205793;0.03147448083122262;0.3514590543449119
641;-0.7905226916759005;0.03974155107522259;0.3722869813891448
642;-0.8034638023579237;0.04617450912198873;0.3937565400998945
643;-0.8152700142047293;0.050248089841354426;0.41527754871883693
644;-0.8256946309083883;0.05162765072831266;0.4367913315346166
645;-0.8346919536955477;0.05014268366375407;0.45782065191371646
646;-0.8419288838185325;0.04533738497491302;0.4785305054021101
647;-0.8471362065207451;0.03699419577327612;0.49813366392825814
648;-0.8499708606861982;0.025035890845040765;0.5167613062121487
649;-0.8503567240820389;0.009236165226293114;0.5336664068547163
650;-0.848224338075872;-0.009843510286637547;0.5478879541388332
651;-0.8435795167814717;-0.03197888243563729;0.5591837200113143
652;-0.8364617098019891;-0.05655877141582266;0.5671314914863828
653;-0.8274424517642684;-0.08245605540082268;0.5708299092332614
654;-0.816996823520262;-0.10831172357351859;0.5698627716240213
655;-0.8057873270184484;-0.1327720947610278;0.5645094998978808
656;-0.7944077201166184;-0.1549349607670415;0.5544226714617789
657;-0.7837601297488759;-0.17342521074302775;0.5392429645018642
658;-0.7744886981906147;-0.18713896130185403;0.5202456319824064
659;-0.7672081545650971;-0.1955784980631352;0.49785124333033304
660;-0.7622708249744329;-0.1990936109806959;0.4725198187017422
661;-0.7597367374254516;-0.19793370147269063;0.44560340357270567
662;-0.7597724229529039;-0.1928646425491345;0.41761742427132986
663;-0.7622444392271247;-0.1846440200506002;0.38929525842860274
664;-0.7666766843344501;-0.17396260135945496;0.3616180762768232
665;-0.77279975284712;-0.1616310032246543;0.33488755764782785
666;-0.7802331384958909;-0.1482365294652357;0.3095743376370085
667;-0.7884957747099086;-0.13438620555979197;0.2859401571000689
668;-0.7971678336164936;-0.12061864466008865;0.2641549799504792
669;-0.8059718979092565;-0.10700952775004202;0.24446465468716685
670;-0.8146770953995481;-0.09378939975448564;0.22691496673663478
671;-0.8228596051386907;-0.0809159173543108;0.21168663817908656
672;-0.830234583295518;-0.0684953462706106;0.19884858118700693
673;-0.836486915237598;-0.05677929102315471;0.1880084129139056
674;-0.8416435992621407;-0.04595203793546998;0.17924452064824523
675;-0.8455643945640117;-0.03612461056978389;0.1725043082825645
676;-0.8482441267108708;-0.027378169774865513;0.1675503750356696
677;-0.8497914883759722;-0.019528696379326083;0.16434599420474716
678;-0.8499344804828954;-0.012767001790587429;0.16274116147653458
679;-0.8485770818352766;-0.007199133878691311;0.16254792055996473
680;-0.8457454313768704;-0.0028774535375277743;0.16331922825614623
681;-0.8417796813849567;0.0004110931927463479;0.16521164162197488
682;-0.8363819212058167;0.0025187091104036385;0.16766165054450577
683;-0.8297707838631929;0.003654454816613306;0.17065984035660367
684;-0.8219764498737671;0.003865350452126992;0.17412383975321577
685;-0.8133102560314572;0.0032768481764563484;0.17773571274672473
686;-0.8038197475198854;0.0019715745967721077;0.18160826465579463
687;-0.7935395723489408;5.281620660291253e-05;0.1851434853286708
688;-0.7825126656810284;-0.0024346376681427806;0.1884391928235335
689;-0.7711669128088894;-0.005214427738501892;0.1913345790998721
690;-0.7597129606035484;-0.008052038031868936;0.19369337666777964
691;-0.7483163633703502;-0.01079493275267418;0.19568388332097078
692;-0.7373916655432524;-0.013225072096076151;0.1973559276663162
693;-0.7272911548718193;-0.015176508562823487;0.19867660310800225
694;-0.7180437574185938;-0.01639846026829983;0.19938853153195935
695;-0.7098164363845565;-0.016851145682445168;0.19960406378827814
696;-0.7030960247403739;-0.016245536815301942;0.19927945550039225
697;-0.6977656069512402;-0.014567178018361049;0.19882324517052033
698;-0.6943274610628838;-0.011662400780745319;0.19816992042978304
699;-0.6929634694454682;-0.007521141154357203;0.19768368398070205
700;-0.6934398662603003;-0.0022489329378422296;0.19754111185309756
701;-0.6959652008146767;0.0041380734845991585;0.1975795760129562
702;-0.7003978412964853;0.011548225875213314;0.19814234831747277
703;-0.706417345923309;0.019818556654234598;0.19925319038355938
704;-0.7141038323326163;0.028789289288120967;0.200830315568508
705;-0.7232776191353043;0.038226218779558674;0.2029795825616966
706;-0.7336403055847798;0.04804382319767653;0.20606734173097796
707;-0.744974552184614;0.05792756447222924;0.21001609584399017
708;-0.7569287608867625;0.0675835015889763;0.21480822484434725
709;-0.769785848553677;0.07693261088205028;0.22053354298157796
710;-0.7831976185957991;0.0857418405145095;0.22713559586800683
711;-0.7966831964595988;0.09377871318958175;0.23456206835405646
712;-0.8101461808664061;0.10073493483803309;0.243011847742285
713;-0.8235685426719561;0.10647239395020791;0.25228406448820856
714;-0.8365682192228705;0.11094840993487454;0.2627281853172898
715;-0.8490471233687484;0.11378995464716923;0.27375195931024615
716;-0.8604122210724057;0.1148981954917383;0.28551177442681613
717;-0.8704374563158002;0.11385419202809965;0.29791295618985114
718;-0.8789840042056066;0.11077089050296751;0.31065069555692976
719;-0.8856687981511318;0.1053011704291471;0.3234328899034538
720;-0.8906662801041135;0.09751841640412173;0.3359562871408952
721;-0.8935090988387195;0.087485842801717;0.3481663905932039
722;-0.89413389430093;0.07537046807828007;0.35972200791217684
723;-0.8926867369465354;0.0614752401978218;0.3706237647530802
724;-0.8892302163191356;0.04585683242531391;0.38030102733130083
725;-0.88392298729512;0.02884823101875189;0.38876638571322425
726;-0.8769721500266358;0.010825211782289235;0.3957177534220675
727;-0.8686757066864119;-0.0077280891607750535;0.4006486184961762
728;-0.8590983033226209;-0.026353865090404938;0.40398539691715474
729;-0.8488064227339667;-0.04449461945892619;0.4053924666111509
730;-0.8381160169128795;-0.06187987751868762;0.4048280405890397
731;-0.82728401916015;-0.07796776127803784;0.4027952805068344
732;-0.816902728640605;-0.0924805271762188;0.39890786259617433
733;-0.807183218306365;-0.10513342895755862;0.3938823613627487
734;-0.7981493629560779;-0.1158034469315049;0.38749265222370244
735;-0.7900785944236774;-0.12445208064278146;0.37976215670742797
736;-0.7830565649695291;-0.13141625918011468;0.37119120610691614
737;-0.7769850834629746;-0.13671143866233693;0.36159335506054047
738;-0.7718057934413706;-0.14041937453491238;0.3515082704159722
739;-0.7677880158650512;-0.1426803286982674;0.34098143128616465
740;-0.7648043098928391;-0.14346878068490942;0.330312685659105
741;-0.7629377745696397;-0.14294478593367144;0.31949109600747727
742;-0.7619529055068112;-0.14128869298213864;0.30856702891121063
743;-0.7617934655843976;-0.138518204944163;0.2978349112658938
744;-0.7625369186894531;-0.13471361390485126;0.2872100238237256
745;-0.7640114367681703;-0.12990120445535647;0.2766256270477099
746;-0.7660716553648542;-0.12416936673720813;0.2664120331839831
747;-0.7687851430737125;-0.11769404253379734;0.2565547166543718
748;-0.7722642710215446;-0.11051158446658271;0.2469982219523592
749;-0.7761967360070154;-0.10251661708598203;0.23813189357668063
750;-0.7807214212337268;-0.09389377099302254;0.2299091960182672
751;-0.7859304859172107;-0.08464695069766326;0.2225592612223774
752;-0.791733859685526;-0.07483335387769963;0.21591664579485456
753;-0.7978671466150722;-0.06470936258117566;0.20999292834105523
754;-0.8045160975939338;-0.05443348494888167;0.20490004444460075
755;-0.8116221588961963;-0.04404022102838212;0.20070055555691463
756;-0.8191163675062347;-0.03353927653267563;0.19720872704195627
757;-0.8268526501198845;-0.02329330149973119;0.19475748821524974
758;-0.8348345884901566;-0.01329893984967978;0.1935149707065459
759;-0.8430020674384414;-0.0037168725053927654;0.19342838012943522
760;-0.851384231346284;0.00531241876492583;0.1940071604465202
761;-0.8596841347173663;0.013567607052187292;0.19553152816550462
762;-0.8678296441944355;0.020972486754123665;0.19751706661423418
763;-0.8758504937345137;0.02745781088542998;0.2002224530502105
764;-0.8834288571834211;0.032899965967719824;0.20332248799769276
765;-0.8904641554193816;0.037112712475395604;0.20702037967214726
766;-0.8969127652299594;0.040101467138362046;0.2108185555308711
767;-0.9026838057745362;0.041863166680818464;0.21484874360416348
768;-0.9075793550904582;0.04234916118284926;0.2189968003450347
769;-0.911423309773013;0.0415510439989093;0.22299759232565228
770;-0.9140353403547983;0.03961499376108679;0.2269388179711748
771;-0.9153681332201987;0.036618522722297264;0.23043790910336065
772;-0.9154550508929865;0.03270092627126897;0.23350261406605471
773;-0.9142776111269555;0.028061522174566367;0.23580611913536328
774;-0.9116692979769004;0.02279862907279151;0.23761769059872256
775;-0.9077031828474762;0.017087273557712557;0.23853926122585042
776;-0.9024420241677842;0.01123860574566804;0.23870961197810125
777;-0.896066707153274;0.005426166045638725;0.2377300448990676
778;-0.8883568898730688;-0.0002435367671363986;0.2360762439100129
779;-0.8793997448292636;-0.005781440762629209;0.23352861892027132
780;-0.8696992059261724;-0.010913548294743891;0.2297382754599063
781;-0.8594413824031354;-0.015589693896674639;0.22536272827719261
782;-0.8484525060519597;-0.019876974395457436;0.220282474962761
783;-0.8370342746909101;-0.023749231419655237;0.21474703964066538
784;-0.8251500650230953;-0.0272878158978217;0.20876702738621167
785;-0.8132765625538477;-0.030301725029960314;0.20264041928143767
786;-0.8013197667729921;-0.03303041576311738;0.19654324904573567
787;-0.7897570128317575;-0.0353919766140488;0.19020508553811769
788;-0.7789792702519012;-0.03733420390288322;0.1838316009830328
789;-0.7690762113382019;-0.03892861148641791;0.1774258818583369
790;-0.759597107783379;-0.040215205260411446;0.17125595312192615
791;-0.7504494100941507;-0.04132036960778851;0.16523509280228837
792;-0.7424523439897937;-0.042114737622644505;0.15951317423834932
793;-0.7350528282333659;-0.042660534035817044;0.15401429749776657
794;-0.7285193110190376;-0.042851398062024204;0.14857189246041633
795;-0.7227929900108503;-0.042654032842990186;0.14342944314571118
796;-0.718408049960283;-0.042092793713607746;0.13839025142380984
797;-0.7146916772770158;-0.041145816405039004;0.1338610452971597
798;-0.7111772607739413;-0.03991344948813891;0.12960229715750865
799;-0.7081999821150209;-0.038362561300650855;0.12570356955206027
800;-0.7047772773271994;-0.03658511494897165;0.12205324541298701
801;-0.7014765886445735;-0.03457619939247114;0.11889759037454617
802;-0.6985568380618372;-0.032381809359625646;0.11619792131407575
803;-0.6960464096582751;-0.02998190999118866;0.11408506153173811
804;-0.6937314025842372;-0.027367620450710506;0.11254810276292304
805;-0.691588813358951;-0.024639600229436898;0.11136276972312359
806;-0.6896142685339677;-0.021891464898173618;0.11072490053297177
807;-0.6877025521144231;-0.019074599915205215;0.11059849115888448
808;-0.6858387526594991;-0.01621953052539382;0.11075744575332211
809;-0.6841756956616227;-0.013468898263625961;0.11146190956554361
810;-0.6829017340497661;-0.010692420942674419;0.11272386184408856
811;-0.6814256274200496;-0.007915563126804526;0.11427099213044054
812;-0.6798950138006439;-0.005358875975535526;0.11636110464847449
813;-0.6780928054431214;-0.003079312771038123;0.11875709649334329
814;-0.6760045646217114;-0.0009935279321837687;0.121582303359313
815;-0.6735854444223366;0.0007045100048223008;0.12468362500860425
816;-0.6707827048933626;0.002063292738563982;0.12822593564639714
817;-0.6669838398758203;0.0029787032713438633;0.13203230671121907
818;-0.6621156030709366;0.0034237911373551366;0.13608788423217963
819;-0.6562444879347205;0.0033065131203490195;0.14057523235435032
820;-0.6498544934211088;0.002600559894913479;0.14532826076231437
821;-0.6429932993075378;0.0014089138620929642;0.1504190436039728
822;-0.6352054883360501;-0.0004814905682044568;0.1556238837833842
823;-0.6269837705302181;-0.0030057739978991416;0.16099444856054765
824;-0.618299990977953;-0.006081629692219592;0.1662656016266816
825;-0.6093271166697884;-0.009709435807302658;0.17143697064867613
826;-0.6004282212827572;-0.013738144419850773;0.17658777588628002
827;-0.591357691957938;-0.018098350029312593;0.18178796143714307
828;-0.5827606162562268;-0.022595541913286055;0.1870138671281141
829;-0.5743462956940228;-0.027239441598693293;0.19210203224866457
830;-0.5662650637708887;-0.031925252040397645;0.19716172540330937
831;-0.5592020548696724;-0.0363768611923152;0.20202849382614801
832;-0.5527643012065842;-0.040645450695404484;0.20676833148592375
833;-0.5475121761021289;-0.04449590539422954;0.21178910839084336
834;-0.543520767460772;-0.047716414889908854;0.2170331105718007
835;-0.5408009985273654;-0.05012620694036063;0.22223518240214807
836;-0.5396229551265013;-0.05172139957907107;0.22761478403804816
837;-0.5401366264662727;-0.05234422373514658;0.23327878272796446
838;-0.5428161152925278;-0.051873810729332614;0.23940901050593852
839;-0.5476279036708845;-0.050068029655383595;0.24630531712526754
840;-0.5548315030284435;-0.047056506559981504;0.25412824628468333
841;-0.5643133726194126;-0.0427479448346888;0.2635151947790385
842;-0.5761805432544376;-0.037261652109676136;0.2744188033378441
843;-0.5900963095598096;-0.03088016761632051;0.28687274300511445
844;-0.6055409871364381;-0.02379776653324761;0.30126925481813505
845;-0.622435889184128;-0.01627223679805412;0.3176437123540816
846;-0.6404893307004069;-0.008788312119270447;0.33624812115765784
847;-0.6593850148318168;-0.0016063459720825346;0.3571391816658501
848;-0.678740937058112;0.004634542992129176;0.38062085933163126
849;-0.6984025913016274;0.009904544533745563;0.4066373475026641
850;-0.717396549745636;0.013426641991558075;0.4345136660075149
851;-0.7355905875744564;0.014779698361339522;0.4641389943493206
852;-0.7523879975257581;0.013623485984617045;0.49515003438850597
853;-0.7673759358757111;0.00968682796479392;0.5270063753660128
854;-0.7802060118180724;0.0024597098906106174;0.5590447227610547
855;-0.7907617686536911;-0.007843888032293744;0.5919624963355317
856;-0.7987579470841519;-0.02105658016620171;0.6245981971267005
857;-0.8040045613048237;-0.03709542509041752;0.6568328931668521
858;-0.8062720106441044;-0.055494317043492614;0.6865313809133262
859;-0.8056355969598386;-0.07525858900611837;0.7137513920203493
860;-0.8023748295909;-0.09587867256868177;0.7379143709460478
861;-0.7968978882013618;-0.11631446552574465;0.7590694163995518
862;-0.7897413175635519;-0.13553059294983205;0.775817059983896
863;-0.7814688103626837;-0.15282946451168067;0.786791983417712
864;-0.772638204242494;-0.1674396205882498;0.7921584527036467
865;-0.7635192424600097;-0.17935333300488954;0.792953185061668
866;-0.7543208423035855;-0.18888839895707832;0.7885436873302867
867;-0.7455395433969437;-0.19613506570269923;0.7800514866995975
868;-0.7376968049324004;-0.20162563008310763;0.766601297387894
869;-0.730513783522629;-0.20578539929173367;0.7488014129132814
870;-0.7242340654590622;-0.20872650702811446;0.726863283654151
871;-0.7188726087910648;-0.21090780598210523;0.7008054612094583
872;-0.7144595192226457;-0.2121730045054966;0.6719914188030536
873;-0.7108824913499012;-0.21298018633440352;0.641123515393315
874;-0.7082562670616381;-0.21308124778287685;0.6085713117852161
875;-0.7067500102205029;-0.212336119505943;0.5750233910969947
876;-0.7064454458114313;-0.21042271010440594;0.5406711484261602
877;-0.707544815390789;-0.20721378587130213;0.5053786545627645
878;-0.7099080658944097;-0.20226898676786442;0.46964151023801065
879;-0.7134657520056646;-0.19556810929767843;0.4340822801632039
880;-0.7182576333195565;-0.18701447626696355;0.39892564347286735
881;-0.7243529264503134;-0.17647476503619575;0.364985499027652
882;-0.7317883632025127;-0.1639262424649982;0.3320681471919035
883;-0.7401953722714529;-0.1496310442346147;0.30109701774066033
884;-0.7495631142557532;-0.133806736373294;0.2723146832362219
885;-0.759969189491858;-0.11672647482412246;0.24583098206929513
886;-0.7710660240508527;-0.09858491726914576;0.22216727794055816
887;-0.782799628224633;-0.08003281765177306;0.20115841730561557
888;-0.7947885892727284;-0.061236438335627086;0.1829929294212337
889;-0.8069881578023654;-0.04261911934620077;0.1675027257246708
890;-0.8189896218319708;-0.024309151200357926;0.155150787652499
891;-0.8309087688447927;-0.006766936132204804;0.1455996817135115
892;-0.8425013851991277;0.009970241071670993;0.1387861957100192
893;-0.85331699973904;0.025683315062064893;0.13484220015603435
894;-0.8631724935947479;0.03990989687762514;0.13368071953932348
895;-0.8719301624467419;0.05270519616259861;0.13512947775302042
896;-0.8795565300223105;0.06393286916542629;0.13895045394580927
897;-0.885905157379186;0.07355597628546517;0.14484729020679088
898;-0.8907433208317728;0.08149290298138678;0.15255651287311
899;-0.8941055767917665;0.08774042854869957;0.161783745074833
900;-0.896038109580992;0.0922569046599675;0.17214772120681385
901;-0.8963559436196822;0.09503584784851404;0.18346355766734238
902;-0.8950796139107197;0.09630452022169977;0.19557557177895993
903;-0.8923459308972839;0.09625866863568378;0.20822347794334015
904;-0.8883029554949009;0.09492662789080064;0.22115710290389273
905;-0.8828204126904347;0.09231242651111815;0.23417968238445855
906;-0.8760002521522536;0.08863291947751561;0.2468672289750639
907;-0.8680199030644558;0.08402928329867887;0.2591800723238543
908;-0.8589105220864435;0.07871498539338184;0.27082355292004456
909;-0.8486617993139819;0.07277276809794797;0.2815488176199501
910;-0.8374668847071765;0.06639819923135093;0.291513498538901
911;-0.8262286936533141;0.05972160938997528;0.3005530697862906
912;-0.814785473013758;0.05294280774402993;0.3089278352368756
913;-0.8032469939097041;0.0461742754994201;0.3161735900231763
914;-0.7919335378739114;0.03958120707393453;0.32253478972560656
915;-0.7813834677528642;0.03332798381964319;0.3282905031608411
916;-0.7723895697688252;0.027433321513351205;0.3332374391670362
917;-0.7647826092337593;0.02211264949336078;0.33704281152891835
918;-0.7585592226917712;0.017544362550822923;0.34030990656351306
919;-0.7535476763825752;0.013847478866319096;0.3428803518406958
920;-0.7506400431385063;0.01095333564551082;0.3451866358342165
921;-0.7498964435562833;0.008955206230325308;0.3470974816094926
922;-0.7512322813765627;0.007906794291318686;0.3490527934202753
923;-0.754868135174223;0.007852627328182815;0.35127027418193135
924;-0.7608392568225741;0.008506362735436146;0.35375283523107204
925;-0.7690740045508189;0.010162439737307238;0.3566541127224099
926;-0.7793397096318465;0.012731763307201716;0.3604476936295624
927;-0.7913546453424254;0.01590123492572315;0.364988336852917
928;-0.8049495069414397;0.019480617232115693;0.3701382429313448
929;-0.8197505540570997;0.02334491430828478;0.3756961279465823
930;-0.8351232805155118;0.027273424612558217;0.3822856442383197
931;-0.8509854803123507;0.03103044655821474;0.38984555536940285
932;-0.866992011965992;0.03444577540307814;0.39859000217913054
933;-0.8825394681827572;0.03722721794903716;0.40873925961985624
934;-0.8971849093808172;0.039011797557861105;0.41996208531564205
935;-0.9104014242556933;0.03955665028454014;0.4326725027970394
936;-0.9217481687451253;0.038508445824299464;0.44652491743149497
937;-0.9307875222951887;0.035764566054799274;0.46132316564650855
938;-0.9371376148840811;0.031145914531971575;0.4770319653277052
939;-0.9404499328664893;0.024846522685384342;0.49311723881982666
940;-0.9405182810599572;0.017486318642362275;0.5097563961444389
941;-0.9374493685446382;0.009408879605248055;0.5269701897571764
942;-0.9314012350386731;0.0012133073404063666;0.5446364031114488
943;-0.92281827600719;-0.0065159221694806035;0.5627958710303332
944;-0.9120930944390677;-0.013288963537163467;0.5814046803811894
945;-0.9000319717286471;-0.018636634637696936;0.6005497150203001
946;-0.8869442339287679;-0.022417962388476487;0.6199166788041474
947;-0.8734270608470838;-0.02453930957079209;0.6398978191367488
948;-0.860201423283087;-0.02506979401884457;0.6604489225020453
949;-0.848077524921172;-0.02439489757966462;0.6817073611558571
950;-0.837591327446256;-0.022693836869006057;0.7039728570220842
951;-0.8289021921877053;-0.02048159659549298;0.7274682015015466
952;-0.8223683566472192;-0.018295340030262675;0.7521107871370942
953;-0.8175669496111262;-0.016601721442424777;0.7774881164718721
954;-0.8145568308164358;-0.015641680901208432;0.8041896420120795
955;-0.8132022390460311;-0.015934361435501865;0.8321763759890555
956;-0.8131146497053268;-0.01772747500102012;0.8610228882201465
957;-0.813769322357042;-0.02120351874138282;0.889427383285083
958;-0.8144926393841746;-0.026599695198279427;0.9174029135075563
959;-0.8151544179840846;-0.03401991846342933;0.9444248051405746
960;-0.815185149119268;-0.043298764543839074;0.9697479890295702
961;-0.8144493628363014;-0.054710990932046344;0.9930955186591394
962;-0.812467170503407;-0.06784618210612592;1.0139987185352093
963;-0.8089539720033236;-0.0825164325240828;1.0323584282167118
964;-0.8038065678676607;-0.0984174499694912;1.0462608361609451
965;-0.7966365792458511;-0.11545250034783283;1.0554889430101921
966;-0.7875517064268325;-0.13318352360312224;1.0593229910346658
967;-0.7767278973269018;-0.15122704450671032;1.0575354934026187
968;-0.7642245899251124;-0.16935305197660744;1.049521257647105
969;-0.7507200827194844;-0.1869553286430473;1.0359063136274154
970;-0.7365333574899111;-0.20367458882533085;1.01591407113487
971;-0.7226122197805109;-0.2187602813376901;0.9897643628338959
972;-0.7095141827888156;-0.2317475565716247;0.9587425816241681
973;-0.6979795089153586;-0.24226758946823945;0.9232164715103104
974;-0.6887467226857604;-0.24988809389047684;0.8834818009741845
975;-0.6823039719317532;-0.25426213692463007;0.8404496020675808
976;-0.6787922384369831;-0.2556066295692041;0.7951923028263392
977;-0.6780578906548935;-0.25391716122200336;0.7490487707052395
978;-0.6798179873664489;-0.24953397641520958;0.7033231317830673
979;-0.6838760776013035;-0.24288712976698756;0.6580058121621033
980;-0.6901932352942435;-0.23418035563646633;0.6141647716174823
981;-0.6980398358224941;-0.2239698282460738;0.5724826060917503
982;-0.7070996209947313;-0.2124978026406823;0.5335455804901559
983;-0.7169041428561127;-0.200334140782506;0.49728277338729077
984;-0.7270055147073273;-0.18780708755737163;0.4636278236129741
985;-0.7371512078813789;-0.175298062675724;0.4327175578125861
986;-0.7468984899330079;-0.16290150598043918;0.4050047591021433
987;-0.7556253000103221;-0.1509546222615029;0.3806565552557874
988;-0.763310600008142;-0.13971848861397684;0.35946182382205194
989;-0.7695141829523233;-0.12944968756681996;0.3414741985608584
990;-0.7742952074588667;-0.12027358038270775;0.3262159223067408
991;-0.7773163468585489;-0.11229483730494783;0.31387256963673776
992;-0.7791047436453195;-0.10559401824115833;0.3040892428230478
993;-0.7792759911960618;-0.0998281780037702;0.2965559638761078
994;-0.7782697694724814;-0.09488634822181075;0.29154461025704465
995;-0.7760318039475496;-0.09067541795494016;0.28846399436455467
996;-0.7726580483693413;-0.08694522908823532;0.2876782933277803
997;-0.768650199527458;-0.08349181856056564;0.2882845227192582
998;-0.7645153509622999;-0.07988793672167516;0.29045584371720895
999;-0.760529434409974;-0.07599155203883956;0.2938555653396251
