0;-0.47419859222672595;-0.4879282288035922;0.9850753736932196
1;-0.4720573290214001;-0.49199417816424096;0.9844486984995946
2;-0.47005008842536944;-0.4662668402115032;0.975212246973848
3;-0.4682714044930855;-0.49147470113488784;0.9811018653226251
4;-0.4667584251897372;-0.493501096022775;0.982531595900989
5;-0.46555811795485214;-0.49831440829902396;0.9884509141845875
6;-0.464657477987849;-0.49705197873201673;0.9859309037043669
7;-0.46407186143527224;-0.4988114270724659;0.9878867145541147
8;-0.46375409918589156;-0.47934807109856437;0.9884844008619755
9;-0.4637039142650957;-0.4810076240180044;0.9911721872696528
10;-0.46398778326551904;-0.5041800945074608;0.9958079468261162
11;-0.4644777103215608;-0.48129865069489314;0.996851375190818
12;-0.4652364792858406;-0.5031343541177041;0.9996218132187805
13;-0.4661305988550104;-0.4862299024935104;1.0
14;-0.4672049042829599;-0.5056332018817452;1.0
15;-0.4682754144743857;-0.4859042870277869;1.0
16;-0.46942023642878905;-0.5068796258480878;1.0
17;-0.47043092710040657;-0.48782199531925985;1.0
18;-0.471403675863217;-0.5042479871133598;1.0
19;-0.4722967151163479;-0.5044894892603875;1.0
20;-0.473068912401521;-0.505839334700044;1.0
21;-0.4735710886518558;-0.4933200369702822;1.0
22;-0.47395910526009966;-0.5069108045337023;1.0
23;-0.474239581698115;-0.5050984335030311;1.0
24;-0.474291081198421;-0.4951684845682903;1.0
25;-0.47420158967207315;-0.4975140583803838;1.0
26;-0.4741792342182358;-0.5078377809034379;1.0
27;-0.4742840175646786;-0.5080847748242655;1.0
28;-0.4744467689420272;-0.5007857863444524;1.0
29;-0.47483169738529873;-0.5070669818203645;1.0
30;-0.4754737067122891;-0.5071877016881285;1.0
31;-0.4763119051863189;-0.5031372735225393;1.0
32;-0.4774596265199973;-0.5077722233463007;1.0
33;-0.47889366005552475;-0.5068327837334144;1.0
34;-0.4805914723670311;-0.5064865063641066;1.0
35;-0.48245179619901646;-0.5039639316985737;1.0
36;-0.4845141965150878;-0.5057485651114124;1.0
37;-0.48670740601683116;-0.5048249596392262;1.0
38;-0.48892282187710806;-0.5036721687425801;1.0
39;-0.4911551008548355;-0.5035832543321763;1.0
40;-0.49332106755601957;-0.5029674795691792;1.0
41;-0.495351946261656;-0.5024657334871148;1.0
42;-0.49718177811531755;-0.5020835580288887;1.0
43;-0.498760677068273;-0.5014855362682137;1.0
44;-0.500030389644734;-0.5013538841867637;1.0
45;-0.5009028674793797;-0.5034663209784082;1.0
46;-0.5013725635449808;-0.5018818973150476;1.0
47;-0.5013686549050385;-0.5051069918021005;1.0
48;-0.5008981792827754;-0.5033657774675231;1.0
49;-0.4999278444130008;-0.5054385809949327;1.0
50;-0.4984422012043526;-0.5070656843740826;1.0
51;-0.4964325054275526;-0.5090224391064807;1.0
52;-0.4938963674879813;-0.5113149118216361;1.0
53;-0.4908201460712746;-0.5164936353418621;1.0
54;-0.48721512807381506;-0.5195640025746256;1.0
55;-0.4831133135251551;-0.5202214097784948;1.0
56;-0.47854143577905445;-0.5227600322589612;1.0
57;-0.4735110818513066;-0.5278753248853573;1.0
58;-0.4680466253694754;-0.5321569887025235;1.0
59;-0.4621749745170096;-0.5367087548454772;1.0
60;-0.4559247224689409;-0.5415861078162489;1.0
61;-0.44932570192180626;-0.5467781817037086;1.0
62;-0.44239711974070806;-0.5555058994958827;1.0
63;-0.4351836942206005;-0.5578469898647483;1.0
64;-0.4277171666663292;-0.5638006430071304;1.0
65;-0.4200395758018377;-0.5680225238674874;1.0
66;-0.4121627893404917;-0.5796958606845394;1.0
67;-0.4041388959355361;-0.5807574172471027;1.0
68;-0.3959877821958948;-0.5894217954254739;1.0
69;-0.38775062081311157;-0.5940936055888726;1.0
70;-0.3794464588282533;-0.6032013952660183;1.0
71;-0.37110506160754625;-0.6103124527681159;1.0
72;-0.3627657982012895;-0.6150480089604229;1.0
73;-0.3544429850271697;-0.6281986244072748;1.0
74;-0.3461787313615021;-0.6294489174344553;1.0
75;-0.3379885481041596;-0.642821915272539;1.0
76;-0.32990210828794064;-0.6467404615243866;1.0
77;-0.3219461945101103;-0.6575388063132004;1.0
78;-0.31414772020429665;-0.6614388717562585;1.0
79;-0.3065343411094847;-0.6721988058420445;1.0
80;-0.2991306369889901;-0.6796335040947421;1.0
81;-0.29196168817331736;-0.683293246067081;1.0
82;-0.28505677510404104;-0.6937232291862907;0.9990509909100521
83;-0.27844255620604597;-0.6942598749692581;0.9970965953474314
84;-0.2721369057528388;-0.704243662813774;0.9937226734803981
85;-0.26616377451309425;-0.7108954258330786;0.9911593479314162
86;-0.26055235897406553;-0.7141990411071736;0.9912745603048867
87;-0.2553292480578735;-0.726792201159078;0.9828635153543697
88;-0.25051508212413653;-0.733119402998832;0.9803589088680821
89;-0.24613261824539318;-0.7388880163477161;0.9773610487546947
90;-0.24219622528885365;-0.7412335509860737;0.9791491923455825
91;-0.23873134631690274;-0.7432188459685009;0.9829264648439755
92;-0.23576770043242679;-0.7540971557027207;0.9673747474751886
93;-0.23332517223749422;-0.7586396567448876;0.9644599891158863
94;-0.23141049930793361;-0.7604188113405186;0.9711723062297339
95;-0.2300551347889051;-0.7666514011472055;0.9589083159702309
96;-0.22927356045858216;-0.7704977746430939;0.9585136190243204
97;-0.22907076494751866;-0.7710130465723118;0.9667071713125653
98;-0.22947531945437705;-0.775719276586855;0.9515005221568539
99;-0.23049792467642755;-0.7783142424399457;0.9523539140443495
100;-0.2321384551578955;-0.7778449823573326;0.9640951560157744
101;-0.234405767715754;-0.7764218911639922;0.9763824995590027
102;-0.23730992252873861;-0.7772546080364869;0.9788738007464166
103;-0.2408723352142702;-0.7824258462596068;0.9471568566693984
104;-0.2450793573822549;-0.7780644742546672;0.9790246870699877
105;-0.24995096273279105;-0.7812202211219982;0.9411610294903683
106;-0.2554845467364304;-0.7800811527762335;0.9407968956174252
107;-0.2616557447186705;-0.7753500101921125;0.9847939436303625
108;-0.26845936084854416;-0.7734668650346499;0.9874996019373347
109;-0.27589815330031353;-0.7729298460631864;0.9736403700603036
110;-0.28396108759815086;-0.7699327809785692;0.976782420165626
111;-0.29264578227577165;-0.7673282139156075;0.9524759192059369
112;-0.30190724272270647;-0.7611134914160366;1.0
113;-0.31174346388453633;-0.7580651733285435;0.988977945191533
114;-0.3221322951732699;-0.7531932699988654;0.9939368756508409
115;-0.33302853162001744;-0.7469934959712256;1.0
116;-0.3444266486121521;-0.7421667786776961;1.0
117;-0.3562957075989096;-0.7360474390758075;1.0
118;-0.3686017466256286;-0.7295449515386001;1.0
119;-0.3813213911936384;-0.7227952714440654;0.9828846436175599
120;-0.3943721363717758;-0.7154464814978225;1.0
121;-0.4077517194681535;-0.7079845174634216;0.9788833227571269
122;-0.4214076838724164;-0.7002519928173395;1.0
123;-0.435294169087767;-0.6922450715203541;1.0
124;-0.44936398209226835;-0.6840250983516958;1.0
125;-0.4635689329133497;-0.6756297625272615;1.0
126;-0.477861038635391;-0.6670826293758105;1.0
127;-0.49221365008711904;-0.6579242792051958;1.0
128;-0.5065161887154194;-0.6509791385481987;1.0
129;-0.5207955341902659;-0.6402365548977489;1.0
130;-0.5349855266242811;-0.6320638771552325;1.0
131;-0.549066967836925;-0.6228384380671145;1.0
132;-0.5629382227932005;-0.616454806092816;1.0
133;-0.5766239007216817;-0.6057557411897891;1.0
134;-0.590098173558032;-0.5971476960602147;1.0
135;-0.6033405216654788;-0.5886130624974654;1.0
136;-0.616371416562967;-0.5789675189489385;1.0
137;-0.6291374288404332;-0.5719661384778352;1.0
138;-0.6416301493497962;-0.5638312590233912;1.0
139;-0.6538873524252506;-0.5542899656223498;1.0
140;-0.6657997863391887;-0.5515851692317848;1.0
141;-0.6774792619669394;-0.5386525579145583;1.0
142;-0.6889235565611926;-0.5311015030225602;1.0
143;-0.700080637207362;-0.5258552822044456;1.0
144;-0.7109535033505057;-0.5188615908556579;1.0
145;-0.7215953711011608;-0.510244424964915;1.0
146;-0.732006401856772;-0.5034776354888688;1.0
147;-0.7420812599445757;-0.503180834458328;1.0
148;-0.7518838723372339;-0.49280810220496124;1.0
149;-0.7614167596370527;-0.4868891530796417;1.0
150;-0.7706831952516967;-0.4811264626418171;1.0
151;-0.7796363802550876;-0.4799774138015648;1.0
152;-0.7883298409780234;-0.4703779762536781;1.0
153;-0.7967170071891978;-0.46971709274036855;1.0
154;-0.8049047775272685;-0.45676429976873834;0.99054753298154
155;-0.81277870949088;-0.46018854078290705;1.0
156;-0.8203801545702516;-0.4517851797852074;1.0
157;-0.8277027811618167;-0.4477478329106448;1.0
158;-0.8347985983082383;-0.4398588891149483;0.9361936570138084
159;-0.8415897154942058;-0.4404534131998087;1.0
160;-0.8480677923173381;-0.4371526879078902;1.0
161;-0.8542215689851249;-0.43424350881589946;1.0
162;-0.8600403548568095;-0.4315051324414231;1.0
163;-0.8655109897863832;-0.42917178915507126;1.0
164;-0.8705939922014665;-0.4306984587930567;1.0
165;-0.8753566593223563;-0.4200606888640659;0.9168247843677301
166;-0.8797750407296965;-0.41848992215795394;0.9106907174346537
167;-0.8837799922245042;-0.42253958928301416;0.9962538212798382
168;-0.8873623790921331;-0.4215836525141997;0.990609299067433
169;-0.8905136300657;-0.4210005488026235;0.9852029751875591
170;-0.8932264954147012;-0.42078896837873947;0.9800722364263496
171;-0.895497111951554;-0.42076548125098845;0.9751272782510105
172;-0.8973599500759393;-0.4156401610017908;0.8533083235080184
173;-0.8987578406772536;-0.42437486588727086;1.0
174;-0.8997134096225843;-0.4227339748488653;0.9621900451240303
175;-0.9002258961353;-0.4260799236938804;1.0
176;-0.9003464088489743;-0.4199716748765498;0.8403436029885097
177;-0.900049193678973;-0.42925143245409;1.0
178;-0.8993657691107821;-0.4290596123385122;0.9493517328770588
179;-0.8983186610165361;-0.43126112753596646;0.9470214950077374
180;-0.8969323777518678;-0.43367640296116794;0.9450458675283829
181;-0.8952326354898859;-0.43633618185552114;0.9434947989982495
182;-0.893242179112643;-0.440496223383803;1.0
183;-0.8909889300775374;-0.44333788210511094;1.0
184;-0.8885017406686686;-0.4451237328764186;0.9407512545018968
185;-0.8828018271638437;-0.4517132325104948;0.9408399570708497
186;-0.8797958377903601;-0.45605324024842964;0.999418151935161
187;-0.8766269186190877;-0.4596744291363895;0.9930992873131133
188;-0.8733081309742357;-0.4583976032845748;0.8646350021820317
189;-0.8698421515635646;-0.4657116671373745;0.9442056741374811
190;-0.8662318109948832;-0.46942895511446103;0.9457744184811104
191;-0.8624770507954289;-0.4738750910437228;1.0008331297035653
192;-0.8585733090601763;-0.4770804954202438;0.9496575217885058
193;-0.8545140779792152;-0.48104570682621506;0.9519930649427241
194;-0.8502895180289864;-0.4821904962328315;0.8843243298230096
195;-0.845889685858281;-0.48644757795292093;0.8884285098112201
196;-0.8413079378035447;-0.4937197885371717;1.0067585237147525
197;-0.8365324139828414;-0.4949099745685841;0.8781055383730194
198;-0.8315573337985984;-0.5020585855136195;0.9659178807133676
199;-0.8263764178150168;-0.5044012625679357;0.9062080489507516
200;-0.8209912496460626;-0.5112889868405059;1.0137304346939728
201;-0.8154009240542968;-0.5136228082042588;0.8978787031834128
202;-0.8096143321852853;-0.5207815494349081;1.0138267616887096
203;-0.8036401018592262;-0.523458462409162;0.9077875122008207
204;-0.7974945133670264;-0.5302671578747565;0.9858327501923377
205;-0.7911980474870792;-0.535214169504284;0.989280484890913
206;-0.7847771806489163;-0.5401275781567334;1.026421163745874
207;-0.7782601713290533;-0.5438825205629427;0.9427716160674844
208;-0.7716810390262276;-0.5501372316910899;1.0281513032350773
209;-0.7650750283585221;-0.5550336765635553;1.0029367744644513
210;-0.7584835127624981;-0.5586690536941692;0.9395694136093939
211;-0.7519475897931556;-0.5637251785020926;0.9591456370412156
212;-0.7455076690392088;-0.5693178807237436;1.038676918916818
213;-0.739205017432324;-0.5738366410573622;1.041449012892873
214;-0.7330833094635464;-0.5774634427298792;0.9702096455054251
215;-0.7271790407265508;-0.58243528487417;1.0232415794087726
216;-0.7215293472371255;-0.5863910052533907;1.0266242696049102
217;-0.7161728263082437;-0.5894287663614904;0.9802493627984953
218;-0.7111361735777499;-0.5933715230134619;1.0581479862125147
219;-0.7064460476603414;-0.5967377377032048;1.0368090359224955
220;-0.7021255367845332;-0.5996236933310171;1.04019281070116
221;-0.6982004902475821;-0.6014689542821401;0.9754779098526145
222;-0.6946789789733928;-0.6042441089798941;1.0710366274600027
223;-0.6915718302269609;-0.6063824352269499;1.0503863228279613
224;-0.6888932398102312;-0.6074454002008489;0.9997942352102198
225;-0.6866400390111345;-0.6090350989285318;1.0813633930212263
226;-0.6848128125478095;-0.6101771847828725;1.0604596012046557
227;-0.6834094477455159;-0.6107800617075978;1.0637224420006652
228;-0.6824252986037929;-0.6110565042585043;1.066922323505214
229;-0.6818527704726045;-0.6108729354506071;1.094121809071043
230;-0.6816831043539384;-0.6105161250915121;1.097654129274166
231;-0.6819157151690658;-0.6094662435911041;1.0126152588950856
232;-0.6825294003163043;-0.6088247310727545;1.1060880624494522
233;-0.6835225116567184;-0.607101967102608;0.9925149392957784
234;-0.6848684600576053;-0.6061435558796149;1.1112241677451942
235;-0.6865537033501733;-0.6044994338382621;1.086269191553768
236;-0.6885631227969887;-0.6024756624944926;1.0883989988982776
237;-0.6908810760166875;-0.6002181808555945;1.0903199709408251
238;-0.6934915181257919;-0.597740599815617;1.092015880111655
239;-0.6963892847228151;-0.5944225552652044;1.0141217075020768
240;-0.6995569917179593;-0.5915247942055802;1.0130043959971546
241;-0.7029654507414751;-0.5891229557074955;1.095490289585512
242;-0.7065985833675573;-0.5856964724698818;1.1346982191022075
243;-0.7104397528348464;-0.5825214622328038;1.0965966330612018
244;-0.7144725869381198;-0.5790120993787804;1.096640793604181
245;-0.718680796100848;-0.5753855372233356;1.0962547557546782
246;-0.723048379256795;-0.5716448791127963;1.0956585477478613
247;-0.7275596617579211;-0.5678029026241146;1.094844555876526
248;-0.73221471068417;-0.5628567651040588;0.95930579043664
249;-0.7369810887738473;-0.5598953462197089;1.0918692021114158
250;-0.7418441167757082;-0.5558383272407434;1.0900355622984728
251;-0.7467888378719544;-0.5516457438775972;1.1387382041360403
252;-0.7518181180365828;-0.5464633737097463;0.9374351379758264
253;-0.7569005825205666;-0.5432485288892472;1.1416954148015477
254;-0.7620213052992444;-0.5392902077456824;1.0788374028985395
255;-0.767167559330415;-0.5349110462509769;1.139364376970313
256;-0.7723243432602507;-0.5309639675856461;1.071404939062639
257;-0.7774777988397076;-0.5268210857684522;1.067335461217324
258;-0.7826147033824984;-0.5225161406021811;1.1338314445524407
259;-0.7877380141351912;-0.5172954586571417;0.8887945584059129
260;-0.7928137619133802;-0.5144510051500739;1.1289048789240312
261;-0.7978450880828217;-0.5092846661199613;0.8735208371969518
262;-0.8027962756331263;-0.5068363857194761;1.0432158452448455
263;-0.8076713231194953;-0.5015801023534108;0.8581677517578994
264;-0.8124335924196717;-0.4993769349703598;1.0324917165627614
265;-0.8170873309936907;-0.4942702476776531;0.843068676623567
266;-0.8216123589212319;-0.49105493949318213;0.8776326986266323
267;-0.8259752333134105;-0.48899944320777455;1.01615578868718
268;-0.8301808544204987;-0.48423689100344264;0.8216388032422125
269;-0.8341917905905744;-0.4827229280416117;1.0898184863136153
270;-0.8379966103079657;-0.47988620403669263;1.0003095153137256
271;-0.8415829577528455;-0.4771851834831863;0.9953363740756671
272;-0.8449381314202877;-0.47460716534487024;1.078376146971943
273;-0.8480741027012385;-0.470630613560491;0.7917906666743477
274;-0.8509780414894567;-0.46872802874947594;0.8298831579890097
275;-0.8536420993808602;-0.4667443341617008;0.8255184394332385
276;-0.8560445227314117;-0.46636811098959213;0.9737757705598667
277;-0.858182205705102;-0.46478413816643016;1.0616832613103342
278;-0.8600768600004778;-0.4617068464476267;0.7724758932144971
279;-0.8617290019172352;-0.4605215978098948;0.7700617894281205
280;-0.863124809038831;-0.4612396748637815;0.9620645009109542
281;-0.864288959970814;-0.45874608264057776;0.7667118763360196
282;-0.8652265620862424;-0.45841808400616535;0.8077873725805621
283;-0.8659345679456252;-0.4594158223897208;0.9569943872580943
284;-0.8664412696551168;-0.45750048538868776;0.765282870895686
285;-0.8667571889493791;-0.4576979951396302;0.8070985213674644
286;-0.8668861085074303;-0.4591644771268084;0.9551119762199579
287;-0.8668451597033933;-0.45943078944901006;1.0446974909864108
288;-0.866654567541205;-0.45967129811348095;1.054482046311614
289;-0.8663415799362814;-0.45892530134586357;0.8118944463184148
290;-0.8659145449120501;-0.46092121128706676;1.044436327185985
291;-0.8654001414879579;-0.46005561528907213;0.7765448382528952
292;-0.8648129477387219;-0.46089984834268194;0.779508383398346
293;-0.8641626309392442;-0.463374574838686;1.0461784674207513
294;-0.8634668445115788;-0.46435762676371967;1.0471605656303038
295;-0.8627416417048038;-0.46531467241638025;0.9658457400215039
296;-0.862001499913859;-0.4664102737885725;0.96823585721974
297;-0.8612593343121232;-0.466419668156662;0.8360710072812381
298;-0.8605265052503461;-0.46884087609452174;1.0528158412613788
299;-0.8598129893319761;-0.46994997537134564;0.976429044739935
300;-0.8591280361731539;-0.47118737341427475;0.979450592382348
301;-0.8584812085434079;-0.47255139299718185;1.0585721029967403
302;-0.8578779392430066;-0.4737068719320407;0.985843823006897
303;-0.8573238792887137;-0.47497788246207207;0.9891889303826825
304;-0.8568238198132043;-0.47625972734617095;0.9926462110392154
305;-0.8563750000214372;-0.47667019468543226;0.8705958920732491
306;-0.8559888920805597;-0.47888740291304854;1.0702418072726143
307;-0.8556579566261082;-0.4791617270281733;0.8438766940267035
308;-0.855392755115537;-0.48129280736989;1.0069215172076014
309;-0.8551959137875589;-0.4825228641874769;1.010595099461212
310;-0.8550700184893056;-0.4837307134107933;1.0142887350684966
311;-0.855017851321864;-0.4849185264845909;1.0179980811446632
312;-0.855042255939393;-0.4860700756203631;1.021702659742214
313;-0.8551379782099748;-0.48670208489664957;0.9070996111762026
314;-0.8553190056457719;-0.48831826072004125;1.0919204618331608
315;-0.8555793699951207;-0.4889199960693144;0.9158805972734827
316;-0.8559315202446133;-0.4903159191183858;1.0363942336904821
317;-0.8563718177815144;-0.49090202860216203;0.8899032898534709
318;-0.8569145906661679;-0.4921846784967581;1.1031247309041594
319;-0.8575627537054519;-0.49299472730793853;1.0470852742710213
320;-0.8583204513231659;-0.4937662438721027;1.0505131904352731
321;-0.8591912258591651;-0.4944648384693531;1.0539198124661475
322;-0.860173794895454;-0.4949492315112469;0.9442611625357855
323;-0.8612752458348253;-0.49564547461436204;1.0604184143348594
324;-0.8624966008181167;-0.4961183134184076;1.0635763178194804
325;-0.863835054173641;-0.49643377916979126;0.9549674030032111
326;-0.8652924188713986;-0.49681882037337094;1.1283666191516302
327;-0.8668638834591458;-0.4970049466216557;0.9615180902779867
328;-0.8685458089858045;-0.497164781412611;0.9646045592290162
329;-0.8703340277300875;-0.4972681177316265;1.0775085528291577
330;-0.8722211503834831;-0.4972585884766001;1.079860110627689
331;-0.87419775635133;-0.497161083953929;0.9396420213979896
332;-0.876254415289104;-0.4970131240335005;0.9422880959121744
333;-0.8783809095653082;-0.49680287402292106;1.1405483655881241
334;-0.880565692616621;-0.49652589293615723;1.0879548165783408
335;-0.8827967270284633;-0.4961948974024936;1.0895403385329017
336;-0.8850618053767936;-0.4958175203731809;1.0910505613559962
337;-0.8873488210079713;-0.4954002836929525;1.1444096562284762
338;-0.8896460507541454;-0.49494902084298475;1.0935393474333879
339;-0.8919423765543897;-0.4944718498592006;1.145464069259095
340;-0.8942275304780858;-0.493974583659133;0.9913459322761727
341;-0.8964921243526414;-0.4934614403470631;1.1425523203928665
342;-0.8987278788901197;-0.4929403038302741;1.0968450662969165
343;-0.9009276541813822;-0.4924159106070869;1.0973902563753462
344;-0.9030854996560784;-0.49189237429424876;0.9651621465095058
345;-0.9051963861314389;-0.4913745895339866;1.0982036069607286
346;-0.9072563181901884;-0.49086539636149534;1.098527698305446
347;-0.9092620982234031;-0.490368350116052;1.0987206240236684
348;-0.9112111603185178;-0.4898861265685326;1.0989276726657515
349;-0.9131013464222759;-0.4894214366603423;1.0990260542730133
350;-0.9149307644805031;-0.4889748400621091;1.1436236271680005
351;-0.916697490449657;-0.48855134991130184;1.00392493314039
352;-0.9183993586224123;-0.48815207160555063;1.0048891834618476
353;-0.9200337119880655;-0.4877816397647534;1.0992939806292152
354;-0.9215974753931172;-0.48743739543957687;1.0993624496901555
355;-0.9230869033431051;-0.4871244870551633;1.0993993842462788
356;-0.9244974939956416;-0.4868458052792345;1.099409618573378
357;-0.9258240174942141;-0.4866033937851006;1.0994864114310863
358;-0.9270604720960608;-0.4863966778684756;0.9827213887425846
359;-0.9282000345543575;-0.48624055854545306;1.1360877893394026
360;-0.9292352299409097;-0.4861326495382252;1.099659982554297
361;-0.9301579866855592;-0.4860691162035038;1.1372437219052174
362;-0.9309597242998074;-0.48606332457792434;0.9880217953288647
363;-0.9316315902791368;-0.4861201173062638;1.13411951070896
364;-0.9321645446818044;-0.48623972864418785;1.1001547601292958
365;-0.9325493474854011;-0.48642500532470595;1.10031145822849
366;-0.9327767915696665;-0.486681616115347;1.1004854031186424
367;-0.9328377657777058;-0.4870153938467696;1.1006500728380806
368;-0.9327233477248392;-0.4874257591616944;1.1337110639500736
369;-0.9324251866225097;-0.48791952898299346;1.133284921444272
370;-0.9319356160552361;-0.48849673856680437;1.10133970859437
371;-0.931247304728595;-0.48916207356200825;1.1016098597246344
372;-0.9303533313505947;-0.48992145683825483;1.0266035480069027
373;-0.9292478166283178;-0.4907671199546839;1.1304857762817375
374;-0.9279253368353799;-0.4917146043028169;1.005066569486069
375;-0.926381616651925;-0.49274392745915907;1.1313244029602094
376;-0.9246133323460385;-0.49385688601359284;1.1033252849383024
377;-0.9226175254149191;-0.4950762065461788;1.1037371848246615
378;-0.9203920401303348;-0.4963881564104544;1.1041755164150078
379;-0.9179354270844169;-0.4977973975817133;1.1046162260960783
380;-0.9152469044557453;-0.4993147647062239;1.013502163723046
381;-0.9123269492024221;-0.500883882844728;1.1298487276021463
382;-0.9091765686055573;-0.5025638260763383;1.0161767954332648
383;-0.9057977789699856;-0.5042760556094734;1.1067793132228527
384;-0.9021927654436247;-0.5061227689019892;1.130348974038448
385;-0.8983646901037273;-0.5079979540630752;1.108015105316773
386;-0.8943170338110624;-0.5099732506302443;1.1086470010015286
387;-0.8900540554359794;-0.5120284758712654;1.1318870302173318
388;-0.8855805385464481;-0.5140889227481504;1.1100672796584747
389;-0.8809016992581307;-0.5162349723323116;1.1108006072436678
390;-0.8760237148837773;-0.5184677393694022;1.0256067718583604
391;-0.8709525407299541;-0.5206762694477152;1.1123031781689332
392;-0.8656953581244639;-0.5229666272148357;1.133914255598977
393;-0.8602598747701284;-0.525269165744588;1.0499395101204096
394;-0.8546537740079313;-0.5275760080972216;1.114771221609991
395;-0.8488867350747651;-0.5299514200203364;1.0299799823833242
396;-0.8429683703966837;-0.5323036489320712;1.137197165653536
397;-0.8369088037533791;-0.5346382487511089;1.1173228575432945
398;-0.8307205390354209;-0.5370059641442604;1.0536317012453698
399;-0.8244167634846402;-0.5393493409176079;1.1395442850129767
400;-0.8180123811406292;-0.54166921117983;1.032664121525357
401;-0.8115235657217879;-0.5439556788950421;1.0329508582642242
402;-0.8049674135433288;-0.5461945190942962;1.1216120542728503
403;-0.7983645917001433;-0.5483989979061643;1.1439022187135404
404;-0.7917360169559493;-0.550531225323103;1.123248793569649
405;-0.7851061531150525;-0.5525948338693244;1.146111245046315
406;-0.7785004420469179;-0.554570859977761;1.147247027273632
407;-0.7719460666587022;-0.556448632608214;1.1483974534750736
408;-0.7654716976288776;-0.5582162501895139;1.1490905311645412
409;-0.7591074212828877;-0.5598559577166677;1.1507202690743068
410;-0.7528838136737237;-0.5613717495277023;1.1272770856203798
411;-0.7468327996024332;-0.5627072157580061;1.153029083662285
412;-0.7409857456312638;-0.5639069715138301;1.1280346994271488
413;-0.7353736891973734;-0.5649098821627994;1.128355009790759
414;-0.7300264979231923;-0.5657241124684335;1.024793793568527
415;-0.7249739012812763;-0.5663102061476195;1.1573399297825655
416;-0.7202434657290195;-0.5667039334038634;1.1572142255214102
417;-0.7158609978851247;-0.5669027447444772;1.0180862064942642
418;-0.7118519853360179;-0.5668433129429202;1.015257967474704
419;-0.7082413573036819;-0.5665228329711631;1.126862728480326
420;-0.7050541667099236;-0.5659613661389544;1.1612354957104074
421;-0.7023166385339128;-0.5651624557048085;1.1616808136406298
422;-0.7000569523961637;-0.5641161209129751;1.1233747340638431
423;-0.6983070578895427;-0.5627809506364202;1.1621206224501048
424;-0.6971019200809202;-0.5611860002037872;1.1196704782620481
425;-0.6964806109279368;-0.5593063073408127;1.117466078181387
426;-0.6964854245573714;-0.5571238658773287;1.1149089033478747
427;-0.6971606659431118;-0.5546256880737936;1.112006306014645
428;-0.6985517209742338;-0.5518381356725072;1.0006813744240817
429;-0.7006998193184848;-0.5486622170599682;1.1054713861264418
430;-0.703642006813691;-0.5451557345806833;1.1537419117085312
431;-0.7074078099497335;-0.5413045640417451;1.1519944085223928
432;-0.7120162798874548;-0.5370983518022074;1.150049814715501
433;-0.717474164157638;-0.5325411851616099;1.089402117373113
434;-0.7237719405053399;-0.5276438404482992;1.1456454075029008
435;-0.7308854084783329;-0.5224185223345298;1.080504616912896
436;-0.7387745144390546;-0.5168802322937154;0.94709683758779
437;-0.7473812751004859;-0.5110957126251927;0.9019954193761303
438;-0.7566298095451358;-0.5051412024036914;1.0672893254935123
439;-0.7664357235892107;-0.49893313046011756;0.8894196495425255
440;-0.7767000624747079;-0.4926610024530877;0.8839391324257146
441;-0.7873106903518339;-0.48642755166699914;1.0557081971890465
442;-0.7981554564599118;-0.48004633753610515;0.9148823107842485
443;-0.809111765892924;-0.4739675628732854;1.1304252949720943
444;-0.82006109138991;-0.4677566823325595;0.9090712337356558
445;-0.8308846503519076;-0.4618770944670095;0.8674414835567553
446;-0.8414587310043395;-0.4564784153417756;1.043774004799622
447;-0.8516719161072249;-0.45124562576968;1.0427550276739712
448;-0.8614286447077235;-0.44618496512967465;0.9067484307743603
449;-0.870630741987499;-0.44198075747918597;1.114043452146057
450;-0.8791920055355245;-0.43803771731923763;1.0424654531550634
451;-0.8870403345321742;-0.43461881158546867;1.0432343314723487
452;-0.8941301091308403;-0.431386705105664;0.916056075319046
453;-0.9003999676092532;-0.429394438194467;1.045875558908784
454;-0.9058127395751201;-0.42763481569122946;1.047676863293327
455;-0.9103416600986197;-0.4264610282087363;1.0497448258578501
456;-0.9139843955959831;-0.4256397115286124;1.1128138671257588
457;-0.9167191622555314;-0.42587366260114423;1.054514984361525
458;-0.9185917400108682;-0.4255228011417792;0.9103650481317817
459;-0.9196065247891767;-0.4268162170571032;0.9497061058816714
460;-0.9197491049607415;-0.4292498465270437;1.062661878705494
461;-0.9190467079118795;-0.4314547644391047;1.0654985310297311
462;-0.9175345034448656;-0.43417406269175446;1.068344012182205
463;-0.9152553737756404;-0.4373793584205514;1.0711719963355526
464;-0.9123196930335296;-0.4395988375502678;1.122706843159721
465;-0.9087817347524973;-0.4436304562013062;0.9818139457219148
466;-0.904644929041452;-0.4494509994087649;1.0793365076908397
467;-0.9000743302517986;-0.4515593003395242;0.9628730027934902
468;-0.8951237759017706;-0.45656364929489895;1.1257996811390987
469;-0.8898466395587579;-0.4618792376135531;1.123975691308097
470;-0.8843313813345757;-0.4662507047238986;1.1273051238553597
471;-0.8786610948755845;-0.47111004070981666;0.9810329084102214
472;-0.8727863321583075;-0.480032974029852;1.0930046363465644
473;-0.8667727682581972;-0.4852920681130839;1.0947901238597764
474;-0.8606774375029145;-0.4906661429126743;1.0965718987818536
475;-0.8546682169848313;-0.4913073906809098;0.9950406113967578
476;-0.8487758850061031;-0.49554387421433765;1.1310210662399853
477;-0.8429106467730662;-0.5057768082984149;1.1009644144544364
478;-0.8370984649106812;-0.5104436411514046;1.1021834087228848
479;-0.8313561265145156;-0.5149112582618224;1.1032870659468679
480;-0.8256918129158866;-0.5191638411223176;1.1042812773190562
481;-0.820106013472221;-0.5231920800075782;1.1051730204363677
482;-0.8146956131597265;-0.5212982803750033;1.0112315417551752
483;-0.8093432141749174;-0.530524638200558;1.1066835366249999
484;-0.8040355540543846;-0.5337294325992992;1.107220911800103
485;-0.7988046008112123;-0.5338352764545808;1.0391470580620903
486;-0.7935873139652531;-0.5397094756758065;1.108318777767363
487;-0.7884512194715616;-0.5366724782253927;1.018938380994918
488;-0.7833388186592262;-0.5421375329446995;1.0428918272593564
489;-0.7783248178761621;-0.5390030884837902;1.132251499796558
490;-0.7732829499203631;-0.549292373643933;1.1102341833600655
491;-0.7683380212103683;-0.542651054541118;1.1322393693018427
492;-0.7633739414193171;-0.5532092505626611;1.1114500639893625
493;-0.7584137911962547;-0.5547742626867321;1.1119592200609523
494;-0.7535420152277299;-0.5510300460706894;1.0302972502867553
495;-0.7487420749306715;-0.5577242747377895;1.1135069004076121
496;-0.7440517000169855;-0.5591053239615041;1.1145872301911712
497;-0.7396601458645751;-0.548712193841841;1.1332894617120965
498;-0.7354559709987849;-0.5611407253625693;1.1168515577633826
499;-0.7315489448019639;-0.5563019889766664;1.0428595931102855
500;-0.7279970420728379;-0.5567142103878907;1.0460207095693188
501;-0.7247827300953641;-0.5626690429313271;1.1212504164684751
502;-0.7220946942722954;-0.5503149212648064;1.1354483599839813
503;-0.7199305317185879;-0.5518009229447826;1.1366520171616852
504;-0.7157119650030266;-0.5513528418086956;0.733583153865913
505;-0.716266765259411;-0.5469513768410971;0.41819743530475806
506;-0.7171619592541594;-0.5466964297890597;0.4088928841500218
507;-0.7184978623655147;-0.5515533031453836;0.3165286367601433
508;-0.7202500066412008;-0.546535704330172;0.6155472318446498
509;-0.7224685167450792;-0.5425129831078759;0.6764638097934004
510;-0.7250300455220338;-0.550080300043703;0.3020703143934145
511;-0.7278562638710544;-0.5358834282359924;0.30146392551675816
512;-0.7310955336434677;-0.5405665722052838;0.656944868929515
513;-0.7344080910539916;-0.5375026325780711;0.3705409937711478
514;-0.7377993228855044;-0.5351180935998534;0.37070194098549214
515;-0.741286539491519;-0.5347664179351618;0.37360544584046185
516;-0.7448985447735444;-0.5296478820073898;0.3784671666628173
517;-0.748832903042612;-0.5333343309955954;0.3175186195600588
518;-0.7529630182712932;-0.516590040165448;0.3947557271125939
519;-0.757755543142445;-0.5253471048175467;0.6821032928463094
520;-0.7632047064716961;-0.5094886227190417;0.6939030599527987
521;-0.7689452839737269;-0.5259550144922126;0.3574625326604197
522;-0.7753420446614281;-0.5036062010668085;0.7220309055880398
523;-0.7819905249323695;-0.4925435827527155;0.38339228231223554
524;-0.8044085966830794;-0.48794958031646674;0.6973674435100907
525;-0.827634740917133;-0.511184865119399;0.41437361034762776
526;-0.8539510145226696;-0.5007923791545714;0.7598561504590347
527;-0.8777281372740866;-0.5054371320589285;0.45201737699569566
528;-0.8999380515652071;-0.4853696847866811;0.804156925316566
529;-0.9196912201277377;-0.5015810556985705;0.5843798247404917
530;-0.9378593353313854;-0.48422086902166783;0.8087482919978255
531;-0.9542111655777725;-0.48836225900984587;0.8628399711791526
532;-0.9682726839969411;-0.4903210474043737;0.5866383435879576
533;-0.9794693993965655;-0.478070217378077;0.7745347219470582
534;-0.9868502977126208;-0.48427136499719936;0.5870418020130095
535;-0.9900494055179876;-0.4951600218875545;0.5370060025174022
536;-0.9898631814804177;-0.49308325512049633;0.5477990872470073
537;-0.9882111985179123;-0.49698043716377827;0.5542294471231488
538;-0.9870144743401555;-0.5024436375941981;0.5881906483846887
539;-0.9875885927226493;-0.499359178332027;0.5854014977151618
540;-0.9897108683749818;-0.5029858410594766;0.5824636461720248
541;-0.9927643379333027;-0.5007558002968484;0.5801868270859796
542;-0.9957709925577053;-0.4999343800891084;0.5670137988404734
543;-0.9978232374946759;-0.5006042151971759;0.5766885888604849
544;-0.9985149053146318;-0.5002187264980158;0.5684430064899813
545;-0.9979486877489232;-0.5005429468516327;0.5640175111710275
546;-0.9966681460743171;-0.5013690102232463;0.5711396171297254
547;-0.9953957650882689;-0.5018337124360228;0.5624024280924782
548;-0.9947125485676406;-0.5020931587933477;0.563824374865544
549;-0.9948518269435297;-0.5019298442588732;0.5595083676328669
550;-0.9957078147106291;-0.5015074686175881;0.6482562741101114
551;-0.9969450219265945;-0.5009512146264272;0.5514774513736769
552;-0.9981482309298894;-0.5004659891231017;0.6744892318178166
553;-0.9989748749457253;-0.5001291394855518;0.5582678276361484
554;-0.9992293452304337;-0.5001355375543133;0.5576147584285429
555;-0.9989284340325316;-0.5001669310891836;0.542159900562059
556;-0.9982444629857987;-0.5003153833089802;0.6605021958295075
557;-0.9974568082632801;-0.5008725069593862;0.5568639382852025
558;-0.9968450927347383;-0.5011194987769467;0.5381941667271419
559;-0.9965776024964941;-0.5010925087571754;0.5368984567633348
560;-0.996686056856343;-0.5009831878406499;0.5356587290208192
561;-0.997051638622225;-0.5003271424526421;0.6454584721716143
562;-0.9975502416571154;-0.5003545672807723;0.5336217003120903
563;-0.9980274320099407;-0.500236465168227;0.6403560827974468
564;-0.998359430694496;-0.500293719707534;0.5495726520568869
565;-0.998474146845769;-0.5004667901036806;0.5321376681485683
566;-0.9983895991552201;-0.5002148651775663;0.5319735909133887
567;-0.9981761917154124;-0.5006237593255967;0.5318860374650759
