0;-0.6101481450618516;-0.4449286568070377;1.6430946289237847
1;-0.6101481450618516;-0.4449286568070377;1.6430946289237847
2;-0.6101481450618516;-0.4449286568070377;1.6430946289237847
3;-0.6101481450618516;-0.4449286568070377;1.6430946289237847
4;-0.6101481450618516;-0.4449286568070377;1.6430946289237847
5;-0.6101481450618516;-0.4449286568070377;1.6430946289237847
6;-0.6101481450618516;-0.4449286568070377;1.6430946289237847
7;-0.6101481450618516;-0.4449286568070377;1.6430946289237847
8;-0.6101481450618516;-0.4449286568070377;1.6430946289237847
9;-0.6101481450618516;-0.4449286568070377;1.6430946289237847
10;-0.6101481450618516;-0.4449286568070377;1.6430946289237847
11;-0.6101481450618516;-0.4449286568070377;1.6430946289237847
12;-0.6101481450618516;-0.4449286568070377;1.6430946289237847
13;-0.6101481450618516;-0.4449286568070377;1.6430946289237847
14;-0.6101481450618516;-0.4449286568070377;1.6430946289237847
15;-0.6101481450618516;-0.4449286568070377;1.6430946289237847
16;-0.6101481450618516;-0.4449286568070377;1.6430946289237847
17;-0.6101481450618516;-0.4449286568070377;1.6430946289237847
18;-0.6101481450618516;-0.4449286568070377;1.6430946289237847
19;-0.6101481450618516;-0.4449286568070377;1.6430946289237847
20;-0.6101481450618516;-0.4449286568070377;1.6430946289237847
21;-0.6101481450618516;-0.4449286568070377;1.6430946289237847
22;-0.6101481450618516;-0.4449286568070377;1.6430946289237847
23;-0.6101481450618516;-0.4449286568070377;1.6430946289237847
24;-0.6101481450618516;-0.4449286568070377;1.6430946289237847
25;-0.6101481450618516;-0.4449286568070377;1.6430946289237847
26;-0.6101481450618516;-0.4449286568070377;1.6430946289237847
27;-0.6101481450618516;-0.4449286568070377;1.6430946289237847
28;-0.6101481450618516;-0.4449286568070377;1.6430946289237847
29;-0.6101481450618516;-0.4449286568070377;1.6430946289237847
30;-0.6101481450618516;-0.4449286568070377;1.6430946289237847
31;-0.6101481450618516;-0.4449286568070377;1.6430946289237847
32;-0.6101481450618516;-0.4449286568070377;1.6430946289237847
33;-0.6101481450618516;-0.4449286568070377;1.6430946289237847
34;-0.6101481450618516;-0.4449286568070377;1.6430946289237847
35;-0.6101481450618516;-0.4449286568070377;1.6430946289237847
36;-0.6101481450618516;-0.4449286568070377;1.6430946289237847
37;-0.6101481450618516;-0.4449286568070377;1.6430946289237847
38;-0.6101481450618516;-0.4449286568070377;1.6430946289237847
39;-0.6101481450618516;-0.4449286568070377;1.6430946289237847
40;-0.6101481450618516;-0.4449286568070377;1.6430946289237847
41;-0.6101481450618516;-0.4449286568070377;1.6430946289237847
42;-0.6101481450618516;-0.4449286568070377;1.6430946289237847
43;-0.6101481450618516;-0.4449286568070377;1.6430946289237847
44;-0.6101481450618516;-0.4449286568070377;1.6430946289237847
45;-0.6101481450618516;-0.4449286568070377;1.6430946289237847
46;-0.6101481450618516;-0.4449286568070377;1.6430946289237847
47;-0.6101481450618516;-0.4449286568070377;1.6430946289237847
48;-0.6101481450618516;-0.4449286568070377;1.6430946289237847
49;-0.6101481450618516;-0.4449286568070377;1.6430946289237847
50;-0.6101481450618516;-0.4449286568070377;1.6430946289237847
51;-0.6101481450618516;-0.4449286568070377;1.6430946289237847
52;-0.6101481450618516;-0.4449286568070377;1.6430946289237847
53;-0.6101481450618516;-0.4449286568070377;1.6430946289237847
54;-0.6101481450618516;-0.4449286568070377;1.6430946289237847
55;-0.6101481450618516;-0.4449286568070377;1.6430946289237847
56;-0.6101481450618516;-0.4449286568070377;1.6430946289237847
57;-0.6101481450618516;-0.4449286568070377;1.6430946289237847
58;-0.6101481450618516;-0.4449286568070377;1.6430946289237847
59;-0.6101481450618516;-0.4449286568070377;1.6430946289237847
60;-0.6101481450618516;-0.4449286568070377;1.6430946289237847
61;-0.6101481450618516;-0.4449286568070377;1.6430946289237847
62;-0.6101481450618516;-0.4449286568070377;1.6430946289237847
63;-0.6101481450618516;-0.4449286568070377;1.6430946289237847
64;-0.6101481450618516;-0.4449286568070377;1.6430946289237847
65;-0.6101481450618516;-0.4449286568070377;1.6430946289237847
66;-0.6101481450618516;-0.4449286568070377;1.6430946289237847
67;-0.6101481450618516;-0.4449286568070377;1.6430946289237847
68;-0.6101481450618516;-0.4449286568070377;1.6430946289237847
69;-0.6101481450618516;-0.4449286568070377;1.6430946289237847
70;-0.6101481450618516;-0.4449286568070377;1.6430946289237847
71;-0.6101481450618516;-0.4449286568070377;1.6430946289237847
72;-0.6101481450618516;-0.4449286568070377;1.6430946289237847
73;-0.6101481450618516;-0.4449286568070377;1.6430946289237847
74;-0.6101481450618516;-0.4449286568070377;1.6430946289237847
75;-0.6101481450618516;-0.4449286568070377;1.6430946289237847
76;-0.6101481450618516;-0.4449286568070377;1.6430946289237847
77;-0.6101481450618516;-0.4449286568070377;1.6430946289237847
78;-0.6101481450618516;-0.4449286568070377;1.6430946289237847
79;-0.6101481450618516;-0.4449286568070377;1.6430946289237847
80;-0.6101481450618516;-0.4449286568070377;1.6430946289237847
81;-0.6101481450618516;-0.4449286568070377;1.6430946289237847
82;-0.6101481450618516;-0.4449286568070377;1.6430946289237847
83;-0.6101481450618516;-0.4449286568070377;1.6430946289237847
84;-0.6101481450618516;-0.4449286568070377;1.6430946289237847
85;-0.6101481450618516;-0.4449286568070377;1.6430946289237847
86;-0.6101481450618516;-0.4449286568070377;1.6430946289237847
87;-0.6101481450618516;-0.4449286568070377;1.6430946289237847
88;-0.6101481450618516;-0.4449286568070377;1.6430946289237847
89;-0.6101481450618516;-0.4449286568070377;1.6430946289237847
90;-0.6101481450618516;-0.4449286568070377;1.6430946289237847
91;-0.6101481450618516;-0.4449286568070377;1.6430946289237847
92;-0.6101481450618516;-0.4449286568070377;1.6430946289237847
93;-0.6101481450618516;-0.4449286568070377;1.6430946289237847
94;-0.6101481450618516;-0.4449286568070377;1.6430946289237847
95;-0.6101481450618516;-0.4449286568070377;1.6430946289237847
96;-0.6101481450618516;-0.4449286568070377;1.6430946289237847
97;-0.6101481450618516;-0.4449286568070377;1.6430946289237847
98;-0.6101481450618516;-0.4449286568070377;1.6430946289237847
99;-0.6101481450618516;-0.4449286568070377;1.6430946289237847
100;-0.6101481450618516;-0.4449286568070377;1.6430946289237847
101;-0.6101481450618516;-0.4449286568070377;1.6430946289237847
102;-0.6101481450618516;-0.4449286568070377;1.6430946289237847
103;-0.6101481450618516;-0.4449286568070377;1.6430946289237847
104;-0.6101481450618516;-0.4449286568070377;1.6430946289237847
105;-0.6101481450618516;-0.4449286568070377;1.6430946289237847
106;-0.6101481450618516;-0.4449286568070377;1.6430946289237847
107;-0.6101481450618516;-0.4449286568070377;1.6430946289237847
108;-0.6101481450618516;-0.4449286568070377;1.6430946289237847
109;-0.6101481450618516;-0.4449286568070377;1.6430946289237847
110;-0.6101481450618516;-0.4449286568070377;1.6430946289237847
111;-0.6101481450618516;-0.4449286568070377;1.6430946289237847
112;-0.6101481450618516;-0.4449286568070377;1.6430946289237847
113;-0.6101481450618516;-0.4449286568070377;1.6430946289237847
114;-0.6101481450618516;-0.4449286568070377;1.6430946289237847
115;-0.6101481450618516;-0.4449286568070377;1.6430946289237847
116;-0.6101481450618516;-0.4449286568070377;1.6430946289237847
117;-0.6101481450618516;-0.4449286568070377;1.6430946289237847
118;-0.6101481450618516;-0.4449286568070377;1.6430946289237847
119;-0.6101481450618516;-0.4449286568070377;1.6430946289237847
120;-0.6101481450618516;-0.4449286568070377;1.6430946289237847
121;-0.6101481450618516;-0.4449286568070377;1.6430946289237847
122;-0.6101481450618516;-0.4449286568070377;1.6430946289237847
123;-0.6101481450618516;-0.4449286568070377;1.6430946289237847
124;-0.6101481450618516;-0.4449286568070377;1.6430946289237847
125;-0.6101481450618516;-0.4449286568070377;1.6430946289237847
126;-0.6101481450618516;-0.4449286568070377;1.6430946289237847
127;-0.6101481450618516;-0.4449286568070377;1.6430946289237847
128;-0.6101481450618516;-0.4449286568070377;1.6430946289237847
129;-0.6101481450618516;-0.4449286568070377;1.6430946289237847
130;-0.6101481450618516;-0.4449286568070377;1.6430946289237847
131;-0.6101481450618516;-0.4449286568070377;1.6430946289237847
132;-0.6101481450618516;-0.4449286568070377;1.6430946289237847
133;-0.6101481450618516;-0.4449286568070377;1.6430946289237847
134;-0.6101481450618516;-0.4449286568070377;1.6430946289237847
135;-0.6101481450618516;-0.4449286568070377;1.6430946289237847
136;-0.6101481450618516;-0.4449286568070377;1.6430946289237847
137;-0.6101481450618516;-0.4449286568070377;1.6430946289237847
138;-0.6101481450618516;-0.4449286568070377;1.6430946289237847
139;-0.6101481450618516;-0.4449286568070377;1.6430946289237847
140;-0.6101481450618516;-0.4449286568070377;1.6430946289237847
141;-0.6101481450618516;-0.4449286568070377;1.6430946289237847
142;-0.6101481450618516;-0.4449286568070377;1.6430946289237847
143;-0.6101481450618516;-0.4449286568070377;1.6430946289237847
144;-0.6101481450618516;-0.4449286568070377;1.6430946289237847
145;-0.6101481450618516;-0.4449286568070377;1.6430946289237847
146;-0.6101481450618516;-0.4449286568070377;1.6430946289237847
147;-0.6101481450618516;-0.4449286568070377;1.6430946289237847
148;-0.6101481450618516;-0.4449286568070377;1.6430946289237847
149;-0.6101481450618516;-0.4449286568070377;1.6430946289237847
150;-0.6101481450618516;-0.4449286568070377;1.6430946289237847
151;-0.6101481450618516;-0.4449286568070377;1.6430946289237847
152;-0.6101481450618516;-0.4449286568070377;1.6430946289237847
153;-0.6101481450618516;-0.4449286568070377;1.6430946289237847
154;-0.6101481450618516;-0.4449286568070377;1.6430946289237847
155;-0.6101481450618516;-0.4449286568070377;1.6430946289237847
156;-0.6101481450618516;-0.4449286568070377;1.6430946289237847
157;-0.6101481450618516;-0.4449286568070377;1.6430946289237847
158;-0.6101481450618516;-0.4449286568070377;1.6430946289237847
159;-0.6101481450618516;-0.4449286568070377;1.6430946289237847
160;-0.6101481450618516;-0.4449286568070377;1.6430946289237847
161;-0.6101481450618516;-0.4449286568070377;1.6430946289237847
162;-0.6101481450618516;-0.4449286568070377;1.6430946289237847
163;-0.6101481450618516;-0.4449286568070377;1.6430946289237847
164;-0.6101481450618516;-0.4449286568070377;1.6430946289237847
165;-0.6101481450618516;-0.4449286568070377;1.6430946289237847
166;-0.6101481450618516;-0.4449286568070377;1.6430946289237847
167;-0.6101481450618516;-0.4449286568070377;1.6430946289237847
168;-0.6101481450618516;-0.4449286568070377;1.6430946289237847
169;-0.6101481450618516;-0.4449286568070377;1.6430946289237847
170;-0.6101481450618516;-0.4449286568070377;1.6430946289237847
171;-0.6101481450618516;-0.4449286568070377;1.6430946289237847
172;-0.6101481450618516;-0.4449286568070377;1.6430946289237847
173;-0.6101481450618516;-0.4449286568070377;1.6430946289237847
174;-0.6101481450618516;-0.4449286568070377;1.6430946289237847
175;-0.6101481450618516;-0.4449286568070377;1.6430946289237847
176;-0.6101481450618516;-0.4449286568070377;1.6430946289237847
177;-0.6101481450618516;-0.4449286568070377;1.6430946289237847
178;-0.6101481450618516;-0.4449286568070377;1.6430946289237847
179;-0.6101481450618516;-0.4449286568070377;1.6430946289237847
180;-0.6101481450618516;-0.4449286568070377;1.6430946289237847
181;-0.6101481450618516;-0.4449286568070377;1.6430946289237847
182;-0.6101481450618516;-0.4449286568070377;1.6430946289237847
183;-0.6101481450618516;-0.4449286568070377;1.6430946289237847
184;-0.6101481450618516;-0.4449286568070377;1.6430946289237847
185;-0.6101481450618516;-0.4449286568070377;1.6430946289237847
186;-0.6101481450618516;-0.4449286568070377;1.6430946289237847
187;-0.6101481450618516;-0.4449286568070377;1.6430946289237847
188;-0.6101481450618516;-0.4449286568070377;1.6430946289237847
189;-0.6101481450618516;-0.4449286568070377;1.6430946289237847
190;-0.6101481450618516;-0.4449286568070377;1.6430946289237847
191;-0.6101481450618516;-0.4449286568070377;1.6430946289237847
192;-0.6101481450618516;-0.4449286568070377;1.6430946289237847
193;-0.6101481450618516;-0.4449286568070377;1.6430946289237847
194;-0.6101481450618516;-0.4449286568070377;1.6430946289237847
195;-0.6101481450618516;-0.4449286568070377;1.6430946289237847
196;-0.6101481450618516;-0.4449286568070377;1.6430946289237847
197;-0.6101481450618516;-0.4449286568070377;1.6430946289237847
198;-0.6101481450618516;-0.4449286568070377;1.6430946289237847
199;-0.6101481450618516;-0.4449286568070377;1.6430946289237847
200;-0.6101481450618516;-0.4449286568070377;1.6430946289237847
201;-0.6101481450618516;-0.4449286568070377;1.6430946289237847
202;-0.6101481450618516;-0.4449286568070377;1.6430946289237847
203;-0.6101481450618516;-0.4449286568070377;1.6430946289237847
204;-0.6101481450618516;-0.4449286568070377;1.6430946289237847
205;-0.6101481450618516;-0.4449286568070377;1.6430946289237847
206;-0.6101481450618516;-0.4449286568070377;1.6430946289237847
207;-0.6101481450618516;-0.4449286568070377;1.6430946289237847
208;-0.6101481450618516;-0.4449286568070377;1.6430946289237847
209;-0.6101481450618516;-0.4449286568070377;1.6430946289237847
210;-0.6101481450618516;-0.4449286568070377;1.6430946289237847
211;-0.6101481450618516;-0.4449286568070377;1.6430946289237847
212;-0.6101481450618516;-0.4449286568070377;1.6430946289237847
213;-0.6101481450618516;-0.4449286568070377;1.6430946289237847
214;-0.6101481450618516;-0.4449286568070377;1.6430946289237847
215;-0.6101481450618516;-0.4449286568070377;1.6430946289237847
216;-0.6101481450618516;-0.4449286568070377;1.6430946289237847
217;-0.6101481450618516;-0.4449286568070377;1.6430946289237847
218;-0.6101481450618516;-0.4449286568070377;1.6430946289237847
219;-0.6101481450618516;-0.4449286568070377;1.6430946289237847
220;-0.6101481450618516;-0.4449286568070377;1.6430946289237847
221;-0.6101481450618516;-0.4449286568070377;1.6430946289237847
222;-0.6101481450618516;-0.4449286568070377;1.6430946289237847
223;-0.6101481450618516;-0.4449286568070377;1.6430946289237847
224;-0.6101481450618516;-0.4449286568070377;1.6430946289237847
225;-0.6101481450618516;-0.4449286568070377;1.6430946289237847
226;-0.6101481450618516;-0.4449286568070377;1.6430946289237847
227;-0.6101481450618516;-0.4449286568070377;1.6430946289237847
228;-0.6101481450618516;-0.4449286568070377;1.6430946289237847
229;-0.6101481450618516;-0.4449286568070377;1.6430946289237847
230;-0.6101481450618516;-0.4449286568070377;1.6430946289237847
231;-0.6101481450618516;-0.4449286568070377;1.6430946289237847
232;-0.6101481450618516;-0.4449286568070377;1.6430946289237847
233;-0.6101481450618516;-0.4449286568070377;1.6430946289237847
234;-0.6101481450618516;-0.4449286568070377;1.6430946289237847
235;-0.6101481450618516;-0.4449286568070377;1.6430946289237847
236;-0.6101481450618516;-0.4449286568070377;1.6430946289237847
237;-0.6101481450618516;-0.4449286568070377;1.6430946289237847
238;-0.6101481450618516;-0.4449286568070377;1.6430946289237847
239;-0.6101481450618516;-0.4449286568070377;1.6430946289237847
240;-0.6101481450618516;-0.4449286568070377;1.6430946289237847
241;-0.6101481450618516;-0.4449286568070377;1.6430946289237847
242;-0.6101481450618516;-0.4449286568070377;1.6430946289237847
243;-0.6101481450618516;-0.4449286568070377;1.6430946289237847
244;-0.6101481450618516;-0.4449286568070377;1.6430946289237847
245;-0.6101481450618516;-0.4449286568070377;1.6430946289237847
246;-0.6101481450618516;-0.4449286568070377;1.6430946289237847
247;-0.6101481450618516;-0.4449286568070377;1.6430946289237847
248;-0.6101481450618516;-0.4449286568070377;1.6430946289237847
249;-0.6101481450618516;-0.4449286568070377;1.6430946289237847
250;-0.6101481450618516;-0.4449286568070377;1.6430946289237847
251;-0.6101481450618516;-0.4449286568070377;1.6430946289237847
252;-0.6101481450618516;-0.4449286568070377;1.6430946289237847
253;-0.6101481450618516;-0.4449286568070377;1.6430946289237847
254;-0.6101481450618516;-0.4449286568070377;1.6430946289237847
255;-0.6101481450618516;-0.4449286568070377;1.6430946289237847
256;-0.6101481450618516;-0.4449286568070377;1.6430946289237847
257;-0.6101481450618516;-0.4449286568070377;1.6430946289237847
258;-0.6101481450618516;-0.4449286568070377;1.6430946289237847
259;-0.6101481450618516;-0.4449286568070377;1.6430946289237847
260;-0.6101481450618516;-0.4449286568070377;1.6430946289237847
261;-0.6101481450618516;-0.4449286568070377;1.6430946289237847
262;-0.6101481450618516;-0.4449286568070377;1.6430946289237847
263;-0.6101481450618516;-0.4449286568070377;1.6430946289237847
264;-0.6101481450618516;-0.4449286568070377;1.6430946289237847
265;-0.6101481450618516;-0.4449286568070377;1.6430946289237847
266;-0.6101481450618516;-0.4449286568070377;1.6430946289237847
267;-0.6101481450618516;-0.4449286568070377;1.6430946289237847
268;-0.6101481450618516;-0.4449286568070377;1.6430946289237847
269;-0.6101481450618516;-0.4449286568070377;1.6430946289237847
270;-0.6101481450618516;-0.4449286568070377;1.6430946289237847
271;-0.6101481450618516;-0.4449286568070377;1.6430946289237847
272;-0.6101481450618516;-0.4449286568070377;1.6430946289237847
273;-0.6101481450618516;-0.4449286568070377;1.6430946289237847
274;-0.6101481450618516;-0.4449286568070377;1.6430946289237847
275;-0.6101481450618516;-0.4449286568070377;1.6430946289237847
276;-0.6101481450618516;-0.4449286568070377;1.6430946289237847
277;-0.6101481450618516;-0.4449286568070377;1.6430946289237847
278;-0.6101481450618516;-0.4449286568070377;1.6430946289237847
279;-0.6101481450618516;-0.4449286568070377;1.6430946289237847
280;-0.6101481450618516;-0.4449286568070377;1.6430946289237847
281;-0.6101481450618516;-0.4449286568070377;1.6430946289237847
282;-0.6101481450618516;-0.4449286568070377;1.6430946289237847
283;-0.6101481450618516;-0.4449286568070377;1.6430946289237847
284;-0.6101481450618516;-0.4449286568070377;1.6430946289237847
285;-0.6101481450618516;-0.4449286568070377;1.6430946289237847
286;-0.6101481450618516;-0.4449286568070377;1.6430946289237847
287;-0.6101481450618516;-0.4449286568070377;1.6430946289237847
288;-0.6101481450618516;-0.4449286568070377;1.6430946289237847
289;-0.6101481450618516;-0.4449286568070377;1.6430946289237847
290;-0.6101481450618516;-0.4449286568070377;1.6430946289237847
291;-0.6101481450618516;-0.4449286568070377;1.6430946289237847
292;-0.6101481450618516;-0.4449286568070377;1.6430946289237847
293;-0.6101481450618516;-0.4449286568070377;1.6430946289237847
294;-0.6101481450618516;-0.4449286568070377;1.6430946289237847
295;-0.6101481450618516;-0.4449286568070377;1.6430946289237847
296;-0.6101481450618516;-0.4449286568070377;1.6430946289237847
297;-0.6101481450618516;-0.4449286568070377;1.6430946289237847
298;-0.6101481450618516;-0.4449286568070377;1.6430946289237847
299;-0.6101481450618516;-0.4449286568070377;1.6430946289237847
300;-0.6101481450618516;-0.4449286568070377;1.6430946289237847
301;-0.6101481450618516;-0.4449286568070377;1.6430946289237847
302;-0.6101481450618516;-0.4449286568070377;1.6430946289237847
303;-0.6101481450618516;-0.4449286568070377;1.6430946289237847
304;-0.6101481450618516;-0.4449286568070377;1.6430946289237847
305;-0.6101481450618516;-0.4449286568070377;1.6430946289237847
306;-0.6101481450618516;-0.4449286568070377;1.6430946289237847
307;-0.6101481450618516;-0.4449286568070377;1.6430946289237847
308;-0.6101481450618516;-0.4449286568070377;1.6430946289237847
309;-0.6101481450618516;-0.4449286568070377;1.6430946289237847
310;-0.6101481450618516;-0.4449286568070377;1.6430946289237847
311;-0.6101481450618516;-0.4449286568070377;1.6430946289237847
312;-0.6101481450618516;-0.4449286568070377;1.6430946289237847
313;-0.6101481450618516;-0.4449286568070377;1.6430946289237847
314;-0.6101481450618516;-0.4449286568070377;1.6430946289237847
315;-0.6101481450618516;-0.4449286568070377;1.6430946289237847
316;-0.6101481450618516;-0.4449286568070377;1.6430946289237847
317;-0.6101481450618516;-0.4449286568070377;1.6430946289237847
318;-0.6101481450618516;-0.4449286568070377;1.6430946289237847
319;-0.6101481450618516;-0.4449286568070377;1.6430946289237847
320;-0.6101481450618516;-0.4449286568070377;1.6430946289237847
321;-0.6101481450618516;-0.4449286568070377;1.6430946289237847
322;-0.6101481450618516;-0.4449286568070377;1.6430946289237847
323;-0.6101481450618516;-0.4449286568070377;1.6430946289237847
324;-0.6101481450618516;-0.4449286568070377;1.6430946289237847
325;-0.6101481450618516;-0.4449286568070377;1.6430946289237847
326;-0.6101481450618516;-0.4449286568070377;1.6430946289237847
327;-0.6101481450618516;-0.4449286568070377;1.6430946289237847
328;-0.6101481450618516;-0.4449286568070377;1.6430946289237847
329;-0.6101481450618516;-0.4449286568070377;1.6430946289237847
330;-0.6101481450618516;-0.4449286568070377;1.6430946289237847
331;-0.6101481450618516;-0.4449286568070377;1.6430946289237847
332;-0.6101481450618516;-0.4449286568070377;1.6430946289237847
333;-0.6101481450618516;-0.4449286568070377;1.6430946289237847
334;-0.6101481450618516;-0.4449286568070377;1.6430946289237847
335;-0.6101481450618516;-0.4449286568070377;1.6430946289237847
336;-0.6101481450618516;-0.4449286568070377;1.6430946289237847
337;-0.6101481450618516;-0.4449286568070377;1.6430946289237847
338;-0.6101481450618516;-0.4449286568070377;1.6430946289237847
339;-0.6101481450618516;-0.4449286568070377;1.6430946289237847
340;-0.6101481450618516;-0.4449286568070377;1.6430946289237847
341;-0.6101481450618516;-0.4449286568070377;1.6430946289237847
342;-0.6101481450618516;-0.4449286568070377;1.6430946289237847
343;-0.6101481450618516;-0.4449286568070377;1.6430946289237847
344;-0.6101481450618516;-0.4449286568070377;1.6430946289237847
345;-0.6101481450618516;-0.4449286568070377;1.6430946289237847
346;-0.6101481450618516;-0.4449286568070377;1.6430946289237847
347;-0.6101481450618516;-0.4449286568070377;1.6430946289237847
348;-0.6101481450618516;-0.4449286568070377;1.6430946289237847
349;-0.6101481450618516;-0.4449286568070377;1.6430946289237847
350;-0.6101481450618516;-0.4449286568070377;1.6430946289237847
351;-0.6101481450618516;-0.4449286568070377;1.6430946289237847
352;-0.6101481450618516;-0.4449286568070377;1.6430946289237847
353;-0.6101481450618516;-0.4449286568070377;1.6430946289237847
354;-0.6101481450618516;-0.4449286568070377;1.6430946289237847
355;-0.6101481450618516;-0.4449286568070377;1.6430946289237847
356;-0.6101481450618516;-0.4449286568070377;1.6430946289237847
357;-0.6101481450618516;-0.4449286568070377;1.6430946289237847
358;-0.6101481450618516;-0.4449286568070377;1.6430946289237847
359;-0.6101481450618516;-0.4449286568070377;1.6430946289237847
360;-0.6101481450618516;-0.4449286568070377;1.6430946289237847
361;-0.6101481450618516;-0.4449286568070377;1.6430946289237847
362;-0.6101481450618516;-0.4449286568070377;1.6430946289237847
363;-0.6101481450618516;-0.4449286568070377;1.6430946289237847
364;-0.6101481450618516;-0.4449286568070377;1.6430946289237847
365;-0.6101481450618516;-0.4449286568070377;1.6430946289237847
366;-0.6101481450618516;-0.4449286568070377;1.6430946289237847
367;-0.6101481450618516;-0.4449286568070377;1.6430946289237847
368;-0.6101481450618516;-0.4449286568070377;1.6430946289237847
369;-0.6101481450618516;-0.4449286568070377;1.6430946289237847
370;-0.6101481450618516;-0.4449286568070377;1.6430946289237847
371;-0.6101481450618516;-0.4449286568070377;1.6430946289237847
372;-0.6101481450618516;-0.4449286568070377;1.6430946289237847
373;-0.6101481450618516;-0.4449286568070377;1.6430946289237847
374;-0.6101481450618516;-0.4449286568070377;1.6430946289237847
375;-0.6101481450618516;-0.4449286568070377;1.6430946289237847
376;-0.6101481450618516;-0.4449286568070377;1.6430946289237847
377;-0.6101481450618516;-0.4449286568070377;1.6430946289237847
378;-0.6101481450618516;-0.4449286568070377;1.6430946289237847
379;-0.6101481450618516;-0.4449286568070377;1.6430946289237847
380;-0.6101481450618516;-0.4449286568070377;1.6430946289237847
381;-0.6101481450618516;-0.4449286568070377;1.6430946289237847
382;-0.6101481450618516;-0.4449286568070377;1.6430946289237847
383;-0.6101481450618516;-0.4449286568070377;1.6430946289237847
384;-0.6101481450618516;-0.4449286568070377;1.6430946289237847
385;-0.6101481450618516;-0.4449286568070377;1.6430946289237847
386;-0.6101481450618516;-0.4449286568070377;1.6430946289237847
387;-0.6101481450618516;-0.4449286568070377;1.6430946289237847
388;-0.6101481450618516;-0.4449286568070377;1.6430946289237847
389;-0.6101481450618516;-0.4449286568070377;1.6430946289237847
390;-0.6101481450618516;-0.4449286568070377;1.6430946289237847
391;-0.6101481450618516;-0.4449286568070377;1.6430946289237847
392;-0.6101481450618516;-0.4449286568070377;1.6430946289237847
393;-0.6101481450618516;-0.4449286568070377;1.6430946289237847
394;-0.6101481450618516;-0.4449286568070377;1.6430946289237847
395;-0.6101481450618516;-0.4449286568070377;1.6430946289237847
396;-0.6101481450618516;-0.4449286568070377;1.6430946289237847
397;-0.6101481450618516;-0.4449286568070377;1.6430946289237847
398;-0.6101481450618516;-0.4449286568070377;1.6430946289237847
399;-0.6101481450618516;-0.4449286568070377;1.6430946289237847
400;-0.6101481450618516;-0.4449286568070377;1.6430946289237847
401;-0.6101481450618516;-0.4449286568070377;1.6430946289237847
402;-0.6101481450618516;-0.4449286568070377;1.6430946289237847
403;-0.6101481450618516;-0.4449286568070377;1.6430946289237847
404;-0.6101481450618516;-0.4449286568070377;1.6430946289237847
405;-0.6101481450618516;-0.4449286568070377;1.6430946289237847
406;-0.6101481450618516;-0.4449286568070377;1.6430946289237847
407;-0.6101481450618516;-0.4449286568070377;1.6430946289237847
408;-0.6101481450618516;-0.4449286568070377;1.6430946289237847
409;-0.6101481450618516;-0.4449286568070377;1.6430946289237847
410;-0.6101481450618516;-0.4449286568070377;1.6430946289237847
411;-0.6101481450618516;-0.4449286568070377;1.6430946289237847
412;-0.6101481450618516;-0.4449286568070377;1.6430946289237847
413;-0.6101481450618516;-0.4449286568070377;1.6430946289237847
414;-0.6101481450618516;-0.4449286568070377;1.6430946289237847
415;-0.6101481450618516;-0.4449286568070377;1.6430946289237847
416;-0.6101481450618516;-0.4449286568070377;1.6430946289237847
417;-0.6101481450618516;-0.4449286568070377;1.6430946289237847
418;-0.6101481450618516;-0.4449286568070377;1.6430946289237847
419;-0.6101481450618516;-0.4449286568070377;1.6430946289237847
420;-0.6101481450618516;-0.4449286568070377;1.6430946289237847
421;-0.6101481450618516;-0.4449286568070377;1.6430946289237847
422;-0.6101481450618516;-0.4449286568070377;1.6430946289237847
423;-0.6101481450618516;-0.4449286568070377;1.6430946289237847
424;-0.6101481450618516;-0.4449286568070377;1.6430946289237847
425;-0.6101481450618516;-0.4449286568070377;1.6430946289237847
426;-0.6101481450618516;-0.4449286568070377;1.6430946289237847
427;-0.6101481450618516;-0.4449286568070377;1.6430946289237847
428;-0.6101481450618516;-0.4449286568070377;1.6430946289237847
429;-0.6101481450618516;-0.4449286568070377;1.6430946289237847
430;-0.6101481450618516;-0.4449286568070377;1.6430946289237847
431;-0.6101481450618516;-0.4449286568070377;1.6430946289237847
432;-0.6101481450618516;-0.4449286568070377;1.6430946289237847
433;-0.6101481450618516;-0.4449286568070377;1.6430946289237847
434;-0.6101481450618516;-0.4449286568070377;1.6430946289237847
435;-0.6101481450618516;-0.4449286568070377;1.6430946289237847
436;-0.6101481450618516;-0.4449286568070377;1.6430946289237847
437;-0.6101481450618516;-0.4449286568070377;1.6430946289237847
438;-0.6101481450618516;-0.4449286568070377;1.6430946289237847
439;-0.6101481450618516;-0.4449286568070377;1.6430946289237847
440;-0.6101481450618516;-0.4449286568070377;1.6430946289237847
441;-0.6101481450618516;-0.4449286568070377;1.6430946289237847
442;-0.6101481450618516;-0.4449286568070377;1.6430946289237847
443;-0.6101481450618516;-0.4449286568070377;1.6430946289237847
444;-0.6101481450618516;-0.4449286568070377;1.6430946289237847
445;-0.6101481450618516;-0.4449286568070377;1.6430946289237847
446;-0.6101481450618516;-0.4449286568070377;1.6430946289237847
447;-0.6101481450618516;-0.4449286568070377;1.6430946289237847
448;-0.6101481450618516;-0.4449286568070377;1.6430946289237847
449;-0.6101481450618516;-0.4449286568070377;1.6430946289237847
450;-0.6101481450618516;-0.4449286568070377;1.6430946289237847
451;-0.6101481450618516;-0.4449286568070377;1.6430946289237847
452;-0.6101481450618516;-0.4449286568070377;1.6430946289237847
453;-0.6101481450618516;-0.4449286568070377;1.6430946289237847
454;-0.6101481450618516;-0.4449286568070377;1.6430946289237847
455;-0.6101481450618516;-0.4449286568070377;1.6430946289237847
456;-0.6101481450618516;-0.4449286568070377;1.6430946289237847
457;-0.6101481450618516;-0.4449286568070377;1.6430946289237847
458;-0.6101481450618516;-0.4449286568070377;1.6430946289237847
459;-0.6101481450618516;-0.4449286568070377;1.6430946289237847
460;-0.6101481450618516;-0.4449286568070377;1.6430946289237847
461;-0.6101481450618516;-0.4449286568070377;1.6430946289237847
462;-0.6101481450618516;-0.4449286568070377;1.6430946289237847
463;-0.6101481450618516;-0.4449286568070377;1.6430946289237847
464;-0.6101481450618516;-0.4449286568070377;1.6430946289237847
465;-0.6101481450618516;-0.4449286568070377;1.6430946289237847
466;-0.6101481450618516;-0.4449286568070377;1.6430946289237847
467;-0.6101481450618516;-0.4449286568070377;1.6430946289237847
468;-0.6101481450618516;-0.4449286568070377;1.6430946289237847
469;-0.6101481450618516;-0.4449286568070377;1.6430946289237847
470;-0.6101481450618516;-0.4449286568070377;1.6430946289237847
471;-0.6101481450618516;-0.4449286568070377;1.6430946289237847
472;-0.6101481450618516;-0.4449286568070377;1.6430946289237847
473;-0.6101481450618516;-0.4449286568070377;1.6430946289237847
474;-0.6101481450618516;-0.4449286568070377;1.6430946289237847
475;-0.6101481450618516;-0.4449286568070377;1.6430946289237847
476;-0.6101481450618516;-0.4449286568070377;1.6430946289237847
477;-0.6101481450618516;-0.4449286568070377;1.6430946289237847
478;-0.6101481450618516;-0.4449286568070377;1.6430946289237847
479;-0.6101481450618516;-0.4449286568070377;1.6430946289237847
480;-0.6101481450618516;-0.4449286568070377;1.6430946289237847
481;-0.6101481450618516;-0.4449286568070377;1.6430946289237847
482;-0.6101481450618516;-0.4449286568070377;1.6430946289237847
483;-0.6101481450618516;-0.4449286568070377;1.6430946289237847
484;-0.6101481450618516;-0.4449286568070377;1.6430946289237847
485;-0.6101481450618516;-0.4449286568070377;1.6430946289237847
486;-0.6101481450618516;-0.4449286568070377;1.6430946289237847
487;-0.6101481450618516;-0.4449286568070377;1.6430946289237847
488;-0.6101481450618516;-0.4449286568070377;1.6430946289237847
489;-0.6101481450618516;-0.4449286568070377;1.6430946289237847
490;-0.6101481450618516;-0.4449286568070377;1.6430946289237847
491;-0.6101481450618516;-0.4449286568070377;1.6430946289237847
492;-0.6101481450618516;-0.4449286568070377;1.6430946289237847
493;-0.6101481450618516;-0.4449286568070377;1.6430946289237847
494;-0.6101481450618516;-0.4449286568070377;1.6430946289237847
495;-0.6101481450618516;-0.4449286568070377;1.6430946289237847
496;-0.6101481450618516;-0.4449286568070377;1.6430946289237847
497;-0.6101481450618516;-0.4449286568070377;1.6430946289237847
498;-0.6101481450618516;-0.4449286568070377;1.6430946289237847
499;-0.6101481450618516;-0.4449286568070377;1.6430946289237847
500;-0.6101481450618516;-0.4449286568070377;1.6430946289237847
501;-0.6101481450618516;-0.4449286568070377;1.6430946289237847
502;-0.6101481450618516;-0.4449286568070377;1.6430946289237847
503;-0.6101481450618516;-0.4449286568070377;1.6430946289237847
504;-0.6101481450618516;-0.4449286568070377;1.6430946289237847
505;-0.6101481450618516;-0.4449286568070377;1.6430946289237847
506;-0.6101481450618516;-0.4449286568070377;1.6430946289237847
507;-0.6101481450618516;-0.4449286568070377;1.6430946289237847
508;-0.6101481450618516;-0.4449286568070377;1.6430946289237847
509;-0.6101481450618516;-0.4449286568070377;1.6430946289237847
510;-0.6101481450618516;-0.4449286568070377;1.6430946289237847
511;-0.6101481450618516;-0.4449286568070377;1.6430946289237847
512;-0.6101481450618516;-0.4449286568070377;1.6430946289237847
513;-0.6101481450618516;-0.4449286568070377;1.6430946289237847
514;-0.6101481450618516;-0.4449286568070377;1.6430946289237847
515;-0.6101481450618516;-0.4449286568070377;1.6430946289237847
516;-0.6101481450618516;-0.4449286568070377;1.6430946289237847
517;-0.6101481450618516;-0.4449286568070377;1.6430946289237847
518;-0.6101481450618516;-0.4449286568070377;1.6430946289237847
519;-0.6101481450618516;-0.4449286568070377;1.6430946289237847
520;-0.6101481450618516;-0.4449286568070377;1.6430946289237847
521;-0.6101481450618516;-0.4449286568070377;1.6430946289237847
522;-0.6101481450618516;-0.4449286568070377;1.6430946289237847
523;-0.6101481450618516;-0.4449286568070377;1.6430946289237847
524;-0.6101481450618516;-0.4449286568070377;1.6430946289237847
525;-0.6101481450618516;-0.4449286568070377;1.6430946289237847
526;-0.6101481450618516;-0.4449286568070377;1.6430946289237847
527;-0.6101481450618516;-0.4449286568070377;1.6430946289237847
528;-0.6101481450618516;-0.4449286568070377;1.6430946289237847
529;-0.6101481450618516;-0.4449286568070377;1.6430946289237847
530;-0.6101481450618516;-0.4449286568070377;1.6430946289237847
531;-0.6101481450618516;-0.4449286568070377;1.6430946289237847
532;-0.6101481450618516;-0.4449286568070377;1.6430946289237847
533;-0.6101481450618516;-0.4449286568070377;1.6430946289237847
534;-0.6101481450618516;-0.4449286568070377;1.6430946289237847
535;-0.6101481450618516;-0.4449286568070377;1.6430946289237847
536;-0.6101481450618516;-0.4449286568070377;1.6430946289237847
537;-0.6101481450618516;-0.4449286568070377;1.6430946289237847
538;-0.6101481450618516;-0.4449286568070377;1.6430946289237847
539;-0.6101481450618516;-0.4449286568070377;1.6430946289237847
540;-0.6101481450618516;-0.4449286568070377;1.6430946289237847
541;-0.6101481450618516;-0.4449286568070377;1.6430946289237847
542;-0.6101481450618516;-0.4449286568070377;1.6430946289237847
543;-0.6101481450618516;-0.4449286568070377;1.6430946289237847
544;-0.6101481450618516;-0.4449286568070377;1.6430946289237847
545;-0.6101481450618516;-0.4449286568070377;1.6430946289237847
546;-0.6101481450618516;-0.4449286568070377;1.6430946289237847
547;-0.6101481450618516;-0.4449286568070377;1.6430946289237847
548;-0.6101481450618516;-0.4449286568070377;1.6430946289237847
549;-0.6101481450618516;-0.4449286568070377;1.6430946289237847
550;-0.6101481450618516;-0.4449286568070377;1.6430946289237847
551;-0.6101481450618516;-0.4449286568070377;1.6430946289237847
552;-0.6101481450618516;-0.4449286568070377;1.6430946289237847
553;-0.6101481450618516;-0.4449286568070377;1.6430946289237847
554;-0.6101481450618516;-0.4449286568070377;1.6430946289237847
555;-0.6101481450618516;-0.4449286568070377;1.6430946289237847
556;-0.6101481450618516;-0.4449286568070377;1.6430946289237847
557;-0.6101481450618516;-0.4449286568070377;1.6430946289237847
558;-0.6101481450618516;-0.4449286568070377;1.6430946289237847
559;-0.6101481450618516;-0.4449286568070377;1.6430946289237847
560;-0.6101481450618516;-0.4449286568070377;1.6430946289237847
561;-0.6101481450618516;-0.4449286568070377;1.6430946289237847
562;-0.6101481450618516;-0.4449286568070377;1.6430946289237847
563;-0.6101481450618516;-0.4449286568070377;1.6430946289237847
564;-0.6101481450618516;-0.4449286568070377;1.6430946289237847
565;-0.6101481450618516;-0.4449286568070377;1.6430946289237847
566;-0.6101481450618516;-0.4449286568070377;1.6430946289237847
567;-0.6101481450618516;-0.4449286568070377;1.6430946289237847
568;-0.6101481450618516;-0.4449286568070377;1.6430946289237847
569;-0.6101481450618516;-0.4449286568070377;1.6430946289237847
570;-0.6101481450618516;-0.4449286568070377;1.6430946289237847
571;-0.6101481450618516;-0.4449286568070377;1.6430946289237847
572;-0.6101481450618516;-0.4449286568070377;1.6430946289237847
573;-0.6101481450618516;-0.4449286568070377;1.6430946289237847
574;-0.6101481450618516;-0.4449286568070377;1.6430946289237847
575;-0.6101481450618516;-0.4449286568070377;1.6430946289237847
576;-0.6101481450618516;-0.4449286568070377;1.6430946289237847
577;-0.6101481450618516;-0.4449286568070377;1.6430946289237847
578;-0.6101481450618516;-0.4449286568070377;1.6430946289237847
579;-0.6101481450618516;-0.4449286568070377;1.6430946289237847
580;-0.6101481450618516;-0.4449286568070377;1.6430946289237847
581;-0.6101481450618516;-0.4449286568070377;1.6430946289237847
582;-0.6101481450618516;-0.4449286568070377;1.6430946289237847
583;-0.6101481450618516;-0.4449286568070377;1.6430946289237847
584;-0.6101481450618516;-0.4449286568070377;1.6430946289237847
585;-0.6101481450618516;-0.4449286568070377;1.6430946289237847
586;-0.6101481450618516;-0.4449286568070377;1.6430946289237847
587;-0.6101481450618516;-0.4449286568070377;1.6430946289237847
588;-0.6101481450618516;-0.4449286568070377;1.6430946289237847
589;-0.6101481450618516;-0.4449286568070377;1.6430946289237847
590;-0.6101481450618516;-0.4449286568070377;1.6430946289237847
591;-0.6101481450618516;-0.4449286568070377;1.6430946289237847
592;-0.6101481450618516;-0.4449286568070377;1.6430946289237847
593;-0.6101481450618516;-0.4449286568070377;1.6430946289237847
594;-0.6101481450618516;-0.4449286568070377;1.6430946289237847
595;-0.6101481450618516;-0.4449286568070377;1.6430946289237847
596;-0.6101481450618516;-0.4449286568070377;1.6430946289237847
597;-0.6101481450618516;-0.4449286568070377;1.6430946289237847
598;-0.6101481450618516;-0.4449286568070377;1.6430946289237847
599;-0.6101481450618516;-0.4449286568070377;1.6430946289237847
600;-0.6101481450618516;-0.4449286568070377;1.6430946289237847
601;-0.6101481450618516;-0.4449286568070377;1.6430946289237847
602;-0.6101481450618516;-0.4449286568070377;1.6430946289237847
603;-0.6101481450618516;-0.4449286568070377;1.6430946289237847
604;-0.6101481450618516;-0.4449286568070377;1.6430946289237847
605;-0.6101481450618516;-0.4449286568070377;1.6430946289237847
606;-0.6101481450618516;-0.4449286568070377;1.6430946289237847
607;-0.6101481450618516;-0.4449286568070377;1.6430946289237847
608;-0.6101481450618516;-0.4449286568070377;1.6430946289237847
609;-0.6101481450618516;-0.4449286568070377;1.6430946289237847
610;-0.6101481450618516;-0.4449286568070377;1.6430946289237847
611;-0.6101481450618516;-0.4449286568070377;1.6430946289237847
612;-0.6101481450618516;-0.4449286568070377;1.6430946289237847
613;-0.6101481450618516;-0.4449286568070377;1.6430946289237847
614;-0.6101481450618516;-0.4449286568070377;1.6430946289237847
615;-0.6101481450618516;-0.4449286568070377;1.6430946289237847
616;-0.6101481450618516;-0.4449286568070377;1.6430946289237847
617;-0.6101481450618516;-0.4449286568070377;1.6430946289237847
618;-0.6101481450618516;-0.4449286568070377;1.6430946289237847
619;-0.6101481450618516;-0.4449286568070377;1.6430946289237847
620;-0.6101481450618516;-0.4449286568070377;1.6430946289237847
621;-0.6101481450618516;-0.4449286568070377;1.6430946289237847
622;-0.6101481450618516;-0.4449286568070377;1.6430946289237847
623;-0.6101481450618516;-0.4449286568070377;1.6430946289237847
624;-0.6101481450618516;-0.4449286568070377;1.6430946289237847
625;-0.6101481450618516;-0.4449286568070377;1.6430946289237847
626;-0.6101481450618516;-0.4449286568070377;1.6430946289237847
627;-0.6101481450618516;-0.4449286568070377;1.6430946289237847
628;-0.6101481450618516;-0.4449286568070377;1.6430946289237847
629;-0.6101481450618516;-0.4449286568070377;1.6430946289237847
630;-0.6101481450618516;-0.4449286568070377;1.6430946289237847
631;-0.6101481450618516;-0.4449286568070377;1.6430946289237847
632;-0.6101481450618516;-0.4449286568070377;1.6430946289237847
633;-0.6101481450618516;-0.4449286568070377;1.6430946289237847
634;-0.6101481450618516;-0.4449286568070377;1.6430946289237847
635;-0.6101481450618516;-0.4449286568070377;1.6430946289237847
636;-0.6101481450618516;-0.4449286568070377;1.6430946289237847
637;-0.6101481450618516;-0.4449286568070377;1.6430946289237847
638;-0.6101481450618516;-0.4449286568070377;1.6430946289237847
639;-0.6101481450618516;-0.4449286568070377;1.6430946289237847
640;-0.6101481450618516;-0.4449286568070377;1.6430946289237847
641;-0.6101481450618516;-0.4449286568070377;1.6430946289237847
642;-0.6101481450618516;-0.4449286568070377;1.6430946289237847
643;-0.6101481450618516;-0.4449286568070377;1.6430946289237847
644;-0.6101481450618516;-0.4449286568070377;1.6430946289237847
645;-0.6101481450618516;-0.4449286568070377;1.6430946289237847
646;-0.6101481450618516;-0.4449286568070377;1.6430946289237847
647;-0.6101481450618516;-0.4449286568070377;1.6430946289237847
648;-0.6101481450618516;-0.4449286568070377;1.6430946289237847
649;-0.6101481450618516;-0.4449286568070377;1.6430946289237847
650;-0.6101481450618516;-0.4449286568070377;1.6430946289237847
651;-0.6101481450618516;-0.4449286568070377;1.6430946289237847
652;-0.6101481450618516;-0.4449286568070377;1.6430946289237847
653;-0.6101481450618516;-0.4449286568070377;1.6430946289237847
654;-0.6101481450618516;-0.4449286568070377;1.6430946289237847
655;-0.6101481450618516;-0.4449286568070377;1.6430946289237847
656;-0.6101481450618516;-0.4449286568070377;1.6430946289237847
657;-0.6101481450618516;-0.4449286568070377;1.6430946289237847
658;-0.6101481450618516;-0.4449286568070377;1.6430946289237847
659;-0.6101481450618516;-0.4449286568070377;1.6430946289237847
660;-0.6101481450618516;-0.4449286568070377;1.6430946289237847
661;-0.6101481450618516;-0.4449286568070377;1.6430946289237847
662;-0.6101481450618516;-0.4449286568070377;1.6430946289237847
663;-0.6101481450618516;-0.4449286568070377;1.6430946289237847
664;-0.6101481450618516;-0.4449286568070377;1.6430946289237847
665;-0.6101481450618516;-0.4449286568070377;1.6430946289237847
666;-0.6101481450618516;-0.4449286568070377;1.6430946289237847
667;-0.6101481450618516;-0.4449286568070377;1.6430946289237847
668;-0.6101481450618516;-0.4449286568070377;1.6430946289237847
669;-0.6101481450618516;-0.4449286568070377;1.6430946289237847
670;-0.6101481450618516;-0.4449286568070377;1.6430946289237847
671;-0.6101481450618516;-0.4449286568070377;1.6430946289237847
672;-0.6101481450618516;-0.4449286568070377;1.6430946289237847
673;-0.6101481450618516;-0.4449286568070377;1.6430946289237847
674;-0.6101481450618516;-0.4449286568070377;1.6430946289237847
675;-0.6101481450618516;-0.4449286568070377;1.6430946289237847
676;-0.6101481450618516;-0.4449286568070377;1.6430946289237847
677;-0.6101481450618516;-0.4449286568070377;1.6430946289237847
678;-0.6101481450618516;-0.4449286568070377;1.6430946289237847
679;-0.6101481450618516;-0.4449286568070377;1.6430946289237847
680;-0.6101481450618516;-0.4449286568070377;1.6430946289237847
681;-0.6101481450618516;-0.4449286568070377;1.6430946289237847
682;-0.6101481450618516;-0.4449286568070377;1.6430946289237847
683;-0.6101481450618516;-0.4449286568070377;1.6430946289237847
684;-0.6101481450618516;-0.4449286568070377;1.6430946289237847
685;-0.6101481450618516;-0.4449286568070377;1.6430946289237847
686;-0.6101481450618516;-0.4449286568070377;1.6430946289237847
687;-0.6101481450618516;-0.4449286568070377;1.6430946289237847
688;-0.6101481450618516;-0.4449286568070377;1.6430946289237847
689;-0.6101481450618516;-0.4449286568070377;1.6430946289237847
690;-0.6101481450618516;-0.4449286568070377;1.6430946289237847
691;-0.6101481450618516;-0.4449286568070377;1.6430946289237847
692;-0.6101481450618516;-0.4449286568070377;1.6430946289237847
693;-0.6101481450618516;-0.4449286568070377;1.6430946289237847
694;-0.6101481450618516;-0.4449286568070377;1.6430946289237847
695;-0.6101481450618516;-0.4449286568070377;1.6430946289237847
696;-0.6101481450618516;-0.4449286568070377;1.6430946289237847
697;-0.6101481450618516;-0.4449286568070377;1.6430946289237847
698;-0.6101481450618516;-0.4449286568070377;1.6430946289237847
699;-0.6101481450618516;-0.4449286568070377;1.6430946289237847
700;-0.6101481450618516;-0.4449286568070377;1.6430946289237847
