0;-0.5413106408082135;-0.47726237022635604;3.417955203647009
1;-0.5409544002744048;-0.4774275987497379;3.375748210073859
2;-0.5405511381542277;-0.47761732146504854;3.2205411164765563
3;-0.5401064978351913;-0.4778288711646671;3.226692395235395
4;-0.5396248470130076;-0.478060724932316;3.125452673741223
5;-0.5391121222220754;-0.47831057491245754;3.013287132975731
6;-0.5385774989812449;-0.478574670723399;2.944406798833176
7;-0.5380341818467225;-0.478847346039492;2.8762895770194454
8;-0.5374985178613562;-0.47912113343678964;2.8731720692226888
9;-0.5369872423674055;-0.47938782481063597;2.8051621465062766
10;-0.5365146915973295;-0.479639866620511;2.7898247925784374
11;-0.5360914520251456;-0.4798712906928914;2.817673203602083
12;-0.5357242620632404;-0.4800780074908995;2.967587364111385
13;-0.5354164626857102;-0.48025769453444206;2.8471182239436343
14;-0.5351686283032178;-0.4804094961114004;2.6992750740131424
15;-0.5349792784360918;-0.4805336384034891;2.6478782024738368
16;-0.5348456053208214;-0.4806310273624506;2.593994546069948
17;-0.5347640705806448;-0.48070292598844305;2.5807825545030547
18;-0.534730762226424;-0.4807507716962616;2.5938858451121174
19;-0.5347417354564679;-0.48077600204370885;2.6284980933662765
20;-0.5347937185994412;-0.48077968473297383;2.5895319942468698
21;-0.5348852015289579;-0.48076196425453044;2.6176991640939136
22;-0.5350174980505372;-0.4807215567525066;2.6310532968683464
23;-0.5351951349743773;-0.48065561745346486;2.579579093238282
24;-0.5354249717414327;-0.48056024254798196;2.4955870239217286
25;-0.5357141265766883;-0.4804315142668447;2.445850812798964
26;-0.5360677164864439;-0.4802665708035369;2.398562697801749
27;-0.5364874746884183;-0.4800642194226666;2.38804405687059
28;-0.5369714711037605;-0.4798250419677911;2.4172702505036563
29;-0.5375145403795636;-0.47955120788216404;2.449520267878824
30;-0.5381089914242311;-0.4792461820420981;2.390120935157084
31;-0.5387453600846561;-0.4789144111850146;2.375829020251078
32;-0.5394131172439393;-0.4785610156366257;2.402440630450816
33;-0.5401013312172418;-0.47819149250855675;2.4950842806526863
34;-0.5407993196951596;-0.47781142361971457;2.575363471592434
35;-0.5414973116582967;-0.47742617458089903;2.569725014391617
36;-0.5421870856239082;-0.47704058176050296;2.5999443623837237
37;-0.5428624946679299;-0.47665865042336325;2.6553294428901335
38;-0.543519772583155;-0.47628331282140535;2.62206240864349
39;-0.5441575536417047;-0.4759162991264274;2.6302490195716866
40;-0.5447766074267097;-0.47555815121381056;2.591797103909216
41;-0.5453793518136493;-0.4752083730762664;2.5846968711087914
42;-0.5459692384119643;-0.47486568196823065;2.5925358993533227
43;-0.5465501062655345;-0.4745283117778565;2.6169327591295573
44;-0.5471255838353659;-0.47419432263724803;2.651504085233162
45;-0.5476985975385239;-0.4738618811016547;2.731484684546211
46;-0.5482710228983039;-0.47352948747526585;2.7331642332988877
47;-0.5488434929488781;-0.47319613839331665;2.765061069940808
48;-0.549415358040733;-0.4728614228621789;2.8231225306240018
49;-0.549984772573063;-0.4725255582311716;2.8659164004276207
50;-0.550548869365362;-0.47218937856706333;2.900484558653074
51;-0.5511039730356377;-0.4718542916464326;2.9662936728083293
52;-0.551645801392334;-0.47152222269690625;3.087665587594435
53;-0.5521696135793333;-0.47119556172836496;3.1955608052444777
54;-0.5526702958629052;-0.4708771217957503;3.205363317833747
55;-0.5531424329897513;-0.47057009436113256;3.1755728568022015
56;-0.5535804685587948;-0.470277963735947;3.2067305052867976
57;-0.5539790657440381;-0.47000433465461167;3.2366969808512582
58;-0.5543337218167766;-0.46975264513064796;3.2899046305363213
59;-0.5546415985225929;-0.4695257697137022;3.3110169362823783
60;-0.5549024509070795;-0.46932554924471304;3.3235673412331828
61;-0.5551194895118311;-0.46915230659804774;3.3493303385321345
62;-0.555299993796985;-0.46900442604053444;3.420618452349764
63;-0.5554555062064889;-0.46887808556929744;3.4249312641544276
64;-0.5556014801216149;-0.46876722891274;3.4394508895770017
65;-0.5557563373697068;-0.46866383629323394;3.540618048597927
66;-0.5559400156625126;-0.4685584940338581;3.6474892188379977
67;-0.5561722408505441;-0.468441178047488;3.8183871414460975
68;-0.5564708969403239;-0.4683020798673118;3.6027957817676923
69;-0.5568509154398231;-0.46813225603627395;3.551846326622736
70;-0.5573240121273838;-0.4679239052941073;3.501944863795526
71;-0.5578993723236665;-0.4676701780629933;3.5560376096517263
72;-0.5585850647340401;-0.467364585499364;3.48699660150821
73;-0.5593895588575543;-0.46700029339717347;3.41662190856487
74;-0.5603223054515047;-0.4665698180781979;3.349051628869998
75;-0.5613923482986632;-0.4660656740803151;3.3014506744245398
76;-0.5626049828009403;-0.4654820439290997;3.2713288732065116
77;-0.5639580576883088;-0.46481675137379413;3.2637682958740823
78;-0.5654398380259358;-0.4640725831019666;3.34879747311068
79;-0.5670290298269856;-0.4632575784066555;3.356915809689453
80;-0.5686963101260186;-0.4623845204326268;3.3525664711362366
81;-0.5704064885304927;-0.4614700106057105;3.4553038125630327
82;-0.5721207427644006;-0.46053338911423874;3.409937505026729
83;-0.5737986424614157;-0.4595956505149673;3.4874838259944894
84;-0.5753997934200185;-0.458678455773635;3.57097188059684
85;-0.5768849847155565;-0.45780332459049045;3.7136693375883745
86;-0.578216771595789;-0.45699107262418875;3.9355795280474704
87;-0.579359494702823;-0.4562615276206916;4.312892400350605
88;-0.580278808584857;-0.4556335209270417;4.923396252023587
89;-0.5809408514002908;-0.4551251153186325;5.029997935592895
90;-0.5813112227056865;-0.4547540034665199;4.990720830187825
91;-0.5813539480386382;-0.45453799610563517;5.004379691582765
92;-0.5810306049569841;-0.4544955135846161;4.570069277660697
93;-0.5802997718978976;-0.45464599616856116;4.07971452301347
94;-0.5791169403684173;-0.4550101551169809;3.791452369822271
95;-0.5774349999122491;-0.45560999735725083;3.5578063933295514
96;-0.575205360933297;-0.4564685714321722;3.404676980878502
97;-0.5723797236963523;-0.45760940120252436;3.3582564851689463
98;-0.5689124395477196;-0.4590555962095223;3.2770537302763554
99;-0.5647633532968829;-0.46082865347446195;3.2205810712533274
100;-0.5599009729162161;-0.4629469947669656;3.2186342445377285
101;-0.5543057872095697;-0.4654243147350904;3.142408306359436
102;-0.5479735406507779;-0.4682678444517011;3.154571919920239
103;-0.5409182718619462;-0.47147665476978745;3.169974076162386
104;-0.5331749240802418;-0.47504012833901144;3.255741103488243
105;-0.5248013392255846;-0.47893671839679186;3.413632790618609
106;-0.5158794485687965;-0.4831330942223974;3.3742708384353697
107;-0.5065154728410057;-0.48758375730000764;3.455254513518671
108;-0.4968389534066817;-0.4922312022552453;3.6460419715681143
109;-0.4870004736816127;-0.49700668597769093;3.6766044159035927
110;-0.47716801077223103;-0.5018316466298772;3.795678091222649
111;-0.4675219739114402;-0.5066197773887486;3.992596390585341
112;-0.45824911271465474;-0.5112797123999977;4.3021267691033716
113;-0.44953559338877364;-0.5157182301143257;4.642391701426146
114;-0.44155964313968143;-0.5198438221446777;5.026103354005831
115;-0.4344842566338202;-0.5235704138388416;4.593816806066138
116;-0.42845053017603196;-0.5268209650371231;4.6110283111714585
117;-0.4235722044351442;-0.5295306458295632;5.069205636237694
118;-0.4199319204834399;-0.5316492931840139;5.11051303412129
119;-0.417579518414339;-0.5331429190595333;4.37733822093089
120;-0.41653246091080626;-0.5339941505500347;4.065810995150304
121;-0.41677819999098004;-0.5342016148034574;3.864064677067016
122;-0.41827808306478786;-0.5337784071195139;3.7153971434257502
123;-0.4209722587386474;-0.5327498743947853;3.5369030940551145
124;-0.42478501104928884;-0.531150992908556;3.464320423997731
125;-0.4296300125443555;-0.5290236172897154;3.3820819195738423
126;-0.4354151111178221;-0.5264138358411328;3.3064095021396005
127;-0.44204641411045337;-0.5233696025952045;3.236539982247773
128;-0.4494315714914279;-0.5199387460772292;3.1079991864788714
129;-0.4574822657246131;-0.516167392689487;3.0578364177435495
130;-0.4661159812952863;-0.5120987967428031;3.0036698020571513
131;-0.47525715551636066;-0.5077725412600856;2.936521912561639
132;-0.4848378143038078;-0.5032240612503298;2.9127182229913857
133;-0.49479778380850087;-0.49848443960111793;2.909441723472394
134;-0.5050845510870238;-0.49358043019671455;2.9026506880076344
135;-0.5156528312213925;-0.4885346693036921;2.9815706081514666
136;-0.5264638880692158;-0.4833660419208383;2.865001615228895
137;-0.5374846520960932;-0.4780901732154208;2.852701791151991
138;-0.5486866805612133;-0.47272001603605796;2.867569932326519
139;-0.5600450105762899;-0.46726650432062516;2.894817007602508
140;-0.5715369616095359;-0.4617392400547483;2.86060604554095
141;-0.5831409483001302;-0.4561471795442321;2.8999752319077294
142;-0.5948353649630013;-0.45049928432017267;2.9075578024907656
143;-0.6065975987474016;-0.4448051038459269;3.01460021737676
144;-0.6184032189376372;-0.4390752616978132;2.9721683703369903
145;-0.6302253762031038;-0.43332182385977636;2.990194161902739
146;-0.6420344293257327;-0.4275585365345558;3.006621529856551
147;-0.6537978000638488;-0.42180093042815164;3.0624319028237648
148;-0.6654800413524333;-0.4160662976913435;3.1411048319469934
149;-0.6770430916152762;-0.41037355558579525;3.1618012973788336
150;-0.6884466795729137;-0.4047430167477641;3.209784890777909
151;-0.6996488398531862;-0.39919608929367517;3.3102665866480065
152;-0.7106064995814502;-0.39375493097960623;3.340436569043246
153;-0.7212760991127919;-0.3884420805379164;3.3701936451666343
154;-0.7316142151084701;-0.3832800867137369;3.392484761038968
155;-0.7415781601905007;-0.3782911520246055;3.4463808146358197
156;-0.7511265395367293;-0.3734968044371255;3.5360673465628447
157;-0.7602197503714598;-0.36891760644469973;3.6391883387065707
158;-0.768820415016578;-0.3645729077353643;3.757712097752587
159;-0.7768937419027274;-0.36048064489985804;3.881945393372398
160;-0.7844078118000857;-0.3566571894590721;3.999595635608203
161;-0.7913337887353897;-0.35311724380640414;4.096348913343459
162;-0.7976460568899422;-0.3498737833314146;4.058762370680934
163;-0.8033222864895239;-0.3469380418686386;4.0649791671224556
164;-0.8083434335148517;-0.3443195365675309;4.133479420693242
165;-0.8126936801047258;-0.3420261272144468;4.202703956074132
166;-0.8163603248043504;-0.3400641039200152;4.3508238188544395
167;-0.819333634214944;-0.3384382959450968;4.619253688439938
168;-0.8216066698941554;-0.3371521933700713;4.5504080851270166
169;-0.823175106210961;-0.33620807246312967;4.565169396607711
170;-0.8240370558947958;-0.3356071151525708;4.818241379112207
171;-0.8241929198734915;-0.3353495131341738;4.6302175273234
172;-0.8236452763963176;-0.3354345479880248;4.664658549432466
173;-0.8223988212792872;-0.33586064030570095;4.82984246801908
174;-0.8204603664978065;-0.3366253632028272;4.822581264888671
175;-0.8178388986265682;-0.3377254185653894;4.837663835720022
176;-0.8145456923307871;-0.3391565777000577;4.777822695802778
177;-0.8105944679209052;-0.34091359140622884;4.853091111726699
178;-0.8060015765997726;-0.34299007751115046;4.904670160896496
179;-0.8007861930830581;-0.3453783962852365;4.885565227692595
180;-0.7949704932105114;-0.3480695256314096;4.886591592187213
181;-0.7885797941979311;-0.35105294837671563;4.759701582089883
182;-0.7816426372556665;-0.35431656336757783;4.68184886648883
183;-0.7741907961272014;-0.3578466304836616;4.6608840581367055
184;-0.7662592002053087;-0.36162775734098385;4.720096832174229
185;-0.7578857666834402;-0.36564293262038067;4.723355354337813
186;-0.7491111420970219;-0.36987360792724566;4.72208333383043
187;-0.73997835906214;-0.37429982714513177;4.7472503194186935
188;-0.7305324186036065;-0.37890039962751887;4.67424301626418
189;-0.7208198119074207;-0.38365311145081105;4.594464428466298
190;-0.7108879975201247;-0.3885349674233577;4.499553369981351
191;-0.7007848509794948;-0.39352245563199667;4.466701486001844
192;-0.6905581037405217;-0.39859182596881054;4.473263625448373
193;-0.6802547872733207;-0.40371937423123017;4.4981520416133165
194;-0.6699206966026693;-0.4088817239182466;4.440813408496202
195;-0.6595998855746832;-0.4140560986380529;4.422260438669316
196;-0.6493342039859011;-0.41922057899046317;4.436725224588287
197;-0.6391628845584107;-0.42435433880187573;4.458178044818374
198;-0.629122185705363;-0.42943785660485034;4.474390150481056
199;-0.6192450941715006;-0.4344530992242221;4.523026891653168
200;-0.6095610899840758;-0.439383675230985;4.638235084972156
201;-0.6000959747177749;-0.4442149568406621;4.682175916213377
202;-0.5908717628581263;-0.4489341695583285;4.794166286160667
203;-0.581906635033706;-0.45353044950415333;4.9511012214240235
204;-0.5732149510726203;-0.4579948688873196;5.2881855830605415
205;-0.5648073202202679;-0.4623204305276899;5.42013959568086
206;-0.5566907254293881;-0.46650203264946233;5.1419426294379456
207;-0.5488686983894845;-0.47053640538868935;5.082571929580845
208;-0.5413415418772902;-0.4744220205733378;5.064808016720788
209;-0.5341065960412213;-0.47815897636728766;5.000655258121734
210;-0.527158545318622;-0.4817488583471849;4.937619776801028
211;-0.520489762744976;-0.48519457854439524;4.92820224770362
212;-0.5140906883585352;-0.4885001939836161;4.854538434026743
213;-0.5079502381426801;-0.49167070633905324;4.87774293208502
214;-0.5020562394089971;-0.4947118445583347;4.8764977252880835
215;-0.4963958876663819;-0.4976298327101473;4.897270548213951
216;-0.49095621885271395;-0.5004311459077444;4.981233712927184
217;-0.4857245893909043;-0.5031222579301061;5.1326382127515
218;-0.48068915499738485;-0.5057093850529825;5.196784910583358
219;-0.475839337703163;-0.5081982315245188;5.111184276392881
220;-0.4711662693745192;-0.5105937429545929;5.079782805597614
221;-0.46666319939273304;-0.512899874493098;5.054119837194931
222;-0.4623258543091823;-0.515119380906498;5.042254412419899
223;-0.4581527384213846;-0.5172536353986604;5.0228466390125766
224;-0.4541453664071669;-0.5193024831790231;5.058609272774967
225;-0.45030842235521384;-0.5212641343445824;5.05479909508605
226;-0.4466498435072253;-0.5231350986878798;5.125048048401087
227;-0.4431808313466467;-0.5249101627501391;5.195363772897474
228;-0.43991579670941583;-0.5265824070895676;5.176817535007599
229;-0.436872248592039;-0.5281432596985787;5.1917077030562835
230;-0.4340706374838935;-0.529582580198685;5.213836147814516
231;-0.4315341626315906;-0.5308887692786799;5.216111403077571
232;-0.4292885481727797;-0.5320488991502448;5.2722268167326884
233;-0.4273617854720074;-0.5330488637428271;5.328275542081376
234;-0.4257838286941262;-0.5338735518737432;5.443766753800466
235;-0.424586218699361;-0.534507052335165;5.596767344374298
236;-0.42380159837338965;-0.5349329060274013;5.630044901309816
237;-0.42346307267870875;-0.5351344258983446;5.679762766848633
238;-0.42360336159190354;-0.5350951092019848;5.613745290499835
239;-0.4242536964407535;-0.5347991669646424;5.690864089382383
240;-0.4254424226413386;-0.534232191037795;5.696808045442817
241;-0.42719329653188914;-0.5333819684756776;5.584983413836633
242;-0.42952350163577324;-0.5322394356158244;5.515707491892149
243;-0.43244145868833195;-0.5307997407180252;5.469191375176807
244;-0.4359445593874536;-0.5290633564822294;5.471804624895408
245;-0.4400170079084763;-0.5270371561253524;5.488350685889831
246;-0.4446279960802507;-0.5247353442249849;5.459940105422451
247;-0.44973045678487533;-0.5221801218403206;5.351234647209181
248;-0.45526062734644723;-0.5194019689831141;5.52053134333501
249;-0.46113860742235074;-0.5164394483578162;5.449145897191666
250;-0.46727001757868736;-0.5133384712883704;5.172745237925625
251;-0.4735487642749624;-0.5101510158034848;5.119697299911796
252;-0.4798608068375668;-0.5069333417975496;5.1200749261156755
253;-0.48608871569434303;-0.5037438019656176;5.022661675816631
254;-0.49211672143505003;-0.500640392963928;4.874734025276836
255;-0.4978358920381309;-0.49767822311031884;4.850134850866901
256;-0.503149049188081;-0.4949070866164531;4.873982529241411
257;-0.5079750490378474;-0.49236932754304674;4.764264662647251
258;-0.5122521087586337;-0.49009814948931046;4.604963273231726
259;-0.5159399530049431;-0.4881164822671303;4.483514404128296
260;-0.5190206731741357;-0.4864364600033568;4.364829174366631
261;-0.5214983208991643;-0.48505950403453446;4.319386182723774
262;-0.5233973766228861;-0.4839769474394152;4.240170695499845
263;-0.5247603265638136;-0.48317109424790067;4.0444041245654665
264;-0.5256446344622204;-0.48261658092283427;3.9635191246627564
265;-0.5261194040395079;-0.4822819025194668;3.9588793245487683
266;-0.526261998752726;-0.4821309788821916;3.932196312899442
267;-0.5261548286069563;-0.4821246621311047;3.812649459632001
268;-0.5258824441025659;-0.48222211882457233;3.745102969953207
269;-0.5255290088063962;-0.48238205209430624;3.6599796995662017
270;-0.5251761650566485;-0.48256375579364374;3.616780704434667
271;-0.5249012677217848;-0.4827280114539774;3.605745260105262
272;-0.5247759399215736;-0.48283784886600395;3.5879842598052663
273;-0.5248648998146525;-0.4828591932913144;3.576800690746695
274;-0.5252250144211277;-0.48276141862089617;3.5989518352761634
275;-0.5259045496073742;-0.4825178186776754;3.6594429399746766
276;-0.5269425997068542;-0.4821060007816113;3.687565492331802
277;-0.5283686917467865;-0.48150819878820367;3.629715561239547
278;-0.5302025654166986;-0.48071149859381507;3.5966468293622653
279;-0.5324541300090144;-0.47970796831416285;3.6009095793893233
280;-0.5351235944425732;-0.4784946879015638;3.6413155344965813
281;-0.5382017581908416;-0.477073678058961;3.6706868915482023
282;-0.5416704420967577;-0.47545173462189166;3.6754887415857147
283;-0.5455030311944661;-0.4736401806213859;3.7453168972741646
284;-0.5496650986431124;-0.4716545526777141;3.729234777024455
285;-0.5541150815661577;-0.4695142403066503;3.7935810925359337
286;-0.5588049857495981;-0.4672420958302182;3.794329568989976
287;-0.5636811056373633;-0.46486402914466435;3.8344881451646664
288;-0.568684757148602;-0.46240859634730047;3.9183225965099195
289;-0.5737530316207321;-0.45990658516599353;3.923659309428155
290;-0.5788195879046999;-0.4573905943293668;4.020588254476149
291;-0.5838155049527036;-0.4548945993959733;4.150621540640201
292;-0.5886702183029798;-0.45245349481911973;4.197395549060688
293;-0.5933125603635119;-0.4501026015614708;4.15194801661188
294;-0.5976719164808976;-0.4478771315017323;4.188619917464785
295;-0.6016794970049887;-0.445811604049892;4.31584116713888
296;-0.6052697108109797;-0.4439392164492488;4.4202533568672635
297;-0.6083816091946733;-0.44229117665954876;4.5198010793081815
298;-0.6109603521509155;-0.44089601580892734;4.557079354567723
299;-0.6129586334469433;-0.4397789051788036;4.59859099944483
300;-0.6143379884497997;-0.438961009665256;4.593319000531166
301;-0.6150699012577887;-0.4384589147231633;4.414463858375332
302;-0.615136627096256;-0.4382841660571708;4.302672284686813
303;-0.6145316535699621;-0.4384429600183614;4.164512102218924
304;-0.6132597409432341;-0.4389360172934832;4.143260297060827
305;-0.6113365068848808;-0.43975866292028026;4.077116277427872
306;-0.6087875535796969;-0.4409011223246885;4.020488915875823
307;-0.6056471719649431;-0.4423490269364524;4.045626581096861
308;-0.6019566951132944;-0.44408410555887096;3.952727996699565
309;-0.5977626057147339;-0.4460850210582782;3.913891280847559
310;-0.5931145264120071;-0.4483282983151651;3.970325666353361
311;-0.5880632324347886;-0.45078928080716063;3.9521697610940203
312;-0.5826588212602802;-0.4534430511909468;3.9451011959597433
313;-0.576949153941409;-0.4562652564263402;3.9230756842179964
314;-0.5709786498756512;-0.45923278983114996;3.8547616187159606
315;-0.564787475930872;-0.4623242993450112;3.841309483502688
316;-0.5584111281250397;-0.46552051073068657;3.8302549204809337
317;-0.5518803657216075;-0.4688043735763935;3.8564694053678115
318;-0.5452214287803189;-0.4721610540816289;3.8567616682638626
319;-0.5384564539615411;-0.4755778097088202;3.8576307193468256
320;-0.5316040003175422;-0.4790437859007978;3.741039470473858
321;-0.5246796052299141;-0.4825497743566218;3.676099725693481
322;-0.5176963072680768;-0.48608796692402784;3.6580816461459342
323;-0.5106650935455064;-0.4896517306841187;3.6193562358177314
324;-0.5035952503149806;-0.49323542010758004;3.609514891822867
325;-0.4964946140810722;-0.4968342328714327;3.670921622450258
326;-0.4893697345805402;-0.5004441082052952;3.546293944154843
327;-0.48222596991264166;-0.5040616611078472;3.4996358975953665
328;-0.47506753815619956;-0.5076841425610723;3.521596936667275
329;-0.4678975498665336;-0.5113094147239808;3.4477835171466493
330;-0.46071804306200215;-0.514935930545462;3.4360423490514402
331;-0.45353003785770946;-0.5185627087616216;3.4261705125247195
332;-0.4463336227887488;-0.5221892973337751;3.400744202044991
333;-0.43912807984226004;-0.5258157206323173;3.3961414358048176
334;-0.4319120507761073;-0.529442407791632;3.423132611564431
335;-0.42468374369730233;-0.5330701014804022;3.394948352599206
336;-0.4174411761795115;-0.5366997477741211;3.3896398937292793
337;-0.4101824493672447;-0.5403323688759288;3.396179647498811
338;-0.4029060464248749;-0.5439689211456905;3.4130069504610505
339;-0.3956111481912715;-0.5476101413255617;3.4462315563955204
340;-0.3882979588435701;-0.5512563840600404;3.4847891206582475
341;-0.3809680346193234;-0.5549074538628571;3.486509247424082
342;-0.37362460908151407;-0.5585624346360881;3.4989899620541456
343;-0.36627290894758635;-0.5622195197410761;3.527410534188281
344;-0.3589204550775762;-0.5658758454873843;3.520077887817529
345;-0.35157734378344807;-0.5695273307662585;3.525817246100112
346;-0.3442565041534769;-0.5731685254221687;3.5212937795626797
347;-0.33697392756508937;-0.5767924698371809;3.5160415640344618
348;-0.329748865978186;-0.5803905681011392;3.524956595633953
349;-0.3226039959549082;-0.5839524770562992;3.542683674271279
350;-0.31556554564043604;-0.58746601343679;3.5691445461516147
351;-0.3086633821633564;-0.5909170812691021;3.6085141845934414
352;-0.3019310570741841;-0.5942896216574277;3.6636566497369563
353;-0.2954058075366969;-0.5975655870451427;3.7019350446866612
354;-0.2891285110176227;-0.6007249420194016;3.7052694157537154
355;-0.2831435911835086;-0.6037456927083965;3.7405850455306755
356;-0.27749887260684536;-0.6066039468090231;3.823187558897491
357;-0.2722453817061252;-0.609274006274251;3.891764993153784
358;-0.2674370911010491;-0.6117284946800728;3.8900868778526747
359;-0.2631306042687473;-0.6139385212732332;3.9467842869539513
360;-0.2593847770689608;-0.6158738836586222;4.028536194293684
361;-0.25626027241606864;-0.6175033109963624;4.096821388481963
362;-0.25381904419032547;-0.618794749409711;4.0227011036604985
363;-0.25212374650577746;-0.6197156910104454;4.04556268523727
364;-0.2512370648225189;-0.6202335474714329;4.12064765297707
365;-0.25122096626185486;-0.6203160683511545;4.231778547737927
366;-0.25213586801631627;-0.6199318033348407;4.320451824896717
367;-0.2540397250874348;-0.6190506061432088;4.527489968225435
368;-0.2569870418308473;-0.617644176037257;4.723974740809446
369;-0.26102781595921826;-0.6156866306202625;4.692174485292599
370;-0.2662064286577016;-0.6131551010647343;4.377563173649947
371;-0.2725605000844382;-0.6100303380961477;4.222560259512594
372;-0.2801197354099983;-0.606297314236345;4.241639190733025
373;-0.28890479223514154;-0.6019458051914923;4.102021764930785
374;-0.29892620518902363;-0.5969709311369318;3.9476851128982946
375;-0.31018340721458815;-0.5913736372749322;3.90795764641546
376;-0.32266388901412874;-0.5851610926509041;3.905459863240325
377;-0.33634253798810754;-0.5783469869644543;4.031241948116025
378;-0.3511811955391395;-0.5709517070636305;3.9230028570263964
379;-0.36712846678652583;-0.5630023779230706;3.870636345535704
380;-0.38411980966914305;-0.5545327570483801;3.7818483964473626
381;-0.4020779213821392;-0.545582976218995;3.81306762659623
382;-0.4209134295007056;-0.5361991300331678;3.765051848302396
383;-0.4405258835020359;-0.5264327165788754;3.7355242203316403
384;-0.4608050302963931;-0.5163399414381848;3.535775876227463
385;-0.4816323454690005;-0.5059809018492584;3.3741538389181747
386;-0.5028827808912496;-0.49541867290881275;3.337255176586435
387;-0.5244266798427692;-0.48471832191548353;3.2834418341747735
388;-0.5461318033913874;-0.4739458800714013;3.226159555711513
389;-0.5678654069848814;-0.46316730256077854;3.200030205111856
390;-0.5894963043301408;-0.45244744836693357;3.1792629634506047
391;-0.6108968567851797;-0.4418491100239814;3.124157988043725
392;-0.6319448305665967;-0.4314321208868555;3.1112165238478853
393;-0.652525070774651;-0.4212525636147501;3.0064200043901343
394;-0.6725309500833463;-0.4113620986670448;2.96188374251494
395;-0.6918655603339096;-0.4018074260461422;2.8859541409664797
396;-0.7104426265415359;-0.3926298876619433;2.7914264968722136
397;-0.7281871343044727;-0.3838652119080441;2.7319668126524603
398;-0.7450356726626091;-0.37554339666248926;2.7013529118897384
399;-0.7609365045453154;-0.3676887222243441;2.6935441914890568
400;-0.7758493856429547;-0.3603198818602865;2.7338740112809345
401;-0.7897451595279096;-0.353450214767718;2.7478129212206692
402;-0.8026051619651001;-0.34708802438831454;2.6988146833778823
403;-0.8144204705410245;-0.3412369640867844;2.672045540349159
404;-0.8251910370710134;-0.33589647215003315;2.6690088526995583
405;-0.8349247398798907;-0.33106223873274115;2.6790447898083425
406;-0.8436363912298452;-0.32672668862759785;2.699890838660502
407;-0.8513467321796201;-0.3228794654174104;2.732303329477037
408;-0.8580814433147026;-0.31950790452261646;2.788640062102095
409;-0.8638701954034305;-0.31659748475561067;2.8119208329967336
410;-0.8687457594023508;-0.31413225011616003;2.8552840929906025
411;-0.8727431906121181;-0.3120951956157802;2.8959562213957635
412;-0.875899097380218;-0.31046861283222443;2.93994063592479
413;-0.87825100071267;-0.30923439261979374;2.9976409409354683
414;-0.8798367875935047;-0.3083742839089232;3.002435432740397
415;-0.8806942577689051;-0.307870108809077;3.041560181299895
416;-0.8808607612415587;-0.3077039352859161;3.0716604426120457
417;-0.8803729217168232;-0.30785820953111764;3.1387475002206076
418;-0.879266439700281;-0.30831585080209767;3.1185493081601052
419;-0.8775759678077316;-0.3090603120039624;3.1478140464944633
420;-0.8753350500503652;-0.31007560964310943;3.1930714261852104
421;-0.8725761163384818;-0.3113463270255107;3.2505255027888547
422;-0.8693305231521131;-0.31285759472456365;3.2756696505716887
423;-0.8656286312118682;-0.31459505242109176;3.3418533068022245
424;-0.8614999110158102;-0.3165447962345306;3.3632426356111758
425;-0.8569730672680272;-0.31869331562750414;3.3841944992974473
426;-0.8520761735032655;-0.3210274238791314;3.4109493639112958
427;-0.8468368086108203;-0.3235341859846145;3.4579625253503186
428;-0.8412821874881269;-0.3262008476459614;3.551268668096978
429;-0.8354392787220541;-0.32901476876530755;3.579018798733865
430;-0.8293349030148238;-0.3319633645324741;3.5727918180409675
431;-0.8229958070475647;-0.3350340568081924;3.6058851732164423
432;-0.8164487086033996;-0.3382142380439779;3.686804693750902
433;-0.8097203100345782;-0.3414912494550761;3.6603206370640233
434;-0.8028372785175516;-0.3448523745881936;3.686776486069712
435;-0.7958261929387388;-0.3482848488236804;3.7119329671309202
436;-0.7887134586153379;-0.35177588475453386;3.8155054567858895
437;-0.7815251922864754;-0.35531271283209465;3.8470791119648418
438;-0.7742870808072133;-0.3588826362063878;3.7852053580968583
439;-0.7670242176384459;-0.362473098364943;3.7676676142206342
440;-0.7597609214599;-0.36607176203064073;3.769411601256246
441;-0.7525205409803916;-0.36966659784873324;3.7289399545507216
442;-0.7453252492634576;-0.3732459816888791;3.728429810182336
443;-0.7381958296728385;-0.37679879989647597;3.7354251057825105
444;-0.7311514539906074;-0.38031456250164675;3.728953297420832
445;-0.7242094515737612;-0.38378352514757325;3.7123255535788733
446;-0.7173850668798212;-0.3871968212038984;3.706622961957608
447;-0.7106912016716327;-0.3905466060164214;3.5948243683706176
448;-0.7041381381235955;-0.3938262153082359;3.4334352657614158
449;-0.6977332403292187;-0.39703033916847724;3.3451797085018757
450;-0.6914806347432254;-0.40015521162860135;3.274763933316438
451;-0.6853808751469581;-0.4031988133631793;3.2149439824191983
452;-0.6794306048494245;-0.40616108148750807;3.1632394074395807
453;-0.6736222377522099;-0.40904411583465783;3.1189890981110002
454;-0.6679436899383084;-0.41185236576286743;3.0829195409153374
455;-0.6623782034950287;-0.41459277599394834;3.058524548157581
456;-0.6569043129058184;-0.41727486496931965;3.083626881987104
457;-0.6514960099491943;-0.4199107056448358;3.0196548784079797
458;-0.6461231641695958;-0.4225147774516051;3.097938129441177
459;-0.6407522516366475;-0.42510366006049205;2.990446139677727
460;-0.6353474345582606;-0.4276955449467538;2.9433511540655446
461;-0.6298720186855373;-0.4303095493992024;2.8710363553031546
462;-0.624290295023177;-0.4329648289450348;2.844647717892623
463;-0.618569747674582;-0.4356794973504464;2.8195990689401977
464;-0.6126835806343087;-0.4384693777586635;2.8109111199363337
465;-0.6066134821591791;-0.44134662400336877;2.8022718409838387
466;-0.6003525047779081;-0.44431826818571685;2.814937898304787
467;-0.5939078913722936;-0.4473847701211768;2.8474627247635755
468;-0.5873036244457727;-0.45053866688062283;2.789099803627259
469;-0.5805824218919395;-0.4537634457224368;2.80067423509821
470;-0.5738068590653043;-0.4570327881004316;2.793160041318818
471;-0.5670592808389332;-0.46031034944976534;2.802923048270962
472;-0.5604402002870429;-0.46355023865917105;2.789796513022421
473;-0.5540649831693373;-0.46669832998032423;2.840248248971686
474;-0.5480587989841643;-0.46969446823688815;2.8935356250571638
475;-0.5425500671451967;-0.47247551396019993;2.897338075454616
476;-0.5376628988873478;-0.4749790319871823;3.059636605565626
477;-0.5335092653655227;-0.4771472856154586;3.036372085198148
478;-0.5301817381168705;-0.47893109982704923;3.104978133888073
479;-0.527747600776056;-0.48029313872255325;3.0748198312722774
480;-0.5262449201191857;-0.48121022045422823;3.1600660439921238
481;-0.5256808447053638;-0.48167445215337;3.137184224496622
482;-0.5260320617751008;-0.4816931634619509;3.2702445794793227
483;-0.5272470793033806;-0.481287794279273;3.2938262023073857
484;-0.5292498666232494;-0.4804920048292931;3.1474574204022616
485;-0.5319443873097225;-0.47934930618420973;3.154688925526549
486;-0.5352196488119929;-0.47791046997372616;3.3568164458908436
487;-0.538955008171785;-0.47623090161773396;3.226413585086404
488;-0.5430255506565574;-0.4743680913564013;3.1609270800662292
489;-0.5473073648292306;-0.4723792197249146;3.0469455636677703
490;-0.5516824797705548;-0.47031899572787994;3.0436965610568505
491;-0.5560431515259436;-0.46823783096133836;3.0497144560826297
492;-0.5602951499274428;-0.46618047079837616;3.1702918738723405
493;-0.5643597580910233;-0.4641851845468522;3.1125803298313026
494;-0.5681743697433942;-0.462283547719527;3.0915756488773156
495;-0.5716918129063041;-0.4605007463695893;2.8981282604141962
496;-0.5748787574741945;-0.45885623436584266;2.723904719102392
497;-0.5777136906989428;-0.4573645220531745;2.6279318536037595
498;-0.5801849250445341;-0.45603589117193444;2.6074731696828977
499;-0.5822889621745858;-0.45487690499955247;2.6262236009209956
500;-0.5840293503340797;-0.45389067754351986;2.549230015275818
501;-0.5854160202558367;-0.45307694094142387;2.56330677251266
502;-0.5864650115680776;-0.45243198276361857;2.4475407576840627
503;-0.5871985044191035;-0.45194851530743874;2.3515306846450565
504;-0.5876451132074967;-0.4516155052508681;2.272583369661698
505;-0.5878404349182487;-0.45141795802519463;2.219155713892594
506;-0.5878278370918614;-0.45133663722470585;2.194271145785834
507;-0.5876594028093058;-0.45134771708658605;2.19588615295084
508;-0.5873968280732016;-0.4514224170142455;2.219006428257797
509;-0.5871119190281531;-0.45152674176283303;2.2508468759214963
510;-0.586886209356798;-0.45162152913677805;2.246675505519529
511;-0.5868091665446723;-0.4516630611835176;2.325658247423822
512;-0.5869745247169428;-0.4516044969143976;2.3744001886858284
513;-0.5874744874144378;-0.4513983168553966;2.3900507057379206
514;-0.5883918600820076;-0.45099983445782843;2.460376120016419
515;-0.5897905353218815;-0.4503716513451719;2.5021254010179037
516;-0.5917050852465269;-0.449488751962956;2.4759870675626634
517;-0.5941304530808621;-0.44834378672904684;2.539398167725035
518;-0.5970128605300535;-0.4469520028595397;2.6222737471521866
519;-0.6002430803241903;-0.44535524730200865;2.549296245985218
520;-0.6036532033063539;-0.44362446935744787;2.619314832719975
521;-0.6070179734140315;-0.4418601753118423;2.804952737383331
522;-0.6100616382054241;-0.4401903360075667;2.7411937465337277
523;-0.612470982133303;-0.43876534971215175;2.676419807426145
524;-0.6139146737823296;-0.4377498642290184;2.6958477131544356
525;-0.6140682127912669;-0.43731160481946874;2.776875273222182
526;-0.6126426625059752;-0.43760783955212634;2.8279154122897303
527;-0.6094141934062804;-0.43877067797841884;2.7317472067513333
528;-0.6042505432414028;-0.44089291460656005;2.703808177284411
529;-0.5971301596279849;-0.44401643362307797;2.716621119026854
530;-0.588150297981844;-0.44812514079543175;2.8062736440455924
531;-0.5775217941769718;-0.45314390635116036;2.719451717747139
532;-0.5655504423054264;-0.45894412023083725;2.743692973227993
533;-0.5526074140857022;-0.465355334083788;2.7555629928268757
534;-0.5390932911342631;-0.47218135277494266;2.751742347924314
535;-0.525401409652704;-0.4792183364730108;2.7147614438483587
536;-0.5118860026609607;-0.4862722059562219;2.761946207132006
537;-0.4988391805614993;-0.4931729707346404;2.737335330397614
538;-0.4864786212107618;-0.4997844004080492;2.776911889095903
539;-0.47494561652328166;-0.5060084847127929;2.7740277047889994
540;-0.46431141866441705;-0.5117850972944337;2.778412135225024
541;-0.45458894972931385;-0.5170879745346841;2.7553191316274326
542;-0.44574688383276684;-0.5219184411302153;2.718525165164616
543;-0.43772365465689494;-0.5262982770289978;2.711142787997503
544;-0.430439769472793;-0.5302628319088208;2.7209627874959876
545;-0.4238076400923315;-0.5338550938596182;2.7632554844506014
546;-0.4177387933496359;-0.5371210320049165;2.7378265768726533
547;-0.41214873447100364;-0.5401062355122773;2.747001836554744
548;-0.40695992685557686;-0.5428536894236057;2.766323808496784
549;-0.4021033838097169;-0.5454024486637277;2.794243735291574
550;-0.3975193099602242;-0.5477869648914466;2.8331678519769063
551;-0.39315713648780615;-0.5500368540923032;2.899705118031112
552;-0.38897519894320376;-0.5521769407413266;2.902060729873943
553;-0.3849402257620138;-0.5542274614593412;2.9382733199167745
554;-0.3810267445099189;-0.556204350083787;2.98854003797912
555;-0.37721646995878716;-0.5581195551543687;3.1047474706378937
556;-0.37349770951151917;-0.5599813609784687;3.0918964462973784
557;-0.36986480321934073;-0.5617946967046603;3.146097191000881
558;-0.36631760432345634;-0.5635614262224566;3.2190678614150037
559;-0.3628609994681264;-0.5652806168549099;3.3242383386196983
560;-0.3595044638380651;-0.5669487878795922;3.3901025397835527
561;-0.3562616444242314;-0.5685601416666395;3.482860473274301
562;-0.35314996376664654;-0.5701067811373444;3.536040043046986
563;-0.35019023645341296;-0.5715789176148137;3.58689125015793
564;-0.34740629110942467;-0.5729650731388835;3.699857376106885
565;-0.344824591408867;-0.5742522810657675;3.807752627725132
566;-0.34247385066557345;-0.5754262883473995;3.8616387778893544
567;-0.3403846356998793;-0.5764717623434334;3.9486312041032887
568;-0.3385889568781929;-0.5773725044041438;4.091202293133403
569;-0.33711984241921245;-0.5781116718085623;4.125592044544191
570;-0.3360108962221796;-0.5786720089742877;4.2271062931881405
571;-0.3352958395762359;-0.5790360881911738;4.261244484556253
572;-0.33500803814729363;-0.5791865594818356;4.388826889332686
573;-0.335180016611793;-0.5791064085637505;4.598060699779732
574;-0.33584296422437465;-0.5787792212831926;4.748048251034186
575;-0.3370262354812249;-0.5781894523111675;5.044140618746127
576;-0.3387568508840165;-0.5773226953367996;5.695485546352046
577;-0.3410590036271757;-0.5761659514670601;5.270722595932276
578;-0.34395357882131594;-0.5747078920493796;5.177221244784916
579;-0.3474576926146773;-0.5729391116857592;5.100928080612896
580;-0.3515842592573156;-0.5708523668182431;4.84776051288751
581;-0.356341594733849;-0.5684427949547062;4.66411103215184
582;-0.3617330660263971;-0.565708109392595;4.648278762645978
583;-0.3677567953130386;-0.5626487642094335;4.412329431162835
584;-0.37440542841326885;-0.559268084344763;4.271765559533665
585;-0.3816659765214401;-0.5555723558180687;4.292001374846284
586;-0.38951973969216164;-0.5515708715258685;4.096295396761034
587;-0.3979423196389748;-0.5472759286475395;3.9515637951667264
588;-0.40690372816913;-0.5427027744665641;3.9000330941059658
589;-0.4163685959990553;-0.5378694983788062;3.702333083262415
590;-0.42629648477615767;-0.5327968690038538;3.5905475802977076
591;-0.43664230287408023;-0.5275081166253522;3.5054345110700496
592;-0.4473568229368796;-0.522028662640523;3.397214213076971
593;-0.4583872962429212;-0.5163857992665842;3.325653477132043
594;-0.46967815578781585;-0.5106083243878464;3.1984436606043745
595;-0.4811717966330125;-0.5047261380702324;3.0516280847427013
596;-0.49280941866659195;-0.4987698088410344;3.0033079394132804
597;-0.5045319136572334;-0.4927701192386973;2.838883890031637
598;-0.5162807755677883;-0.48675760128436574;2.743891708837175
599;-0.52799901075656;-0.4807620733283277;2.665221051677325
600;-0.5396320231317712;-0.47481219012114523;2.599905039136403
601;-0.5511284486774796;-0.46893501793182146;2.548490463244379
602;-0.5624409140934418;-0.4631556461101401;2.5210056785088035
603;-0.573526695555326;-0.45749684573387767;2.4689527551244255
604;-0.5843482557043596;-0.45197878498333655;2.4265783660539513
605;-0.5948736397868576;-0.44661880973067053;2.4044248218547217
606;-0.605076715273503;-0.441431296571324;2.409150429372182
607;-0.61493724324729;-0.4364275841542623;2.415244618688205
608;-0.6244407743898618;-0.4316159871168229;2.3736176545297796
609;-0.6335783676148605;-0.427001895078032;2.3670824292540646
610;-0.6423461354010459;-0.4225879568531509;2.4182855970559105
611;-0.6507446267073714;-0.4183743472154694;2.392577363139001
612;-0.6587780658986836;-0.4143591101245437;2.4466836904090696
613;-0.6664534740589761;-0.4105385684602408;2.4030596070171315
614;-0.6737797068826707;-0.4069077861836049;2.3789871346593916
615;-0.6807664502954327;-0.40346106484700794;2.380414669175866
616;-0.6874232202560854;-0.40019245293684835;2.4126956860232025
617;-0.6937584160537555;-0.39709624410953387;2.5121013152190503
618;-0.6997784762242261;-0.39416743937843696;2.5946776279058517
619;-0.7054871826208942;-0.39140214900768744;2.5879459285352877
620;-0.7108851511788337;-0.3887979123798935;2.5771629183841167
621;-0.7159695378443056;-0.38635391834881294;2.677357525277731
622;-0.7207339756567879;-0.3840711142986245;2.7154139509113175
623;-0.7251687449500286;-0.38195219888964066;2.858886145971984
624;-0.7292611641029648;-0.38000150075439976;2.882305496184666
625;-0.7329961742785486;-0.3782247526523502;2.9288235979125803
626;-0.736357079151149;-0.37662877724195887;2.935424432019305
627;-0.7393263906467218;-0.37522110618982285;2.969901928989077
628;-0.7418867249617798;-0.37400955840036776;3.0285539562898154
629;-0.7440216901662939;-0.3730018054180067;3.1017285630300755
630;-0.7457167079003515;-0.3722049523450554;3.2263472014318006
631;-0.7469597171594033;-0.3716251608767124;3.3792058750966536
632;-0.7477417177341845;-0.37126733735561573;3.5822364535635924
633;-0.7480571239709775;-0.37113490331348664;3.782069414641687
634;-0.7479039151914937;-0.37122965916975476;3.8873987322864623
635;-0.7472835860272964;-0.3715517441220661;4.016421349718628
636;-0.7462009164648311;-0.3720996874458963;4.1022176093836435
637;-0.7446635958376844;-0.37287053915347046;4.074099867518385
638;-0.7426817457456317;-0.3738600619778779;4.043935034225709
639;-0.7402673927177645;-0.37506296257680527;4.000001572297704
640;-0.7374339417734308;-0.376473138117879;3.9814012843785216
641;-0.73419569701147;-0.37808391515613043;3.806044446254564
642;-0.7305674658454072;-0.3798882607652986;3.6433581967650466
643;-0.7265642709493296;-0.38187895076147876;3.5886265386338816
644;-0.7222011801571318;-0.38404868586157537;3.4854566045039506
645;-0.7174932512524511;-0.38639015294844054;3.475793530162887
646;-0.7124555773127962;-0.38889603449668475;3.3599358102771917
647;-0.7071034100663561;-0.3915589740216016;3.287380148324663
648;-0.7014523340512635;-0.3943715087479787;3.2532882187670005
649;-0.695518463155313;-0.39732598241012407;3.1921749099092254
650;-0.6893186328481928;-0.4004144512784772;3.179526201069066
651;-0.6828705653209127;-0.40362859542850504;3.169111974363578
652;-0.6761929899486491;-0.4069596452928428;3.0767715221140803
653;-0.669305707178743;-0.4103983310617008;3.0161692585033117
654;-0.6622295894546868;-0.41393485987661754;2.9680268326779786
655;-0.6549865176620181;-0.41755892327872235;2.911754333588634
656;-0.6475992555705081;-0.4212597352107156;2.890080488735858
657;-0.6400912677720187;-0.42502609912618083;2.8506222745570575
658;-0.6324864887271413;-0.42884650144922554;2.8500930528915593
659;-0.6248090518674196;-0.43270922771684983;2.774815934488727
660;-0.6170829884187853;-0.43660249716033944;2.739748087403825
661;-0.6093319058806428;-0.4405146111639741;2.7162890107374538
662;-0.6015786560556456;-0.44443411090694557;2.7009902146406026
663;-0.5938450022848953;-0.44834993948807683;2.6929367862282985
664;-0.5861512951716006;-0.45225160391049407;2.6922010225906376
665;-0.5785161656082054;-0.45612933244027654;2.6998102629594687
666;-0.5709562433646511;-0.4599742230403146;2.718723904860683
667;-0.5634859088363978;-0.46377837882107303;2.7604156846805132
668;-0.5561170847671222;-0.46753502675418074;2.8195320846360232
669;-0.5488590738275998;-0.47123861627640834;2.7954484558076755
670;-0.5417184468296423;-0.47488489488328994;2.865552902610122
671;-0.5346989850744025;-0.4784709583814137;2.807594399919281
672;-0.5278016788867135;-0.481995274136676;2.8378327776164514
673;-0.5210247827997079;-0.4854576764134354;2.8102419278701114
674;-0.514363926175326;-0.48885933372672935;2.804104021813968
675;-0.507812276343709;-0.49220268899632674;2.8208431819033715
676;-0.5013607496998513;-0.4954913741581685;2.772005351170059
677;-0.49499826469966324;-0.49873010171017257;2.7972726870843183
678;-0.4887120294405684;-0.5019245363973925;2.8352787140586067
679;-0.482487855575977;-0.5050811508301049;2.77529928376438
680;-0.4763104897625625;-0.5082070692383598;2.7312906705307243
681;-0.4701639537125064;-0.5113099037700881;2.7250731679611624
682;-0.46403188422657327;-0.5143975877241267;2.7524073666897344
683;-0.4578978652909458;-0.5174782098787221;2.736760069986869
684;-0.4517457453716992;-0.5205598536516419;2.7063949055058547
685;-0.44555993434883817;-0.5236504442470012;2.6981158267099064
686;-0.4393256759912284;-0.5267576062553331;2.7007624394642016
687;-0.4330292933703705;-0.5298885334334178;2.7128678667307
688;-0.4266584060333501;-0.5330498716566252;2.7379849455459104
689;-0.42020211900546767;-0.536247615362532;2.7694349687654456
690;-0.4136511846949344;-0.5394870172349239;2.7719519298929334
691;-0.40699813947736974;-0.5427725104439136;2.799481314376951
692;-0.40023741712852723;-0.5461076424780955;2.852663201802374
693;-0.39336544136090185;-0.5494950194807756;2.9190390892126823
694;-0.3863806995402284;-0.5529362600229244;2.9301247051426245
695;-0.3792837992676796;-0.556431957387947;2.8997329337988726
696;-0.37207750898163394;-0.5599816496767958;2.921363737242752
697;-0.36476678313330013;-0.56358379733108;2.9595259767983544
698;-0.3573587718958532;-0.5672357679801943;2.9376882137815987
699;-0.3498628148423685;-0.57093382881165;2.9208334501028577
700;-0.34229041762751455;-0.5746731469116706;2.9189667011701323
