0;-0.5002535710010407;-0.4976289366225212;2.7169316429819275
1;-0.4972058881222983;-0.49909647093476717;2.7103546750248624
2;-0.494217705391696;-0.5005442684697423;2.6710400959147242
3;-0.4913571697385195;-0.5019410068252991;2.621378605663093
4;-0.4886642222536468;-0.5032643533361896;2.6546945033064713
5;-0.4861706038853681;-0.5044989915015039;2.6879357263914168
6;-0.4839074136656838;-0.5056299104507488;2.716223084710967
7;-0.4819020149831218;-0.5066431529657264;2.7021613153943433
8;-0.48017786910852445;-0.5075264813813033;2.748706885295508
9;-0.4787560404186314;-0.5082689555090032;2.7481353275823253
10;-0.4776560631559497;-0.5088604665881388;2.8135059733081005
11;-0.47689607261491546;-0.5092915683256777;2.8344353751734186
12;-0.47649253593802693;-0.509553542627702;2.8856073405313656
13;-0.4764597853493235;-0.5096386085833979;2.820632715291941
14;-0.4768094903147394;-0.5095401926685778;2.7730678541970892
15;-0.4775501903892624;-0.5092531773045683;2.750756178138174
16;-0.47868696990321924;-0.5087740654488087;2.7296379556155417
17;-0.48022127996560204;-0.5081010492604214;2.7625787994490105
18;-0.48215085295752597;-0.5072340196427013;2.775084024854144
19;-0.48446964756776617;-0.5061745673718171;2.8203179852446523
20;-0.48716779521476333;-0.5049260057242014;2.862867346031891
21;-0.4902315573493106;-0.5034934132802886;3.002328787277444
22;-0.49364332794359334;-0.5018836740171748;3.029624355291139
23;-0.4973817209996173;-0.5001054861435976;2.9360352603503883
24;-0.5014217643429532;-0.49816932146828485;2.9707563692874
25;-0.5057351729679027;-0.4960873429472316;2.918465858008368
26;-0.5102906041360181;-0.493873324750111;2.958462611837495
27;-0.5150537352141722;-0.49154265036716266;2.8881264299236853
28;-0.5184669741263507;-0.489882993071861;2.850617014452586
29;-0.5235452035327728;-0.48735908923497506;2.817461158759835
30;-0.5286852807154054;-0.4847875294896145;2.830973713875224
31;-0.5338375180722184;-0.4821918181740958;2.822592668311662
32;-0.5389468265202381;-0.47959830522992836;2.8205135782225343
33;-0.5439529730729086;-0.4770360492103354;2.8073676254618367
34;-0.5487912100751111;-0.47453649779691454;2.840221616659258
35;-0.5533931364622235;-0.47213305743964323;2.948597252532916
36;-0.5576876933766493;-0.4698606029336338;2.8383452906127986
37;-0.5616022548900991;-0.4677549502664344;2.8443457142798065
38;-0.5650638120736364;-0.46585230108829007;2.8004193765880228
39;-0.5680002687087498;-0.4641886635867714;2.8658068797996226
40;-0.5703418928266034;-0.46279924826620067;3.0142168004376115
41;-0.5720230159346874;-0.46171780929016587;2.916890972754198
42;-0.5729841101634519;-0.4609758514143126;2.819968339666717
43;-0.573174319306286;-0.46060159398486705;2.829594371094088
44;-0.5725543397324443;-0.4606186438013321;2.681742420504614
45;-0.5710993570195388;-0.4610444718515426;2.6229587951517823
46;-0.5688016835313667;-0.4618889077777906;2.566130689225727
47;-0.565672787170035;-0.4631528794796699;2.533975162380617
48;-0.561744437342206;-0.4648275726464369;2.4928188831307634
49;-0.5570686971076612;-0.46689413908802585;2.471078987851127
50;-0.5517165339573715;-0.4693240501206195;2.4041837894835942
51;-0.5457749605005265;-0.4720801386904156;2.4439995773609398
52;-0.5393428243211;-0.4751182935577709;2.3970681914253156
53;-0.5325255815139753;-0.4783896820588155;2.3195408218295954
54;-0.525429576602225;-0.48184330059365793;2.3840707584838965
55;-0.5181564836871703;-0.4854285906082462;2.311264102146444
56;-0.510798573344128;-0.48909783211378544;2.3196021585716884
57;-0.5034353027996791;-0.49280806333465743;2.239842568947028
58;-0.49613142156381224;-0.4965223756707356;2.2345385189313274
59;-0.48893647213744423;-0.500210561301841;2.222788406426412
60;-0.4818853963873384;-0.5038491873963274;2.153183457233495
61;-0.47499996539544903;-0.5074212040478446;2.1377951584268695
62;-0.4682907588516453;-0.5109152119155358;2.104016110370375
63;-0.46175929145565403;-0.5143245806901193;2.0149519671649156
64;-0.4553997872986144;-0.5176466669675851;2.0040120985071526
65;-0.4492002671504812;-0.5208823254927593;1.962031743274684
66;-0.4431430198204019;-0.5240357282576051;1.9115772055079012
67;-0.4372049247745007;-0.5271143081823392;1.8559422105334789
68;-0.4313581869160179;-0.5301285706385253;1.8298365047013039
69;-0.42557179728067973;-0.5330915988123206;1.821158654210116
70;-0.4198136911373211;-0.5360182147453484;1.8337575489250035
71;-0.4140533539948677;-0.5389238523354459;1.8344763622620754
72;-0.4082645460823782;-0.5418232458407426;1.8353971910770348
73;-0.4024278163282638;-0.5447290652241409;1.8796794398936512
74;-0.3965325268755031;-0.5476506446672585;1.8568281398745183
75;-0.3905782022283917;-0.5505929419888874;1.8384116291157873
76;-0.38457513689349565;-0.553555828852576;1.8392528582607761
77;-0.37854431050350074;-0.5565337537995775;1.8499990396786687
78;-0.3725167397235487;-0.5595157612403883;1.8685887629934106
79;-0.36653242734912794;-0.5624858072693857;1.8949275083247994
80;-0.36063905490619474;-0.5654232961448253;1.9310006242368736
81;-0.35489052203353155;-0.5683037675838155;1.9898159686603774
82;-0.349345385432809;-0.571099685116774;2.0205498543510028
83;-0.3440652142211895;-0.5737812965159409;2.08650420952729
84;-0.3391128745014772;-0.5763175465046478;2.18867729815247
85;-0.3345507872303788;-0.5786770139633844;2.1293641960630274
86;-0.3304392507371655;-0.580828826950583;2.134863954038864
87;-0.32683494733331814;-0.5827434951995765;2.1263884130143307
88;-0.32378973749570344;-0.5843936050917291;2.15414293472834
89;-0.32134979288375537;-0.5857543455336565;2.205660569310627
90;-0.31955506309777626;-0.5868038608253761;2.2156063048608834
91;-0.31843903757814584;-0.5875234450840133;2.1995348456244836
92;-0.31802875756412563;-0.5878975986628863;2.170561865081122
93;-0.3183450412367158;-0.5879139651353603;2.1393341796252954
94;-0.3194028940993091;-0.5875631641818078;2.126427851120573
95;-0.3212120790520041;-0.5868385347772945;2.098793426610433
96;-0.32377781623493085;-0.5857358048845045;2.093009814575904
97;-0.3271015754988793;-0.5842527068440169;2.0993475128125083
98;-0.3311819198723446;-0.5823885593961116;2.1196815190858995
99;-0.3360153617495273;-0.5801438354409104;2.1468572220712563
100;-0.34159720701688046;-0.5775197281932397;2.1448087207658078
101;-0.3479223824022104;-0.5745177190830089;2.1714027248759393
102;-0.35498625581390375;-0.5711391446147124;2.1934383644468567
103;-0.3627854476811133;-0.5673847667147294;2.2441709150965585
104;-0.37131857091237963;-0.5632543829903236;2.2086088905361065
105;-0.38058672142174876;-0.5587465728329564;2.228544174890148
106;-0.39059340729007436;-0.5538587430535631;2.2785607355938593
107;-0.4013435540031619;-0.5485876604274571;2.2720584546903844
108;-0.41284138752876054;-0.542930570627037;2.313628071384716
109;-0.4250874098735024;-0.5368867868923642;2.284836924183622
110;-0.438075144161799;-0.5304593909079456;2.294552315454577
111;-0.4517884919758007;-0.5236566022828116;2.2885258433595794
112;-0.4662002577057164;-0.5164925238647682;2.261628332859834
113;-0.48127187734649984;-0.5089872423434934;2.2596448717699826
114;-0.49695400823137886;-0.5011664666380734;2.2761326034329863
115;-0.5131875507881808;-0.49306093507712256;2.3107177783754675
116;-0.5299047917647257;-0.48470576176261027;2.3780159533161083
117;-0.5470305210606676;-0.47613980567720393;2.4837770906672634
118;-0.5644830896015349;-0.4674050825682229;2.5061822113485017
119;-0.5821754289136556;-0.4585462089210343;2.4658903038142417
120;-0.600016064345329;-0.44960985980664364;2.540231442015977
121;-0.6179101461251806;-0.4406442260481736;2.4806098437499813
122;-0.6357605102145891;-0.4316984629011118;2.5310065813587213
123;-0.6534687707005729;-0.4228221283885857;2.4867906455595303
124;-0.6709364389278969;-0.41406461340661316;2.5025191758715812
125;-0.6880660611216269;-0.40547456788466213;2.492247085987573
126;-0.7047623646619872;-0.3970993282962091;2.532719475109978
127;-0.7209334022065862;-0.38898435234897044;2.655512842196854
128;-0.7364916815125413;-0.38117266730912325;2.671455011826412
129;-0.7513552663687516;-0.37370433952887816;2.5979902362148164
130;-0.7654488300452305;-0.3666159745912656;2.6023802333408708
131;-0.7787046369159633;-0.3599402601367803;2.632696098919259
132;-0.7910634205727898;-0.3537055667846438;2.609313498925709
133;-0.8024751184531892;-0.3479356262624391;2.65205572585082
134;-0.8128994150221607;-0.3426493092698171;2.7000140316562034
135;-0.8223060398990083;-0.337860527746082;2.601741193007129
136;-0.8306747667346812;-0.3335782858111962;2.557436569819169
137;-0.8379950662048523;-0.32980689931616614;2.5746000291303774
138;-0.8442653848268138;-0.32654639454900103;2.5491894417534056
139;-0.8494920514437578;-0.323793081885753;2.598079249116417
140;-0.8536878532570553;-0.3215402811157661;2.626915414381395
141;-0.8568703676867202;-0.31977915453999795;2.575803056705948
142;-0.8590601763917425;-0.31849958586529004;2.5967162224470246
143;-0.8602791136497505;-0.31769103191516346;2.544521164409863
144;-0.8605487051934928;-0.31734327368409176;2.4933136899061807
145;-0.8598889328153796;-0.3174470042673996;2.4778036223671096
146;-0.8583174182897712;-0.3179942117005329;2.4933486430375384
147;-0.855849066430749;-0.3189783403530395;2.526078363675713
148;-0.8524961525862098;-0.32039423997560884;2.499615231091571
149;-0.8482687943462188;-0.32223793231411246;2.461233750431431
150;-0.8431757166086782;-0.3245062388060139;2.4347417433724985
151;-0.8372252048014953;-0.32719631880884054;2.4311825371270657
152;-0.8304261409109853;-0.33030516723212633;2.383986712386387
153;-0.8227890271271365;-0.33382911528512105;2.345885992304719
154;-0.8143269182837034;-0.3377633702810545;2.3241547768755537
155;-0.8050562034733791;-0.3421016216223572;2.3132065708718845
156;-0.7949971969095243;-0.3468357312731305;2.325624773986783
157;-0.7841745168140306;-0.35195551881055975;2.2919577825958775
158;-0.772617247916255;-0.3574486438686095;2.2703505335850918
159;-0.760358897403054;-0.3633005826527468;2.257099901718279
160;-0.7474371653519478;-0.36949469037519733;2.248314091719209
161;-0.7338935584397306;-0.3760123380606949;2.2428372710621782
162;-0.7197728799184118;-0.3828331102517832;2.240204089101618
163;-0.7051226296984714;-0.38993504962652314;2.240290427657909
164;-0.6899923464557457;-0.3972949352080546;2.2432927248252477
165;-0.6744329198689826;-0.4048885823400967;2.2499956326858475
166;-0.6584958964442111;-0.4126911544909694;2.2632883030251483
167;-0.6422327979032488;-0.4206774787932813;2.310047846104827
168;-0.6256944676148759;-0.42882235866093443;2.2710242608598112
169;-0.6089304585092508;-0.43710087761126626;2.26882055826254
170;-0.5919884754432672;-0.44548868847451567;2.2738435471240326
171;-0.5749138858212972;-0.45396228156550866;2.2850317960414017
172;-0.5577493138725338;-0.46249922432536733;2.3051130362709467
173;-0.5405343355932701;-0.47107836371454825;2.351289376197157
174;-0.5233052921408231;-0.47967998161370573;2.3638103786835805
175;-0.5060952386101806;-0.4882858930464671;2.3381687530020234
176;-0.48893404200009855;-0.49687947753160683;2.308015021836011
177;-0.47184863646115344;-0.5054456355714049;2.297025669864178
178;-0.4548634357336586;-0.513970665311514;2.296627324990685
179;-0.4380008926590926;-0.5224420586820606;2.327076632924491
180;-0.42128218489357155;-0.5308482215242286;2.290312024688614
181;-0.4047279958884914;-0.539178127766691;2.2785718048620014
182;-0.38835935228792534;-0.5474209229368403;2.2762913018702453
183;-0.3721984742887001;-0.5555654964541529;2.2884158483092882
184;-0.3562695948180276;-0.5636000446866741;2.2759543559066717
185;-0.34059970651322763;-0.5715116473702235;2.256512437693943
186;-0.32521920169676066;-0.5792858787570943;2.2458492396010743
187;-0.310162378616754;-0.5869064721671988;2.238606981031161
188;-0.2954677957353971;-0.5943550530807267;2.2334375288711126
189;-0.2811784633892591;-0.6016109522532437;2.229800208089233
190;-0.26734186756105416;-0.6086511072200662;2.227461420258989
191;-0.2540098230838739;-0.6154500584758879;2.226353138040997
192;-0.2412381532653607;-0.6219800457623484;2.2265211047695006
193;-0.22908619036074968;-0.6282112100762621;2.2281036657626974
194;-0.2176160880617255;-0.6341119075914782;2.2313240703814334
195;-0.2068919354530121;-0.6396491416277775;2.236491184350198
196;-0.19697866435055894;-0.644789116814467;2.244009074807017
197;-0.18794075094413037;-0.6494979144692599;2.2544015601537453
198;-0.17984072946437946;-0.6537422792489886;2.2683699051635986
199;-0.17273755941592828;-0.6574904946204801;2.2869418726590833
200;-0.16668491548090353;-0.660713310225183;2.3119640601254736
201;-0.1617294949513024;-0.6633848705440768;2.3489950588263584
202;-0.1579094548849332;-0.6654835847937435;2.3876358934764395
203;-0.1552530943770623;-0.6669928757083234;2.402747062353171
204;-0.15377788356748684;-0.6679017513726856;2.4411156018176507
205;-0.1534899115238842;-0.6682051590756666;2.499820749666488
206;-0.15438378512133205;-0.6679041007205082;2.6123583126223187
207;-0.15644296798520635;-0.6670055118583866;2.723439566055759
208;-0.15964051008417052;-0.6655219269627373;2.719094310074127
209;-0.1639400903306235;-0.6634709691171692;2.730021349036022
210;-0.16929727924213106;-0.6608747113318032;2.7708508471624516
211;-0.17566092604441946;-0.6577589592347586;2.840037607626751
212;-0.1829745821335771;-0.654152502022888;2.9277121483419313
213;-0.19117788714423523;-0.6500863719624356;2.9224262671869936
214;-0.20020786155336728;-0.645593144121879;2.9754182895676977
215;-0.2100000679377741;-0.6407062988490908;3.0446321814846016
216;-0.22048961968083008;-0.6354596608342826;2.9552659879788132
217;-0.23161202988947305;-0.6298869210978304;2.9720208966563715
218;-0.24330390400385316;-0.6240212422490379;3.026313271109067
219;-0.2555034870167825;-0.6178949429730637;3.132130728083072
220;-0.26815108064982107;-0.6115392548421343;3.2020733225511773
221;-0.28118934773202336;-0.6049841430264;3.3822536398611107
222;-0.2945635209645052;-0.5982581820476539;3.533966288234279
223;-0.30822153181993384;-0.5913884780954;3.2617013826948713
224;-0.32211407308310647;-0.5844006303282222;3.132545626827805
225;-0.3361946059864621;-0.5773187247525904;3.1304685264196555
226;-0.35041932044688884;-0.5701653554795334;3.1396248013424595
227;-0.36474705488321363;-0.5629616692258503;3.0350328238250235
228;-0.37913918069723984;-0.5557274297219476;2.949576839233226
229;-0.39355945583592017;-0.5484810991407696;2.9447353521691544
230;-0.40797385191057445;-0.5412399337575307;2.9486351550469188
231;-0.4223503600201001;-0.5340200908303733;2.896279588791144
232;-0.4366587815079824;-0.5268367432501275;2.783064750385172
233;-0.4508705111101047;-0.5197041979735384;2.6978045189063034
234;-0.46495832102323853;-0.512636013778736;2.6246684435683503
235;-0.47889615505774663;-0.5056451136101956;2.507471903781689
236;-0.4926589420092469;-0.49874388682929144;2.4425744891371224
237;-0.5062224365729217;-0.4919442771203942;2.4010068085653415
238;-0.5195630945387417;-0.4852578526208796;2.3838118396485264
239;-0.532657986782562;-0.4786958559802051;2.3951974344950924
240;-0.5454847539468305;-0.47226923338858084;2.324197327427994
241;-0.5580216009851667;-0.4659886429989275;2.292759529846167
242;-0.5702473282333437;-0.459864444442011;2.2833129695593395
243;-0.5821413936281408;-0.4539066721707097;2.3000753283326523
244;-0.5936839993079644;-0.44812499607262357;2.2725241679548938
245;-0.6048561951787146;-0.4425286731183901;2.285347570342716
246;-0.6156399920984565;-0.4371264937748186;2.3857245091152244
247;-0.6260184780214166;-0.43192672656023534;2.303553188734754
248;-0.6359759315784521;-0.42693706353943983;2.2893872766960834
249;-0.6454979289553557;-0.4221645688503164;2.3497775245478927
250;-0.6545714413552361;-0.41761563162867255;2.2717080952906064
251;-0.6631849216129034;-0.41329592404565446;2.278594156914195
252;-0.6713283795294398;-0.4092103646631607;2.290041741695802
253;-0.6789934461353265;-0.40536308698646306;2.2531930113449667
254;-0.6861734273554203;-0.40175741295671974;2.2443745718499137
255;-0.6928633474797674;-0.3983958311573194;2.2542565136630417
256;-0.6990599825216484;-0.3952799796646875;2.287232112189354
257;-0.7047618830678469;-0.3924106337046327;2.305822824077704
258;-0.7099693856915203;-0.3897876985300539;2.335489906847725
259;-0.7146846114794747;-0.3874102081770529;2.4079773932833866
260;-0.7189114497656418;-0.3852763309634285;2.414603488032413
261;-0.7226555247713838;-0.3833833827633777;2.3860640253784786
262;-0.7259241425166614;-0.3817278492363577;2.3853142268385437
263;-0.7287262150603389;-0.3803054183248586;2.4201335383240075
264;-0.731072158838546;-0.3791110244812095;2.429781322872328
265;-0.7329737636124622;-0.3781389062406334;2.454807358634662
266;-0.734444028374973;-0.3773826789068825;2.5049578520044724
267;-0.7354969606256911;-0.37683542420710037;2.6263690396707533
268;-0.7361473358986664;-0.3764897987170144;2.6671100554076888
269;-0.7364104155643354;-0.37633816253364655;2.707680610151583
270;-0.736301622990278;-0.37637272893321777;2.69547653810437
271;-0.7358361813363495;-0.37658573445090004;2.687285653638876
272;-0.7350287205924831;-0.3769696268600438;2.7311610685763683
273;-0.7338928665917528;-0.3775172659393464;2.785745174838136
274;-0.7324408297421011;-0.378222128948181;2.86374341295467
275;-0.7306830145428014;-0.37907850995856934;2.9944353885802553
276;-0.7286276704672132;-0.38008170056718077;2.9701534789456767
277;-0.7262805983919816;-0.38122814026554186;3.036927089407883
278;-0.7236449133728339;-0.38251552906892483;3.082628901891517
279;-0.7207208454194888;-0.38394290345490023;3.1380940573445932
280;-0.7175055391944616;-0.38551068852240716;3.201643558577387
281;-0.7139927979286719;-0.3872207522086422;3.320115693273447
282;-0.7101727139937133;-0.38907649770912384;3.332510200703523
283;-0.7060311461589661;-0.3910830336266543;3.3425893841704424
284;-0.7015490503196545;-0.3932474532188826;3.3608869590407067
285;-0.6967017589913895;-0.3955792286430103;3.4071785959989986
286;-0.6914584510080006;-0.3980906748242834;3.484780665909514
287;-0.6857822604427162;-0.4007973502534575;3.5754419345810238
288;-0.6796316909514245;-0.40371813636599957;3.6792107921165087
289;-0.6729640620751409;-0.40687460380105467;3.7186416137038845
290;-0.6657413551256441;-0.41028922804224216;3.841562321289554
291;-0.6579379221789337;-0.4139822069776474;3.889854238683079
292;-0.6495484130579349;-0.41796713387419016;3.9571408291898793
293;-0.6405936722472698;-0.42224641327550183;4.100460463984119
294;-0.6311226764893211;-0.4268076858877398;4.254960933458875
295;-0.621209594693681;-0.431622401058124;4.375208254639281
296;-0.61094635076915;-0.4366471374368868;4.551642535335557
297;-0.6004325167631268;-0.44182754789664996;4.670052130373493
298;-0.5897658216296073;-0.4471040122551716;4.76006373118781
299;-0.5790374098886689;-0.4524173243536101;4.993464794826345
300;-0.5683351263508961;-0.4577123144562069;5.139815837128485
301;-0.5577548038312254;-0.462937705207912;5.12554324950465
302;-0.5474147289120911;-0.46804205229808304;5.164982648155427
303;-0.5374650738159157;-0.4729679035244496;5.2929944179149935
304;-0.5280850035196334;-0.47764793779093184;5.323313642841957
305;-0.5194653982926029;-0.4820064226524582;5.113688670595425
306;-0.5117814648890131;-0.4859668988960115;4.923261536755527
307;-0.5051633799772147;-0.48946412734242056;4.854153268285174
308;-0.49967323746647213;-0.4924565953513623;4.7873803183777754
309;-0.4952938482729739;-0.49493578674768907;4.598504350421101
310;-0.4919309171365139;-0.49692966233702646;4.44010030486241
311;-0.48942627617731;-0.4984997688057853;4.362797028358554
312;-0.4875774814619769;-0.4997333123653746;4.282730393982181
313;-0.48615882743046057;-0.5007326577038265;4.248565428630563
314;-0.48494029552907086;-0.5016047428622903;4.202081008901695
315;-0.483702988783166;-0.5024521276669293;4.211264287948116
316;-0.48225112836435546;-0.5033664056776789;4.299404281160158
317;-0.4804211873854823;-0.5044239786795697;4.2379339475514355
318;-0.47808832992495454;-0.505683874282994;4.2712201408624875
319;-0.4751696202106587;-0.507187270255694;4.293954985149327
320;-0.4716232842427778;-0.5089584488482607;4.3214490564462675
321;-0.46744407591699705;-0.5110068602924621;4.402716028566647
322;-0.462656050091504;-0.5133298159176893;4.551315807331191
323;-0.4573047725417802;-0.515915215053768;4.599532997786165
324;-0.4514506989747522;-0.5187437888701992;4.654717316356237
325;-0.44516451209678726;-0.521790605917564;4.739691249765594
326;-0.43852428517532843;-0.5250258879798698;4.8880924027158805
327;-0.4316138005394044;-0.5284154050881007;4.82088803155145
328;-0.4245212002318279;-0.531920810340489;4.8184834918873705
329;-0.41733726266640747;-0.5355002511933544;4.868250907771319
330;-0.4101528714688349;-0.53910948671456;4.901959836585793
331;-0.40305558721615187;-0.542703585205084;5.06687636879968
332;-0.39612557727797876;-0.5462391081924275;4.957712782764401
333;-0.38943143259813173;-0.5496765388953687;4.879554022434084
334;-0.38302653879822157;-0.5529826172385678;4.764900192605
335;-0.37694663010577545;-0.5561322237097149;4.815041270978833
336;-0.3712089368981386;-0.5591095212393213;4.9475796725808046
337;-0.36581299453007143;-0.5619082074700932;4.804066413562597
338;-0.36074281722607426;-0.5645309146078906;4.790712325018542
339;-0.355969880139124;-0.5669879663844827;4.659485318973864
340;-0.3514562840282024;-0.569295805017417;4.628524557407754
341;-0.3471576079076798;-0.571475402032198;4.4284487288200385
342;-0.3430252097800085;-0.5735508737477365;4.3446975230425675
343;-0.3390080016394602;-0.5755483810619437;4.351271040765768
344;-0.33505391177934196;-0.5774952616245125;4.255374215245976
345;-0.3311113177558598;-0.5794192617550957;4.136677668351368
346;-0.32713069778449466;-0.5813477180736728;4.047466205082652
347;-0.3230666422993391;-0.5833065742594522;3.9471088189387293
348;-0.31888023084682465;-0.585319185744055;3.866439199951839
349;-0.3145416465386155;-0.5874049428133425;3.81389563708322
350;-0.3100327958481466;-0.5895778124968656;3.82143938960705
351;-0.3053496407407289;-0.5918449487667455;3.7610142728985565
352;-0.3005039392533063;-0.5942055415443807;3.7961890548939543
353;-0.29552412896932334;-0.5966500659799819;3.7008430307056757
354;-0.2904551693704215;-0.5991600573225567;3.531347606929229
355;-0.2853572729830747;-0.6017084798514877;3.456906380464962
356;-0.28030358568470526;-0.6042606896940853;3.4450802464143373
357;-0.27537700334221915;-0.6067759213978715;3.3869896300277786
358;-0.27066641392619245;-0.6092091676514794;3.3465809523420242
359;-0.2662627140503827;-0.6115132797471698;3.241776674826156
360;-0.26225495757682993;-0.613641098932129;3.146923474705073
361;-0.25872695295802517;-0.6155474368152818;3.063010090678592
362;-0.25575454612646387;-0.6171907532425964;3.045291441683103
363;-0.25340372363867314;-0.6185344261546366;2.894905954696652
364;-0.2517295647130987;-0.6195475619572055;2.7978712196618147
365;-0.25077597691563885;-0.6202053487865559;2.7141953878412948
366;-0.25057608002635645;-0.6204890016267032;2.638081778856728
367;-0.25115306175865865;-0.6203853822625074;2.5678960425261232
368;-0.2525213175369726;-0.6198863956902123;2.5031941901472194
369;-0.2546876999660405;-0.6189882677004424;2.4440763289358864
370;-0.257652734607308;-0.6176907981803756;2.3909938166544955
371;-0.26141169893228167;-0.6159966652489973;2.3447279712244757
372;-0.26595550327296624;-0.6139108313290159;2.3065164154510773
373;-0.271271350479541;-0.6114400780278685;2.2784860110265575
374;-0.27734318133815483;-0.6085926755365746;2.265302755101964
375;-0.2841519342340948;-0.6053781760640496;2.2934959750564117
376;-0.29167566030424885;-0.6018073102100867;2.331087537116717
377;-0.29988954059866135;-0.5978919597792506;2.2733425122577424
378;-0.30876585115184274;-0.5936451794281233;2.212861510953395
379;-0.3182739169732165;-0.5890812415867342;2.2176843187765014
380;-0.32838008829634624;-0.5842156831857819;2.2505221138575036
381;-0.339047763310373;-0.5790653378681364;2.2391452906778446
382;-0.3502374722152308;-0.5736483427480712;2.25830934641074
383;-0.3619070288124412;-0.5679841137643861;2.1766832384485792
384;-0.3740117487632971;-0.5620932877996041;2.121962089526995
385;-0.3865047286128649;-0.5559976327493559;2.0660799229182834
386;-0.399337176826394;-0.5497199285676403;2.019754863657348
387;-0.4124587871862309;-0.5432838231123014;2.052071490053531
388;-0.42581814543413476;-0.5367136666374099;1.9762484110949714
389;-0.43936316134262915;-0.5300343283639836;1.9477114722786655
390;-0.4530415197891894;-0.5232709980434919;1.945647565625347
391;-0.4668011453623273;-0.51644897507688;1.968879140336023
392;-0.48059067525676363;-0.5095934477211568;2.054849048086378
393;-0.49435993468172307;-0.5027292652378521;2.121609332548272
394;-0.5080604078984768;-0.4958807064371566;2.045006714865804
395;-0.5216456966473503;-0.4890712488013125;1.9826700493643692
396;-0.5350719564917777;-0.48232334305727914;1.9682471004728062
397;-0.5482983008255258;-0.47565819855351166;1.9779539506186106
398;-0.5612871621820533;-0.46909558496600545;2.015835127376934
399;-0.5740046011424133;-0.4626536556621225;2.0621791383843298
400;-0.5864205545206825;-0.4563487974953245;2.0918159101588776
401;-0.5985090164712334;-0.45019551094751925;2.1239225180056205
402;-0.6102481485037723;-0.4442063234682964;2.110443810690004
403;-0.6216203168805379;-0.4383917376854859;2.1008458253924993
404;-0.632612058288289;-0.4327602149800876;2.0876954564825976
405;-0.6432139768459249;-0.42731819381698355;2.085498948387403
406;-0.6534205772978657;-0.4220701412660389;2.121006971237363
407;-0.6632300405785195;-0.4170186353781863;2.1136817718020047
408;-0.6726439487882729;-0.4121644755182971;2.0958310467444656
409;-0.6816669670101275;-0.40750681740375405;2.1124241603718583
410;-0.6903064893609091;-0.4030433294439508;2.1159818472963488
411;-0.6985722562732855;-0.3987703670015752;2.113916074840127
412;-0.7064759493176156;-0.3946831613753157;2.1254648052640546
413;-0.7140307689763125;-0.39077602060481964;2.144513701433637
414;-0.7212509997651897;-0.3870425395871051;2.1697120905532685
415;-0.7281515660525401;-0.38347581742850023;2.2009225978576668
416;-0.7347475809673125;-0.38006868038953;2.2391929260194092
417;-0.7410538900414736;-0.37681390915419494;2.290561122446971
418;-0.7470846108513007;-0.37370446940019153;2.3306697724990553
419;-0.7528526700880309;-0.370733744679662;2.356158363378444
420;-0.7583693404063446;-0.367895770344696;2.395588609401904
421;-0.7636437812937509;-0.3651854665613442;2.442464337853508
422;-0.7686825912970007;-0.36259886724094426;2.4958298220821935
423;-0.7734893834159627;-0.3601333398804582;2.556011290789538
424;-0.7780644014150386;-0.35778778878188006;2.6247126253879647
425;-0.7824042021062951;-0.35556283092294366;2.7103455329594506
426;-0.7865014369280745;-0.3534609300037551;2.7776162534746685
427;-0.7903447745504735;-0.35148647019894363;2.8427269080128474
428;-0.7939190134067675;-0.3496457474401018;2.924578153080017
429;-0.797205436982791;-0.34794685345637;3.0197289058511303
430;-0.800182462844625;-0.3463994274119312;3.13055401152067
431;-0.8028266259206753;-0.3450142531025945;3.275323388573706
432;-0.8051139149347828;-0.34380268762282173;3.3831919781112343
433;-0.8070214467112612;-0.3427759211726813;3.530651849375177
434;-0.8085294171005204;-0.34194408743433125;3.722386963110895
435;-0.8096232133125526;-0.34131526862284534;3.8950298269954877
436;-0.8102955176779423;-0.340894466195811;4.046062009684259
437;-0.8105481872246549;-0.3406826329746411;4.182867805539735
438;-0.8103936679940009;-0.34067587971656543;4.367409051580841
439;-0.8098557074498225;-0.34086497362353685;4.705516828727427
440;-0.8089691686874325;-0.3412352338882126;4.991134604071099
441;-0.8077788270595726;-0.3417668987283584;5.20632164062861
442;-0.8063371379183165;-0.34243599124971674;5.398683293555152
443;-0.8047010922646518;-0.34321565288435607;5.454028624683581
444;-0.8029284090316171;-0.34407785057538687;4.997606890530982
445;-0.801073428471775;-0.34499530632094844;4.853677604100601
446;-0.7991831486458153;-0.34594345453508135;4.806209673942004
447;-0.7972938654242014;-0.34690221259723797;4.7559664209062475
448;-0.7954288207592859;-0.34785735974183685;4.755202897012833
449;-0.7935971314260175;-0.3488013625357909;4.79172575474392
450;-0.7917940762640088;-0.34973355967798947;4.757147493995712
451;-0.790002600024895;-0.3506597152237661;4.78413980795641
452;-0.7881956971301367;-0.35159104970134847;4.907992122354084
453;-0.7863392198536121;-0.35254293947142246;4.794502986443144
454;-0.7843946437404274;-0.35353351423854573;4.891423391870118
455;-0.7823214158844329;-0.354582369718318;4.884242887771582
456;-0.7800786739938372;-0.355709552363237;4.806103089909186
457;-0.7776263045017282;-0.3569348856120861;4.721564315200372
458;-0.7749254592624026;-0.35827761825084165;4.83248344858244
459;-0.7719387442583769;-0.3597563070078845;4.709841192319502
460;-0.7686303233707275;-0.36138880906530235;4.648545347160428
461;-0.7649661544118047;-0.3631922567212432;4.606453616764223
462;-0.7609145093239095;-0.3651829098351359;4.654164898664493
463;-0.7564468428962146;-0.36737582291888343;4.5914284088200095
464;-0.7515389804504157;-0.36978431372182474;4.468607883656511
465;-0.7461725093434111;-0.3724192705928723;4.442284879124297
466;-0.7403361954216132;-0.37528837903221585;4.417106396068127
467;-0.7340272149542559;-0.3783953764090796;4.322960108586701
468;-0.7272520011271772;-0.38173945202301623;4.215406742173019
469;-0.7200265501429752;-0.38531489498225857;4.111917487278143
470;-0.7123761052437726;-0.38911105707264343;4.036869727780825
471;-0.7043342213794221;-0.39311264930734263;3.994490263332103
472;-0.6959412907971023;-0.39730034019590343;3.9742687192930863
473;-0.6872426653703617;-0.40165158278706065;3.911174804537921
474;-0.6782865366210594;-0.40614157565852976;3.877256433610723
475;-0.6691217300183321;-0.41074426432607025;3.8568245466395057
476;-0.6597955466480117;-0.41543331078046225;3.847794588173948
477;-0.6503517591831177;-0.420182989633325;3.8512915945851383
478;-0.6408288557846309;-0.4249689954794679;3.888303713600089
479;-0.6312586320812923;-0.42976915573672814;3.874295026268495
480;-0.6216652524393657;-0.434564032841194;3.9191950894915424
481;-0.6120649228087764;-0.43933737572928383;3.9370360751367577
482;-0.6024663223215769;-0.4440763557071133;3.8605934008774017
483;-0.5928719186644612;-0.44877150820050943;3.81008554647615
484;-0.5832802399434189;-0.45341630590183557;3.745879638383051
485;-0.5736890955831911;-0.4580063105008159;3.6947242562446703
486;-0.5640996344519796;-0.4625378862560885;3.6554119554657873
487;-0.5545210035236416;-0.46700650655791703;3.6245960534738573
488;-0.5449752316825455;-0.47140474405197497;3.6046168635666933
489;-0.5355018258895525;-0.47572010557925254;3.6070236543110568
490;-0.5261614565696384;-0.4799329501491511;3.69629060660252
491;-0.5170380571675782;-0.4840147980859791;3.552093242940412
492;-0.5082386978423652;-0.48792738169220873;3.5267066776273075
493;-0.49989073518167565;-0.49162277968323986;3.541877134691906
494;-0.49213599866701463;-0.49504490154696734;3.538255329731631
495;-0.48512214744490584;-0.4981324363072238;3.575079607625473
496;-0.4789917927665019;-0.5008231594601298;3.4848923331364876
497;-0.47387047497204154;-0.5030592261220154;3.443004318654373
498;-0.46985501649973893;-0.5047928112378794;3.551947178759277
499;-0.46700402454061474;-0.5059912508181541;3.436893573779887
500;-0.4653322631721927;-0.506640763955033;3.4741772901414367
501;-0.4648101608165709;-0.5067479591675815;3.6212874330687397
502;-0.46536885597971045;-0.506338679876814;3.9013972480054173
503;-0.4669100443286746;-0.5054542833413174;3.9516598083820607
504;-0.4693187624251647;-0.5041460493452123;3.7498216792159806
505;-0.47247651164204796;-0.5024688858332568;3.696976071673842
506;-0.4762721164557431;-0.5004756465520405;3.688106472509621
507;-0.4806085030092548;-0.49821311390135714;3.699616958406301
508;-0.48540489691342464;-0.49572012517944436;3.8461868954022096
509;-0.49059523514195413;-0.4930276835172288;4.062632339426424
510;-0.49612437256251346;-0.4901604536735446;4.092666964221533
511;-0.5019437799216774;-0.48713890544325916;4.210462164187091
512;-0.5080080670591159;-0.4839814699378232;4.4018380631049565
513;-0.5142731154312026;-0.4807062938451339;4.208669727706482
514;-0.5206960279590129;-0.47733244061975005;4.032816276157114
515;-0.5272365142948533;-0.4738806719197389;3.9421384050037824
516;-0.5338587442484455;-0.47037420080140796;3.82295066779894
517;-0.5405322876802889;-0.46683992032533694;3.871014264833217
518;-0.5472308180632769;-0.46331042434216124;3.797942208304352
519;-0.553928008445951;-0.45982660204033554;3.880946593412312
520;-0.5605913105930176;-0.4564399055699345;3.8721755914481055
521;-0.5671754191751385;-0.45321298485680395;3.828309949192424
522;-0.5736174801021771;-0.4502176073740768;3.7126527586899463
523;-0.5798353852954934;-0.447529590819629;3.7239867525549575
524;-0.5857293564850609;-0.4452214612414993;3.8197361653478934
525;-0.591186129584921;-0.44335427242465575;3.947498313262714
526;-0.5960846922928307;-0.4419702933151066;4.088991253184216
527;-0.6003025896868732;-0.44108812398824704;4.2778722650873044
528;-0.6037220655494011;-0.4407013475270594;4.428433514605204
529;-0.6062356005115564;-0.4407811596727162;4.589762502272715
530;-0.6077507035417995;-0.4412826193258573;4.778435914220336
531;-0.6081941210714117;-0.44215333501841314;5.120474027364201
532;-0.6075159189702662;-0.44334270875308557;4.721460419337516
533;-0.6056940423504802;-0.4448095176132327;4.718635465149144
534;-0.6027397790875693;-0.4465258337797415;4.403645327218769
535;-0.5987039277947488;-0.44847614613723996;4.138868441043809
536;-0.5936825150017562;-0.45065189466968175;3.902857332698962
537;-0.5878200141367002;-0.4530430534528794;3.8479961229018977
538;-0.581307699765021;-0.4556293759246046;3.8895645911626415
539;-0.5743753429906105;-0.4583740562527087;3.6090443265379886
540;-0.5672758214368883;-0.46122181727415335;3.2373753723516616
541;-0.5602639059991281;-0.46410213367955155;3.039431503466901
542;-0.553571913868114;-0.4669369439868567;2.897367576554684
543;-0.5473856775982417;-0.46965121655385117;2.793576203319488
544;-0.5418242612317674;-0.4721842960696506;2.721008314921501
545;-0.5369261784485153;-0.47450003147835534;2.676719660171746
546;-0.5326437764076408;-0.47659412262363476;2.660731747902803
547;-0.5288462252383301;-0.4784977406670042;2.6771880751834756
548;-0.525330465234907;-0.4802771111151256;2.741013527721008
549;-0.5218387012852357;-0.4820292728843068;2.942537851920704
550;-0.518080649920166;-0.48387457844996584;2.892361222479801
551;-0.5137586471534422;-0.4859466856321744;3.019073241699288
552;-0.5085937416928498;-0.48838087421734505;2.930666125827781
553;-0.5023508804591802;-0.4913015824187179;2.7094221152480373
554;-0.49486121261187477;-0.49481015171306286;2.659270324867874
555;-0.48603950230093373;-0.4989738806726075;2.6533437711989385
556;-0.4758948181292148;-0.5038175402903667;2.6518414089326643
557;-0.464533169374327;-0.5093183966195488;2.7838755435167215
558;-0.4521515639270388;-0.5154054700710758;2.7437980963922035
559;-0.4390239378738487;-0.5219632690202506;2.8427280114317552
560;-0.42548038424917056;-0.5288396706416022;2.7372133693860254
561;-0.41188194293063296;-0.5358570989550152;2.7845464648334053
562;-0.39859378425598063;-0.5428257516748227;2.7795051356925025
563;-0.38595981339188834;-0.5495573969245061;2.7601127767338847
564;-0.3742814505639947;-0.5558782208883613;2.8676145870105216
565;-0.36380259268295045;-0.5616393741118415;2.907099937132296
566;-0.35470166229746397;-0.5667242361270876;2.712938002157979
567;-0.34709046733141175;-0.5710519487804585;2.6627418772997835
568;-0.34101864593926967;-0.5745773515481276;2.6210167450446566
569;-0.33648197701598664;-0.5772879461837895;2.5943532860216236
570;-0.3334328237660943;-0.5791988079417839;2.621924729526434
571;-0.33179128797946295;-0.5803464117848635;2.5761186138077
572;-0.33145606304766084;-0.5807822082785761;2.5550958989966643
573;-0.33231432230946656;-0.580566564103725;2.63178887874655
574;-0.33425021788639003;-0.5797634623493496;2.558347926597404
575;-0.3371517273279352;-0.5784361800959787;2.5844370596560915
576;-0.3409157217665342;-0.5766440288214766;2.756864135983846
577;-0.34545126436875234;-0.5744401449461966;2.641207035522814
578;-0.3506812748994103;-0.5718702440917374;2.6368852924046915
579;-0.35654279492100893;-0.5689722013312233;2.7176886827859272
580;-0.3629861434984345;-0.5657762919639356;2.719984358201653
581;-0.3699732637581891;-0.5623059223333828;2.7527183761883554
582;-0.37747553643418885;-0.5585786933233575;2.7507552396828765
583;-0.38547129305741723;-0.5546076632256237;2.715575464941486
584;-0.3939432133779401;-0.5504027042296714;2.7897981872489366
585;-0.40287574935085857;-0.5459718719948553;2.919863656955063
586;-0.4122526867641445;-0.5413227272176983;2.8923677546313113
587;-0.4220549359351599;-0.5364635607942185;3.114580284098106
588;-0.43225863214400334;-0.5314044809936471;3.0151604345775085
589;-0.44283361999670173;-0.5261583241495539;2.7322483028066467
590;-0.4537423885516624;-0.520741352472177;2.644684327867217
591;-0.46493951129878613;-0.5151737063937987;2.5922729687508244
592;-0.4763716241801312;-0.5094795864681769;2.475346232043224
593;-0.4879779454911529;-0.5036871522484206;2.4560263205984545
594;-0.4996913061294991;-0.4978281423611685;2.381187362826556
595;-0.5114396219797871;-0.4919372393750106;2.342928680992818
596;-0.5231477081403396;-0.48605122218358754;2.308130838568345
597;-0.5347393127686048;-0.4802079642826026;2.305548937265971
598;-0.5461392402344264;-0.4744453457809419;2.3026460299518683
599;-0.5572754398225597;-0.4688001487271289;2.243986069316996
600;-0.5680809551475179;-0.4633069994484762;2.17674765370467
601;-0.5784956561049082;-0.4579974097402777;2.174078593073821
602;-0.5884677039160449;-0.4528989536100245;2.1779379677796116
603;-0.597954725393102;-0.4480346008858208;2.194296381336686
604;-0.6069246913243972;-0.44342221590370134;2.1211431649241206
605;-0.6153565043863806;-0.43907422028691967;2.051646894733397
606;-0.6232403048638597;-0.4349974139424737;2.005624861106882
607;-0.6305774998775937;-0.431192947202719;1.9821313788339958
608;-0.6373805166850669;-0.4276564382190706;1.9744064234265883
609;-0.6436722757464073;-0.4243782317220039;1.9822912252754685
610;-0.649485376674729;-0.42134379675537537;2.009986556721228
611;-0.6548609907890757;-0.4185342611768478;2.084241277863163
612;-0.6598474574080415;-0.4159270795011451;2.1765124378279412
613;-0.6644985860532643;-0.4134968286011069;2.2447346038228457
614;-0.6688716720621961;-0.4112161237482483;2.1535718258938545
615;-0.6730252383043149;-0.40905664615640924;2.140732569613987
616;-0.6770165220158904;-0.40699027255309744;2.1176184380350453
617;-0.6808987363257835;-0.4049902962859957;2.1440898454229846
618;-0.68471815490756;-0.4030327261696283;2.225936090100835
619;-0.6885110985273569;-0.40109764162409833;2.3499874741644393
620;-0.6923009441441339;-0.3991705694164755;2.2939352897412824
621;-0.6960953261897269;-0.3972438289128266;2.333162254406561
622;-0.699883746847016;-0.3953177715212291;2.3737325760885835
623;-0.7036358463382085;-0.3934018196570328;2.454396717820793
624;-0.7073005951356934;-0.39151519503203003;2.4702724671478893
625;-0.7108066513401032;-0.38968721837412557;2.609488790166168
626;-0.7140640772463518;-0.3879570644256892;2.6532432773509425
627;-0.7169675319616444;-0.3863728681554448;2.690732641786377
628;-0.7194009538950322;-0.38499010261789385;2.5595296287231983
629;-0.7212436155138677;-0.3838691909559748;2.4590799040641182
630;-0.7223772668304116;-0.3830723828344061;2.33945288598677
631;-0.7226938834112291;-0.3826600260603612;2.2943245513842045
632;-0.7221033212452106;-0.3826864942838851;2.276130155652826
633;-0.7205400109209694;-0.3831961690208023;2.277422364494232
634;-0.7179677804205328;-0.3842199746216528;2.2950005465499848
635;-0.7143820543664214;-0.3857729747507766;2.327783179079216
636;-0.7098090554827635;-0.3878534219826233;2.3792184097904783
637;-0.704302160890935;-0.3904434153747468;2.5369510959287633
638;-0.6979360974679208;-0.3935110225840338;2.5135814111547172
639;-0.6908000368639228;-0.39701345196937426;2.552154259437344
640;-0.6829907647475741;-0.40090069681175644;2.7346627796095873
641;-0.674606936341196;-0.40511905736608383;2.5926341086507825
642;-0.6657450645674983;-0.40961406398566813;2.5505767359107083
643;-0.6564974384693675;-0.4143325248902904;2.5370613444995267
644;-0.6469517572072669;-0.419223641660608;2.5470625003125615
645;-0.6371919729582547;-0.42423932089368044;2.548445929458388
646;-0.6272997009377834;-0.42933393035322603;2.570928133846115
647;-0.6173555701864935;-0.4344637940786664;2.5568613568537484
648;-0.6074400189018905;-0.4395867024711089;2.5706083814251754
649;-0.5976332331589611;-0.4446616495968014;2.5943389284664815
650;-0.5880141380007121;-0.4496489232296626;2.6249868591620933
651;-0.578658535551089;-0.4545105836781042;2.6616180184320055
652;-0.5696366222598421;-0.45921128982134024;2.7044554125346734
653;-0.5610101987755277;-0.46371937293384907;2.755107966635031
654;-0.5528299151057956;-0.46800802297095145;2.8189633573557895
655;-0.5451328802204733;-0.47205643665863534;2.9758818576186608
656;-0.5379409193350831;-0.475850779356906;2.9257022697263526
657;-0.5312596923897679;-0.47938483070280113;2.967740362779763
658;-0.525078800955598;-0.4826602151095574;3.033605620688983
659;-0.5193729153193203;-0.4856861594219037;3.133278204845273
660;-0.5141038573324178;-0.4884787673891405;3.364865590278998
661;-0.5092234871147824;-0.491059848971526;3.2476000391221636
662;-0.5046771716142843;-0.49345538628458313;3.268593414864855
663;-0.5004075667632034;-0.4956937523083819;3.314010927965296
664;-0.49635842562909055;-0.49780381998883416;3.3544850934658528
665;-0.49247815233245595;-0.4998131065892224;3.424188793635202
666;-0.4887228529584873;-0.5017460913878768;3.517379502504648
667;-0.4850586861502181;-0.5036228255746011;3.6405304897095476
668;-0.48146338261231936;-0.505457923779299;3.81880028424754
669;-0.47792687861883987;-0.507259989970241;4.013228105473461
670;-0.47445108696774707;-0.5090314899925351;4.191423453365773
671;-0.47104890179402736;-0.510769042892754;4.364074722091748
672;-0.4677425930961312;-0.5124640678495513;4.712773902959482
673;-0.4645617857571209;-0.5141036971757612;4.4293261912260125
674;-0.4615412320676331;-0.5156718515168317;4.497844578718477
675;-0.45871857608827366;-0.5171503722002635;4.334704915013154
676;-0.4561322765928295;-0.5185201166310083;4.168708895985428
677;-0.4538198099752699;-0.5197619426586425;4.215102395548443
678;-0.4518162239718021;-0.5208575327525014;4.014833111913127
679;-0.4501530653963107;-0.5217900342186846;3.9441827927288453
680;-0.4488576662879146;-0.5225445139252085;3.8810156007279453
681;-0.44795274606460017;-0.5231082427374769;3.8423507625339344
682;-0.4474562728422556;-0.5234708352488673;3.81726952062764
683;-0.44738152328939557;-0.5236242748244169;3.8021205837549856
684;-0.4477372843500506;-0.5235628536960315;3.7951804207671347
685;-0.44852814870589885;-0.5232830544498087;3.795717500203518
686;-0.44975486616402904;-0.52278339428481;3.8037816816133585
687;-0.45141472318138315;-0.5220642481553659;3.82043847840465
688;-0.4535019312259424;-0.521127662183996;3.84925327807149
689;-0.45600801110966194;-0.5199771649921465;3.9299152787748475
690;-0.45892216482580633;-0.5186175819544322;3.9267254940461394
691;-0.4622316291227916;-0.5170548557284708;4.119165832733973
692;-0.4659220065232022;-0.515295875517285;3.971984626847784
693;-0.4699775702255174;-0.5133483171213544;3.984066489586657
694;-0.4743815397003698;-0.511220495693874;4.045741342747378
695;-0.4791163240886206;-0.5089212330426677;4.15121765346984
696;-0.48416373088278963;-0.5064597412084771;4.295521546593575
697;-0.4895051378860469;-0.5038455238356185;4.2378878568421054
698;-0.4951216270852012;-0.5010882965280936;4.128380430548748
699;-0.5009940797992418;-0.4981979269733642;4.049877632267329
700;-0.5071032332144935;-0.4951843951529538;3.9563362568770795
