0;-0.5075361234798412;-0.45485856121285423;4.460353492204567
1;-0.5075361234798412;-0.45485856121285423;5.05911097485884
2;-0.5075361234798412;-0.45485856121285423;4.01548226315115
3;-0.5075361234798412;-0.45485856121285423;3.651376363908612
4;-0.5075361234798412;-0.45485856121285423;3.420083643141589
5;-0.5075361234798412;-0.45485856121285423;3.2502995482303323
6;-0.5075361234798412;-0.45485856121285423;3.1165484905938485
7;-0.5075361234798412;-0.45485856121285423;3.006694879490096
8;-0.5075361234798412;-0.45485856121285423;2.91406690247395
9;-0.5075361234798412;-0.45485856121285423;2.8347086940325665
10;-0.5221699658444352;-0.4915544824850702;2.7662029299938715
11;-0.5221699658444352;-0.4915544824850702;2.7070862127030653
12;-0.5221699658444352;-0.4915544824850702;2.6565186443189526
13;-0.5221699658444352;-0.4915544824850702;2.614074869915856
14;-0.5221699658444352;-0.4915544824850702;2.5796046027681183
15;-0.5221699658444352;-0.4915544824850702;2.5531446151631636
16;-0.5221699658444352;-0.4915544824850702;2.5348757095735426
17;-0.5221699658444352;-0.4915544824850702;2.525120109857384
18;-0.5221699658444352;-0.4915544824850702;2.5243765139397234
19;-0.5221699658444352;-0.4915544824850702;2.5333972932814235
20;-0.5376272241589982;-0.511946705367506;2.553329071992138
21;-0.5376272241589982;-0.511946705367506;2.5859749935580054
22;-0.5376272241589982;-0.511946705367506;2.634333366182236
23;-0.5376272241589982;-0.511946705367506;2.70387613434899
24;-0.5376272241589982;-0.511946705367506;2.8063141388553223
25;-0.5376272241589982;-0.511946705367506;2.975768005762101
26;-0.5376272241589982;-0.511946705367506;3.4895929005212
27;-0.5376272241589982;-0.511946705367506;3.1079858186803855
28;-0.5376272241589982;-0.511946705367506;2.948615718426554
29;-0.5376272241589982;-0.511946705367506;2.885575881409117
30;-0.5520344005289886;-0.5162632435462582;2.865069231282162
31;-0.5520344005289886;-0.5162632435462582;2.872881638007622
32;-0.5520344005289886;-0.5162632435462582;2.9047658712527147
33;-0.5520344005289886;-0.5162632435462582;2.96189354222771
34;-0.5520344005289886;-0.5162632435462582;3.0523854785046955
35;-0.5520344005289886;-0.5162632435462582;3.203841210721247
36;-0.5520344005289886;-0.5162632435462582;3.597107346886779
37;-0.5520344005289886;-0.5162632435462582;3.3825480715026126
38;-0.5520344005289886;-0.5162632435462582;3.1914071323277557
39;-0.5520344005289886;-0.5162632435462582;3.110396631844878
40;-0.5435686281686061;-0.5320764780105981;3.073567938642114
41;-0.5435686281686061;-0.5320764780105981;3.065096794401126
42;-0.5435686281686061;-0.5320764780105981;3.0806926167260626
43;-0.5435686281686061;-0.5320764780105981;3.122062398111543
44;-0.5435686281686061;-0.5320764780105981;3.198507777938955
45;-0.5435686281686061;-0.5320764780105981;3.3413721291643053
46;-0.5435686281686061;-0.5320764780105981;3.7914723971489837
47;-0.5435686281686061;-0.5320764780105981;3.4471358662005103
48;-0.5435686281686061;-0.5320764780105981;3.2601569162566846
49;-0.5435686281686061;-0.5320764780105981;3.174152190816952
50;-0.5139874421789941;-0.5693117331938203;3.132697258663366
51;-0.5139874421789941;-0.5693117331938203;3.1222792100089087
52;-0.5139874421789941;-0.5693117331938203;3.141083318399472
53;-0.5139874421789941;-0.5693117331938203;3.1966848850620138
54;-0.5139874421789941;-0.5693117331938203;3.319975833295672
55;-0.5139874421789941;-0.5693117331938203;3.769860781298225
56;-0.5139874421789941;-0.5693117331938203;3.36856971325311
57;-0.5139874421789941;-0.5693117331938203;3.1573671682813966
58;-0.5139874421789941;-0.5693117331938203;3.0402989189312883
59;-0.5139874421789941;-0.5693117331938203;2.9609329702895355
60;-0.4398021492632966;-0.6385958912930054;2.903120251615624
61;-0.4398021492632966;-0.6385958912930054;2.8598528151448948
62;-0.4398021492632966;-0.6385958912930054;2.827409120985956
63;-0.4398021492632966;-0.6385958912930054;2.803556530430075
64;-0.4398021492632966;-0.6385958912930054;2.786842811016874
65;-0.4398021492632966;-0.6385958912930054;2.776269437141482
66;-0.4398021492632966;-0.6385958912930054;2.7711239350840646
67;-0.4398021492632966;-0.6385958912930054;2.770887400457361
68;-0.4398021492632966;-0.6385958912930054;2.775181592633767
69;-0.4398021492632966;-0.6385958912930054;2.783739459114784
70;-0.33974312562859355;-0.7166900763860136;2.796391931468835
71;-0.33974312562859355;-0.7166900763860136;2.813068785268661
72;-0.33974312562859355;-0.7166900763860136;2.833814984032144
73;-0.33974312562859355;-0.7166900763860136;2.858827912511355
74;-0.33974312562859355;-0.7166900763860136;2.888527252495109
75;-0.33974312562859355;-0.7166900763860136;2.9236820373973766
76;-0.33974312562859355;-0.7166900763860136;2.9656493387193645
77;-0.33974312562859355;-0.7166900763860136;3.0168592071455036
78;-0.33974312562859355;-0.7166900763860136;3.0819334199101585
79;-0.33974312562859355;-0.7166900763860136;3.170831163072304
80;-0.27706119770966353;-0.7678508541642479;3.3112819555652813
81;-0.27706119770966353;-0.7678508541642479;3.6662221960229693
82;-0.27706119770966353;-0.7678508541642479;3.4761069885410363
83;-0.27706119770966353;-0.7678508541642479;3.252129136257945
84;-0.27706119770966353;-0.7678508541642479;3.1395936590559232
85;-0.27706119770966353;-0.7678508541642479;3.0682288197654666
86;-0.27706119770966353;-0.7678508541642479;3.0216910698111175
87;-0.27706119770966353;-0.7678508541642479;2.9952936988996743
88;-0.27706119770966353;-0.7678508541642479;2.989594989159066
89;-0.27706119770966353;-0.7678508541642479;3.0101036781724955
90;-0.28840392636413226;-0.778367336474371;3.0722504308309913
91;-0.28840392636413226;-0.778367336474371;3.2311940653874704
92;-0.28840392636413226;-0.778367336474371;3.617879566352763
93;-0.28840392636413226;-0.778367336474371;3.1104762658632645
94;-0.28840392636413226;-0.778367336474371;2.960346620277135
95;-0.28840392636413226;-0.778367336474371;2.899262319315835
96;-0.28840392636413226;-0.778367336474371;2.9222150625310057
97;-0.28840392636413226;-0.778367336474371;3.19504158022146
98;-0.28840392636413226;-0.778367336474371;2.8844955544734345
99;-0.28840392636413226;-0.778367336474371;2.5911313058042
100;-0.37926889135218644;-0.732579795750558;2.4130198670227916
101;-0.37926889135218644;-0.732579795750558;2.2813608741716047
102;-0.37926889135218644;-0.732579795750558;2.1779591271860603
103;-0.37926889135218644;-0.732579795750558;2.09525677657328
104;-0.37926889135218644;-0.732579795750558;2.0294381227611185
105;-0.37926889135218644;-0.732579795750558;1.9783818614503734
106;-0.37926889135218644;-0.732579795750558;1.9408760992597887
107;-0.37926889135218644;-0.732579795750558;1.9162764718901368
108;-0.37926889135218644;-0.732579795750558;1.9043574452908247
109;-0.37926889135218644;-0.732579795750558;1.905268530032815
110;-0.5417357350546183;-0.6388195722204972;1.9195673293075661
111;-0.5417357350546183;-0.6388195722204972;1.9483364494955535
112;-0.5417357350546183;-0.6388195722204972;1.9934336905556218
113;-0.5417357350546183;-0.6388195722204972;2.0580165843478015
114;-0.5417357350546183;-0.6388195722204972;2.147754550626365
115;-0.5417357350546183;-0.6388195722204972;2.274203080110976
116;-0.5417357350546183;-0.6388195722204972;2.467982303216279
117;-0.5417357350546183;-0.6388195722204972;2.905257153452053
118;-0.5417357350546183;-0.6388195722204972;2.789146914291977
119;-0.5417357350546183;-0.6388195722204972;2.7118859542141127
120;-0.7359399927410841;-0.5414359689662779;2.8737918279867873
121;-0.7359399927410841;-0.5414359689662779;2.9212359541662543
122;-0.7359399927410841;-0.5414359689662779;2.5971693850218207
123;-0.7359399927410841;-0.5414359689662779;2.4667732552519483
124;-0.7359399927410841;-0.5414359689662779;2.3996326684398634
125;-0.7359399927410841;-0.5414359689662779;2.3696172527119432
126;-0.7359399927410841;-0.5414359689662779;2.3673205253132346
127;-0.7359399927410841;-0.5414359689662779;2.3893935199448215
128;-0.7359399927410841;-0.5414359689662779;2.4362999789958
129;-0.7359399927410841;-0.5414359689662779;2.512989729580312
130;-0.8166950667594282;-0.5209390801943558;2.634024950194417
131;-0.8166950667594282;-0.5209390801943558;2.852212202293163
132;-0.8166950667594282;-0.5209390801943558;3.3433751034482544
133;-0.8166950667594282;-0.5209390801943558;2.871911903009292
134;-0.8166950667594282;-0.5209390801943558;2.784141032770706
135;-0.8166950667594282;-0.5209390801943558;2.780016522405056
136;-0.8166950667594282;-0.5209390801943558;2.8329358785207566
137;-0.8166950667594282;-0.5209390801943558;2.9469610363038927
138;-0.8166950667594282;-0.5209390801943558;3.1538019861937907
139;-0.8166950667594282;-0.5209390801943558;3.5970075646005637
140;-0.779956168508028;-0.5520202589132567;4.087337310563724
141;-0.779956168508028;-0.5520202589132567;3.566830193540778
142;-0.779956168508028;-0.5520202589132567;3.9264819621166804
143;-0.779956168508028;-0.5520202589132567;2.9988312976368388
144;-0.779956168508028;-0.5520202589132567;2.6487334849381425
145;-0.779956168508028;-0.5520202589132567;2.4107133091523583
146;-0.779956168508028;-0.5520202589132567;2.2272701754639135
147;-0.779956168508028;-0.5520202589132567;2.078273130288611
148;-0.779956168508028;-0.5520202589132567;1.953872789339477
149;-0.779956168508028;-0.5520202589132567;1.8484105618090236
150;-0.763005869199749;-0.5547433082401593;1.75830886178885
151;-0.763005869199749;-0.5547433082401593;1.6811581283466102
152;-0.763005869199749;-0.5547433082401593;1.6152623669505215
153;-0.763005869199749;-0.5547433082401593;1.5593896950129038
154;-0.763005869199749;-0.5547433082401593;1.512625066053784
155;-0.763005869199749;-0.5547433082401593;1.4742782823664178
156;-0.763005869199749;-0.5547433082401593;1.4438239904301429
157;-0.763005869199749;-0.5547433082401593;1.4208613215219752
158;-0.763005869199749;-0.5547433082401593;1.405086373703754
159;-0.763005869199749;-0.5547433082401593;1.3962737473194977
160;-0.80757000089997;-0.5342034077576023;1.3942651479073551
161;-0.80757000089997;-0.5342034077576023;1.3989643067130546
162;-0.80757000089997;-0.5342034077576023;1.4103385253920755
163;-0.80757000089997;-0.5342034077576023;1.428428348411474
164;-0.80757000089997;-0.5342034077576023;1.4533686197369993
165;-0.80757000089997;-0.5342034077576023;1.4854272465667275
166;-0.80757000089997;-0.5342034077576023;1.525074031052212
167;-0.80757000089997;-0.5342034077576023;1.573105032696377
168;-0.80757000089997;-0.5342034077576023;1.6308793669997161
169;-0.80757000089997;-0.5342034077576023;1.7008106050820389
170;-0.8368690327258926;-0.5290825294141505;1.7875268979697772
171;-0.8368690327258926;-0.5290825294141505;1.9012127933393468
172;-0.8368690327258926;-0.5290825294141505;2.0712555485489044
173;-0.8368690327258926;-0.5290825294141505;2.490718672238761
174;-0.8368690327258926;-0.5290825294141505;2.2574297947073805
175;-0.8368690327258926;-0.5290825294141505;2.071377019688956
176;-0.8368690327258926;-0.5290825294141505;1.9863544969733686
177;-0.8368690327258926;-0.5290825294141505;1.9374926411188438
178;-0.8368690327258926;-0.5290825294141505;1.9073501807556803
179;-0.8368690327258926;-0.5290825294141505;1.8885687511606426
180;-0.8035439319872071;-0.5525937427298109;1.8773270925810503
181;-0.8035439319872071;-0.5525937427298109;1.871403837407505
182;-0.8035439319872071;-0.5525937427298109;1.8694437811770763
183;-0.8035439319872071;-0.5525937427298109;1.87064374642035
184;-0.8035439319872071;-0.5525937427298109;1.8746183924119975
185;-0.8035439319872071;-0.5525937427298109;1.8813607322750288
186;-0.8035439319872071;-0.5525937427298109;1.891269159862837
187;-0.8035439319872071;-0.5525937427298109;1.9052458800410577
188;-0.8035439319872071;-0.5525937427298109;1.9249125448948328
189;-0.8035439319872071;-0.5525937427298109;1.953080152714846
190;-0.7655308188642787;-0.5730147812378616;1.9948880392209176
191;-0.7655308188642787;-0.5730147812378616;2.0611381695184794
192;-0.7655308188642787;-0.5730147812378616;2.182042628410261
193;-0.7655308188642787;-0.5730147812378616;2.554884671485742
194;-0.7655308188642787;-0.5730147812378616;2.2622764580089383
195;-0.7655308188642787;-0.5730147812378616;2.025277706003128
196;-0.7655308188642787;-0.5730147812378616;1.8887858322335862
197;-0.7655308188642787;-0.5730147812378616;1.7890267026201532
198;-0.7655308188642787;-0.5730147812378616;1.709032203758178
199;-0.7655308188642787;-0.5730147812378616;1.6417641465019563
200;-0.7480454608229191;-0.5817754246160931;1.5836129980320246
201;-0.7480454608229191;-0.5817754246160931;1.5324616644064588
202;-0.7480454608229191;-0.5817754246160931;1.4869391746261678
203;-0.7480454608229191;-0.5817754246160931;1.4460833767588177
204;-0.7480454608229191;-0.5817754246160931;1.4091711066089028
205;-0.7480454608229191;-0.5817754246160931;1.3756259086707137
206;-0.7480454608229191;-0.5817754246160931;1.3449651572316048
207;-0.7480454608229191;-0.5817754246160931;1.3167687228165958
208;-0.7480454608229191;-0.5817754246160931;1.2906601581541761
209;-0.7480454608229191;-0.5817754246160931;1.266295538502921
210;-0.7333503875287433;-0.593497297907099;1.2433571774574443
211;-0.7333503875287433;-0.593497297907099;1.2215505363646288
212;-0.7333503875287433;-0.593497297907099;1.2006032434665168
213;-0.7333503875287433;-0.593497297907099;1.180265474704728
214;-0.7333503875287433;-0.593497297907099;1.160311143393896
215;-0.7333503875287433;-0.593497297907099;1.140539466654373
216;-0.7333503875287433;-0.593497297907099;1.120776559878439
217;-0.7333503875287433;-0.593497297907099;1.100876777924635
218;-0.7333503875287433;-0.593497297907099;1.0807235847849022
219;-0.7333503875287433;-0.593497297907099;1.0602297972639891
220;-0.7138762218736504;-0.6048472617052981;1.0393371133889973
221;-0.7138762218736504;-0.6048472617052981;1.0180149005246835
222;-0.7138762218736504;-0.6048472617052981;0.9962582776335313
223;-0.7138762218736504;-0.6048472617052981;0.9740855765988721
224;-0.7138762218736504;-0.6048472617052981;0.9515353055604435
225;-0.7138762218736504;-0.6048472617052981;0.9286627607642901
226;-0.7138762218736504;-0.6048472617052981;0.9055364422118151
227;-0.7138762218736504;-0.6048472617052981;0.8822344237664264
228;-0.7138762218736504;-0.6048472617052981;0.8588408129660812
229;-0.7138762218736504;-0.6048472617052981;0.8354424129387386
230;-0.7036347624238909;-0.6019914578325859;0.8121256720216414
231;-0.7036347624238909;-0.6019914578325859;0.7889739791269571
232;-0.7036347624238909;-0.6019914578325859;0.7660653371362836
233;-0.7036347624238909;-0.6019914578325859;0.7434704244460322
234;-0.7036347624238909;-0.6019914578325859;0.7212510372740635
235;-0.7036347624238909;-0.6019914578325859;0.6994588928794376
236;-0.7036347624238909;-0.6019914578325859;0.6781347663555751
237;-0.7036347624238909;-0.6019914578325859;0.6573079307184859
238;-0.7036347624238909;-0.6019914578325859;0.6369958710210248
239;-0.7036347624238909;-0.6019914578325859;0.6172042474827005
240;-0.6834422406449515;-0.5990947926289756;0.5979270893894519
241;-0.6834422406449515;-0.5990947926289756;0.5791472100052968
242;-0.6834422406449515;-0.5990947926289756;0.5608368420904961
243;-0.6834422406449515;-0.5990947926289756;0.5429585028492511
244;-0.6834422406449515;-0.5990947926289756;0.5254661050493099
245;-0.6834422406449515;-0.5990947926289756;0.5083063362443357
246;-0.6834422406449515;-0.5990947926289756;0.49142032884306075
247;-0.6834422406449515;-0.5990947926289756;0.47474563845220297
248;-0.6834422406449515;-0.5990947926289756;0.45821853485669556
249;-0.6834422406449515;-0.5990947926289756;0.4417765881215943
250;-0.613612116393388;-0.6216214143465787;0.4253615016255601
251;-0.613612116393388;-0.6216214143465787;0.40892210606188023
252;-0.613612116393388;-0.6216214143465787;0.3924173873861638
253;-0.613612116393388;-0.6216214143465787;0.3758193833450675
254;-0.613612116393388;-0.6216214143465787;0.35911575518564004
255;-0.613612116393388;-0.6216214143465787;0.3423118312961499
256;-0.613612116393388;-0.6216214143465787;0.3254319340907542
257;-0.613612116393388;-0.6216214143465787;0.30851984292891715
258;-0.613612116393388;-0.6216214143465787;0.29163831155386305
259;-0.613612116393388;-0.6216214143465787;0.2748676403050437
260;-0.5404936262011065;-0.6509163937124133;0.25830338900981875
261;-0.5404936262011065;-0.6509163937124133;0.24205339244738844
262;-0.5404936262011065;-0.6509163937124133;0.22623429494948546
263;-0.5404936262011065;-0.6509163937124133;0.21096784696925858
264;-0.5404936262011065;-0.6509163937124133;0.19637720306616516
265;-0.5404936262011065;-0.6509163937124133;0.1825834319147889
266;-0.5404936262011065;-0.6509163937124133;0.1697024025538817
267;-0.5404936262011065;-0.6509163937124133;0.15784215644983066
268;-0.5404936262011065;-0.6509163937124133;0.1471008206326229
269;-0.5404936262011065;-0.6509163937124133;0.13756506961246986
270;-0.5506582008842794;-0.6437308609867273;0.1293091067595062
271;-0.5506582008842794;-0.6437308609867273;0.12239411057848251
272;-0.5506582008842794;-0.6437308609867273;0.11686807718570494
273;-0.5506582008842794;-0.6437308609867273;0.11276598549136996
274;-0.5506582008842794;-0.6437308609867273;0.11011021381562208
275;-0.5506582008842794;-0.6437308609867273;0.10891114363563179
276;-0.5506582008842794;-0.6437308609867273;0.10916789588434184
277;-0.5506582008842794;-0.6437308609867273;0.11086915613071682
278;-0.5506582008842794;-0.6437308609867273;0.11399405592489764
279;-0.5506582008842794;-0.6437308609867273;0.11851308781824146
280;-0.6275945729696525;-0.6097517562575288;0.12438904058164679
281;-0.6275945729696525;-0.6097517562575288;0.13157794866156702
282;-0.6275945729696525;-0.6097517562575288;0.14003005577973077
283;-0.6275945729696525;-0.6097517562575288;0.14969079673190755
284;-0.6275945729696525;-0.6097517562575288;0.16050180386236315
285;-0.6275945729696525;-0.6097517562575288;0.17240194542263054
286;-0.6275945729696525;-0.6097517562575288;0.18532840216098254
287;-0.6275945729696525;-0.6097517562575288;0.19921778620027866
288;-0.6275945729696525;-0.6097517562575288;0.21400730280530897
289;-0.6275945729696525;-0.6097517562575288;0.22963595137907236
290;-0.7273922302002991;-0.5770653626765673;0.2460457574280727
291;-0.7273922302002991;-0.5770653626765673;0.2631830228533979
292;-0.7273922302002991;-0.5770653626765673;0.2809995783566802
293;-0.7273922302002991;-0.5770653626765673;0.29945401958298723
294;-0.7273922302002991;-0.5770653626765673;0.31851290835347923
295;-0.7273922302002991;-0.5770653626765673;0.3381519223073793
296;-0.7273922302002991;-0.5770653626765673;0.3583569406020497
297;-0.7273922302002991;-0.5770653626765673;0.37912505991193013
298;-0.7273922302002991;-0.5770653626765673;0.400465543529543
299;-0.7273922302002991;-0.5770653626765673;0.422400716508605
300;-0.820363943440048;-0.5573405097608186;0.4449668311350771
301;-0.8277505793566503;-0.5559106987238663;0.468344179607821
302;-0.8356120828998763;-0.5548475880598456;0.502518961353259
303;-0.8441622937574131;-0.5538633445055334;0.540413435877219
304;-0.8519139035282084;-0.5526403435062265;0.5796065681597071
305;-0.8592892651875638;-0.5503828892124;0.6213657825099316
306;-0.8663557811332989;-0.5464868992187057;0.6695169043910818
307;-0.8726261175122451;-0.540859610411968;0.7299353733340939
308;-0.8778703867840341;-0.5338354528722888;0.8108918742093039
309;-0.8822047235156036;-0.5259843616418663;0.9236445529846429
310;-0.8854713791082667;-0.5182084235715507;1.0865769122954796
311;-0.8869465232891842;-0.5116197196631596;1.3433076540884221
312;-0.8854360244641026;-0.5072858879833657;1.8923759774809614
313;-0.8796666164777243;-0.506000845018718;1.9599013754914696
314;-0.8688486372627853;-0.5080994370189273;1.4135430774125568
315;-0.8529202206092406;-0.513401249110247;1.1851596130452937
316;-0.832359641808653;-0.5213612978878153;1.0522917714733342
317;-0.8079681938978049;-0.5312437365855396;0.9687759131518359
318;-0.7807807528628294;-0.5422141182679034;0.9171014060663418
319;-0.7519693242985064;-0.553413185216331;0.889146529531087
320;-0.7226697342812896;-0.564056445931177;0.8809431409736943
321;-0.69378162851247;-0.5735428424960364;0.8907440334737144
322;-0.6658337964126;-0.581536046822482;0.9183108034020455
323;-0.6390078819483176;-0.5879766556157638;0.9647889059072963
324;-0.613316429711617;-0.5930038605235867;1.0328895416969142
325;-0.5887870851923063;-0.5968345101160673;1.1275422578556742
326;-0.5655254031750947;-0.5996830804683295;1.2580798382027019
327;-0.543678478195015;-0.6017454300304774;1.4461434001533089
328;-0.5233928459382426;-0.6032040151310972;1.7728062496242218
329;-0.5048186594444493;-0.604215351237406;2.057270197491701
330;-0.4881460494097085;-0.6048788461111247;1.9145773044991319
331;-0.47362881232990656;-0.6052118101246868;2.2284907668113405
332;-0.4615615929144247;-0.6051539496051025;1.9731929439186549
333;-0.4522064414799852;-0.6046067486015864;1.808291368078666
334;-0.44569035870111245;-0.6034955517045434;1.8244505885220295
335;-0.4419101406554453;-0.6018325589883057;2.2241255360731573
336;-0.44048308684295945;-0.5997573919711219;1.7685012342206203
337;-0.4407668918837443;-0.5975393434327367;1.5430671196152068
338;-0.4419433593651887;-0.5955408834227892;1.4273943272078935
339;-0.4431376593102942;-0.5941569234374522;1.3644270358797586
340;-0.44354136300447683;-0.593749714832243;1.3374070961547666
341;-0.4425174661221769;-0.5945943430160103;1.3390647135597904
342;-0.43967454034669096;-0.5968413596073452;1.3657576091352066
343;-0.4349002681131059;-0.6004983803260499;1.4157976567998158
344;-0.4283497227401646;-0.6054320087947459;1.4890731074977859
345;-0.4203951313357704;-0.611389903858335;1.5874266547301135
346;-0.41155414286800235;-0.6180380084377979;1.7161301586181794
347;-0.4024155570901269;-0.6250039004032392;1.888706558416259
348;-0.3935760967989409;-0.6319172186242908;2.150171800176304
349;-0.3855941626998348;-0.6384411025676827;3.0949974821168915
350;-0.3789604253644413;-0.6442920569218036;2.3493287968627
351;-0.3740819797330595;-0.6492482946986325;2.316578786505082
352;-0.3712761470297542;-0.6531483566426094;2.3779783357168633
353;-0.3707705258055722;-0.655882989189817;2.5010550624861394
354;-0.37270641651235115;-0.6573840165830059;2.6887483414740463
355;-0.3771428631581369;-0.6576141069026203;2.9785330476876477
356;-0.38405863993724243;-0.6565606803065903;3.8127657788578615
357;-0.3933505726940359;-0.6542355698151816;3.4006117362199855
358;-0.4048293803485195;-0.6506795691731075;3.5143479095024235
359;-0.41821746448537134;-0.6459687251160361;3.8558438759674916
360;-0.4331539103243532;-0.6402186197054998;4.734481638801118
361;-0.4492096439912725;-0.6335840808203448;4.86863699188156
362;-0.46591251328803607;-0.6262534000571436;5.880012084093189
363;-0.4827799460776654;-0.6184372676229121;4.428852457340592
364;-0.4993557172969564;-0.6103534141560351;3.915747667830058
365;-0.5152465595166666;-0.6022087633653107;3.702443230902172
366;-0.5301536525769148;-0.594181764495064;3.6442349702154075
367;-0.5438935658153645;-0.5864082437797754;3.7329611232853765
368;-0.5564035804330938;-0.5789741623279023;4.113507488319107
369;-0.5677287142731436;-0.5719174397793934;4.252392939892554
370;-0.5779929570212117;-0.5652381746150233;4.101664214770958
371;-0.5873630057787876;-0.5589133985947068;4.076906862267422
372;-0.5960146192259965;-0.5529113869811092;3.5378156516182546
373;-0.6041081493661945;-0.5472022754048946;3.178694956408298
374;-0.6117746000945781;-0.5417643360109902;2.9672315844032875
375;-0.61911042034264;-0.5365867818829357;2.82981322984074
376;-0.6261783701545679;-0.5316703069266722;2.744972723813909
377;-0.6330118540806489;-0.5270264546543288;2.706762319016418
378;-0.6396204003972601;-0.5226767145727629;2.72214488208516
379;-0.6459944605609206;-0.5186519681188337;2.83321728776838
380;-0.6521084600681742;-0.5149925141076308;3.4404109098397573
381;-0.6579219461188272;-0.5117484615207253;2.6994429519459735
382;-0.6633795659834967;-0.5089799081913431;2.4992074791197045
383;-0.6684112899361115;-0.5067561374300958;2.373644152348643
384;-0.6729345920066385;-0.5051531109294471;2.2825338284806067
385;-0.6768600608641177;-0.5042487987361544;2.2119184098801363
386;-0.6801010491257328;-0.5041163162783384;2.1548167464622443
387;-0.6825865998350532;-0.504815386174785;2.1069724818518942
388;-0.6842754084144069;-0.5063832380621784;2.065471203380852
389;-0.6851675627701947;-0.5088265512489444;2.028199514179428
390;-0.6853107333943963;-0.5121162164339295;1.9936156624613053
391;-0.6847984619317965;-0.5161863941568312;1.9606480953771455
392;-0.6837598857107016;-0.5209386218103667;1.9286430619562613
393;-0.6823420729047514;-0.5262507879820166;1.8973229813977375
394;-0.680687634606481;-0.5319899099829382;1.8667384888629894
395;-0.67891118125533;-0.538026983290616;1.8372106339191332
396;-0.677078492787924;-0.5442517694851587;1.8092680098584168
397;-0.6751920690579645;-0.5505852466346093;1.7835873372466435
398;-0.673186080304276;-0.5569875762915572;1.7609466998011216
399;-0.6709326272513916;-0.5634598991347501;1.7422003541594635
400;-0.6682596248192367;-0.5700391050787642;1.7282847729870692
401;-0.6649786606650704;-0.5767858871909217;1.720269297468083
402;-0.6609191858962071;-0.5837676845323403;1.7194752973941614
403;-0.6559638435192555;-0.591039233759343;1.7277158571840658
404;-0.6500790483353862;-0.5986240751332569;1.747787890988378
405;-0.6433353065616756;-0.6065003222449313;1.7846065873386405
406;-0.6359131802100257;-0.6145933194750639;1.8484071403692373
407;-0.628093069574377;-0.6227766348690353;1.9675331651405004
408;-0.6202297677455737;-0.6308813987342861;2.3135579370155934
409;-0.6127154998478905;-0.6387125639583268;2.0842597827589584
410;-0.6059372244702723;-0.6460695106366258;1.8478982169927296
411;-0.6002348102083029;-0.6527677717089067;1.7207086601410917
412;-0.5958661997657624;-0.6586586035567796;1.6333706739090033
413;-0.5929841538332258;-0.6636435970506174;1.5679078354755007
414;-0.591627090957876;-0.6676823798632667;1.5168609877291352
415;-0.5917242975160404;-0.6707925643226411;1.4763611337931049
416;-0.5931136756655845;-0.673042312080488;1.4440980041167273
417;-0.5955685084781093;-0.6745370420063808;1.4185448401202123
418;-0.5988287077650121;-0.675402684379643;1.398610594460687
419;-0.6026318230579681;-0.6757682896230226;1.383464364004503
420;-0.6067397042614008;-0.6757506488184355;1.3724369187737229
421;-0.6109579281166346;-0.6754429412103568;1.3649596922829654
422;-0.6151466235294016;-0.6749084778933863;1.3605246180663255
423;-0.619222854697129;-0.6741795977517412;1.3586588643766015
424;-0.6231559818862281;-0.6732609065959171;1.3589130072661797
425;-0.6269582316477229;-0.6721354820498795;1.3608617483150984
426;-0.6306729820453856;-0.6707724590791593;1.364114444378735
427;-0.6343630297451612;-0.6691345423344904;1.3683301707795414
428;-0.6381004923305014;-0.6671843684535282;1.3732305556566207
429;-0.6419592199461757;-0.6648891307899961;1.3786044201013348
430;-0.6460098559813376;-0.6622233492859817;1.384301371685964
431;-0.6503171450617411;-0.6591700259049937;1.3902156953481026
432;-0.6549387952000641;-0.655720631519646;1.3962653589283631
433;-0.6599251376987971;-0.6518744311416702;1.4023723732430295
434;-0.6653189272795766;-0.6476376069911867;1.408449912286711
435;-0.6711548108474868;-0.6430225276302048;1.4143992745227623
436;-0.6774582047247533;-0.6380473754880391;1.4201170490568777
437;-0.6842435171901038;-0.6327362126336791;1.4255105987915209
438;-0.6915118155196031;-0.6271194522020926;1.4305185964140235
439;-0.6992481574780052;-0.6212346182594256;1.4351328899547267
440;-0.7074188860289143;-0.6151272223552863;1.4394182699649405
441;-0.7159692247655949;-0.6088515598018172;1.4435275190351358
442;-0.7248215124361932;-0.6024712304509062;1.4477102008786444
443;-0.7338743806556746;-0.5960592138813037;1.4523147840709152
444;-0.7430031134566213;-0.5896973728841518;1.4577847470170076
445;-0.7520613365511434;-0.5834753164729114;1.4646501803053313
446;-0.76088407563914;-0.577488618285925;1.4735170268253603
447;-0.7692921057218176;-0.5718364519685364;1.4850564389469851
448;-0.7770973970605082;-0.5666187658250974;1.499996784860313
449;-0.784109358982982;-0.5619331688901705;1.5191206662712171
450;-0.7901415019508413;-0.5578717340781036;1.543269053708897
451;-0.7950180933036244;-0.5545179363371049;1.5733544961514228
452;-0.798580383536721;-0.5519439312668092;1.6103855355231862
453;-0.8006920336873597;-0.5502083416933186;1.6555051718743035
454;-0.8012434775275076;-0.5493546596413442;1.7100476924725343
455;-0.8001550906621187;-0.549410297336326;1.7756205835465013
456;-0.7973791877887516;-0.5503862457961894;1.8542216424420208
457;-0.7929009996424177;-0.5522772372447649;1.9484054297454971
458;-0.7867388660503823;-0.5550622697325189;2.0615173560093893
459;-0.7789439057423536;-0.5587053449825381;2.1980298073467353
460;-0.7695993870116404;-0.5631562923316251;2.3642074527853123
461;-0.7588199395945096;-0.5683515953116781;2.571460468504251
462;-0.7467506386728195;-0.5742151924413728;2.8720499264222874
463;-0.7335658791725089;-0.580659279977324;3.0925875712344024
464;-0.7194678612345333;-0.5875851939005329;2.706649851716808
465;-0.7046844392721204;-0.5948844861606565;2.5002246581942154
466;-0.6894660562889137;-0.6024403327075978;2.338467938265449
467;-0.6740814978895331;-0.6101294150509892;2.2077501908373836
468;-0.6588122599010725;-0.6178243997237803;2.102309933496975
469;-0.6439454298000122;-0.6253970979386739;2.0178013257971905
470;-0.6297651306868495;-0.6327223190856446;1.9509110927322413
471;-0.6165427569017232;-0.6396823376316634;1.899266578306313
472;-0.6045264254512689;-0.64617177912667;1.8613415272969527
473;-0.5939302539935708;-0.6521026089104083;1.8364288851496648
474;-0.584924226524262;-0.6574087946198085;1.8247483538456952
475;-0.5776254929002507;-0.6620501341483648;1.8278092950087919
476;-0.5720919413363954;-0.6660147205320931;1.8493747739505717
477;-0.5683187657005915;-0.6693195778897032;1.8982695843268709
478;-0.5662385188709609;-0.672009160685524;1.999306528818213
479;-0.565724819155087;-0.6741516545565301;2.284888322912763
480;-0.5665995041808792;-0.6758333163066585;2.151023140250439
481;-0.5686426713481878;-0.6771513843699557;1.8844529702790838
482;-0.5716047747788326;-0.6782063098727682;1.7440766741919358
483;-0.5752198144837517;-0.6790941467254331;1.6469436530456232
484;-0.5792186643681274;-0.679899877128697;1.5731177788566046
485;-0.5833417109665912;-0.6806922608312791;1.5145152873987222
486;-0.5873501585164104;-0.6815205398384534;1.4669592890739778
487;-0.591035542007617;-0.6824130712864787;1.427924835462754
488;-0.594227142638283;-0.6833777509029189;1.395694472680501
489;-0.5967971123144105;-0.6844039510614944;1.368986729936877
490;-0.5986632004654666;-0.6854656277235847;1.3467763176853016
491;-0.5997890613128931;-0.6865252306774376;1.3282029684962482
492;-0.6001822216799501;-0.6875380594675122;1.3125250873327565
493;-0.5998899135631033;-0.6884567271047;1.299097076752482
494;-0.5989931115339182;-0.6892354181278514;1.2873589492365562
495;-0.5975992409574056;-0.6898336577973331;1.2768315479454455
496;-0.5958341141540215;-0.6902193500966125;1.2671133359066922
497;-0.5938336883322486;-0.6903708985093472;1.2578764464692114
498;-0.5917362128209561;-0.6902782965783303;1.248860945876166
499;-0.5896752483034966;-0.6899431616577558;1.2398671697424493
500;-0.5877739128181922;-0.6893777772135666;1.2307465863648193
501;-0.5861405599035833;-0.6886032957476087;1.2213919350556315
502;-0.5848659458877633;-0.6876473244757502;1.2117274404077039
503;-0.5840218146574451;-0.686541159648548;1.2016997907945124
504;-0.5836607315154074;-0.6853169472674069;1.1912703721010018
505;-0.583816937884392;-0.6840050277124038;1.1804090314255218
506;-0.5845079740839314;-0.6826316746956559;1.1690894528484317
507;-0.5857368219315621;-0.6812173743271914;1.1572860786872887
508;-0.5874943437443922;-0.6797757190590481;1.144972409183206
509;-0.5897618303054837;-0.6783129242495536;1.132120456324248
510;-0.5925135096348387;-0.6768279197651256;1.1187011047701305
511;-0.5957189052992563;-0.6753129295250682;1.1046851353672766
512;-0.5993449643026212;-0.673754428901878;1.0900446863365356
513;-0.6033578992771395;-0.6721343616315678;1.0747549571451702
514;-0.6077247082620584;-0.6704315012646186;1.058795994990933
515;-0.6124143491940133;-0.6686228538030238;1.0421544395372668
516;-0.6173985569982348;-0.6666850149874118;1.024825134822322
517;-0.6226523003647974;-0.6645954153083932;1.0068125457720092
518;-0.6281538840273253;-0.6623334064007125;0.9881319389885566
519;-0.6338847112606221;-0.6598811626423124;0.9688103028435475
520;-0.6398287305475078;-0.6572243903644948;0.9488869906296344
521;-0.6459715997337329;-0.6543528530485655;0.92841407367308
522;-0.6522996100495609;-0.6512607333155145;0.907456390589384
523;-0.65879842057653;-0.6479468606759644;0.8860912764035657
524;-0.66545166054771;-0.6444148374794737;0.8644079532949105
525;-0.6722394618829982;-0.6406730942953487;0.8425065652797612
526;-0.6791369873614266;-0.6367349005657251;0.8204968436943887
527;-0.6861130208191519;-0.6326183477439113;0.798496399592493
528;-0.6931286849351046;-0.6283463115494117;0.7766286529662758
529;-0.7001363498859594;-0.6239463888688737;0.755020426062982
530;-0.7070787928795097;-0.6194507945851867;0.7337992474302387
531;-0.7138886648123874;-0.6148961953562645;0.7130904328423768
532;-0.7204883165270397;-0.6103234518473615;0.6930140271873821
533;-0.7267900337686806;-0.6057772384760745;0.6736817063905431
534;-0.7326967272278588;-0.601305510287432;0.6551937497847635
535;-0.7381031220377368;-0.5969587897590208;0.6376362009261033
536;-0.7428974894915743;-0.5927892515890345;0.6210783391425931
537;-0.7469639618210671;-0.5888495902636228;0.605570585823586
538;-0.7501854673144908;-0.5851916629721579;0.5911429692987666
539;-0.7524473158444531;-0.5818649090173794;0.577804270448724
540;-0.7536414512637367;-0.5789145563560488;0.5655419676089972
541;-0.7536713636954566;-0.5763796367790779;0.5543230926953795
542;-0.7524576176959843;-0.5742908443291379;0.544096098650994
543;-0.7499438980174277;-0.5726682879525455;0.534793818226496
544;-0.746103400805395;-0.5715192102401778;0.5263375619453572
545;-0.740945304588102;-0.5708357702703659;0.5186423547496563
546;-0.7345209465204322;-0.5705930200056469;0.5116232425895297
547;-0.726929215036797;-0.5707472388057249;0.5052025101308927
548;-0.7183205674248322;-0.5712348253969142;0.49931754033904113
549;-0.7088990141538136;-0.5719719740420443;0.4939289231990114
550;-0.6989214106571658;-0.5728553715192217;0.489028299242223
551;-0.6886934917276208;-0.5737641315293944;0.48464532722181053
552;-0.6785622961869244;-0.5745631213435881;0.4808531236472855
553;-0.6689049642725811;-0.5751077243883308;0.4777715640073093
554;-0.6601143225121331;-0.5752499242505094;0.47556797983026866
555;-0.6525821405586781;-0.5748454067804997;0.4744550291297026
556;-0.6466813592799747;-0.5737611899711432;0.47468582921045344
557;-0.6427488424769655;-0.5718831501693851;0.4765467648504868
558;-0.6410702055138967;-0.5691227627250278;0.48034865631498436
559;-0.6418679848974848;-0.5654224451893849;0.48641713580563356
560;-0.6452938738824507;-0.5607590816594638;0.49508310983780063
561;-0.6514250798110088;-0.5551455814523351;0.5066740815486239
562;-0.660264226156186;-0.5486306179363022;0.5215068961234355
563;-0.6717417873929294;-0.5412969278120725;0.5398821872964947
564;-0.6857199093116102;-0.5332586664475703;0.5620804735890211
565;-0.7019966417186518;-0.5246582861418045;0.5883595063839171
566;-0.720310018143802;-0.5156632500464524;0.6189521381551621
567;-0.7403419284625932;-0.5064626684046245;0.6540636990693465
568;-0.7617222075222307;-0.49726371445779927;0.6938676957300299
569;-0.7840336968209033;-0.4882875073892854;0.7384986287383021
570;-0.8068191631878349;-0.4797640810105372;0.7880408976935318
571;-0.829590857559358;-0.47192610663202206;0.8425131174505176
572;-0.8518431800130268;-0.4650012020901394;0.9018476620867619
573;-0.8730684200708333;-0.4592029153124623;0.965865816179268
574;-0.8927749244003522;-0.45472078588727155;1.0342494915404525
575;-0.9105063989856605;-0.4517102141316384;1.1065110447814108
576;-0.9258605050854979;-0.4502831424050764;1.181963323107658
577;-0.9385046051337065;-0.45050070651176866;1.2596926679794624
578;-0.9481865922288107;-0.45236897807524395;1.3385381078445433
579;-0.9547392711118807;-0.4558386490777083;1.4170801279404661
580;-0.9580777187772987;-0.46080901389193385;1.4936420762767946
581;-0.958190280296356;-0.4671359528572455;1.5663071421080397
582;-0.9551250863576879;-0.47464294421401515;1.6329564043325568
583;-0.948974912715755;-0.4831335859391346;1.691342334259433
584;-0.9398635903542518;-0.49240383526216736;1.7392265615295976
585;-0.9279368991284034;-0.5022522474280742;1.7746149570279153
586;-0.9133599759507479;-0.5124869050589673;1.796086100646023
587;-0.8963219169876342;-0.5229283825904338;1.8031209096950196
588;-0.877046708009648;-0.5334088451504241;1.7962670963881826
589;-0.8558081524268553;-0.5437680900425141;1.7770189875857274
590;-0.8329453297436389;-0.5538478830853513;1.7474584422768427
591;-0.8088745050644108;-0.5634862491920396;1.7098341114776483
592;-0.7840934602891194;-0.5725134184354457;1.6662421554414746
593;-0.7591749966326353;-0.5807509077195475;1.618465813427181
594;-0.7347478387772812;-0.5880147551688615;1.56794392871864
595;-0.711465198811116;-0.5941232584395973;1.5158108571770152
596;-0.6899635287993973;-0.5989087668844204;1.4629610881425317
597;-0.6708160674876145;-0.6022322504737554;1.4101121807466725
598;-0.6544871787331907;-0.6039986687132994;1.3578552104384058
599;-0.6412937779870839;-0.6041707635393783;1.3066906404673015
600;-0.6313791716903586;-0.6027789442721938;1.2570513981383629
601;-0.6247025489194122;-0.5999254721317278;1.2093161782981183
602;-0.6210446482932837;-0.5957821039403031;1.1638160425709623
603;-0.6200274567881864;-0.5905815034280627;1.1208369576188917
604;-0.6211438441510182;-0.5846037813998198;1.0806203418129934
605;-0.6237922274758828;-0.5781602096902457;1.0433631043599094
606;-0.627311766039635;-0.5715763100485007;1.0092181298287484
607;-0.6310149297069608;-0.5651761560673932;0.9782957241352748
608;-0.6342160715304579;-0.5592690039129279;0.9506662205697651
609;-0.636256334593666;-0.5541385284275339;0.9263637547586894
610;-0.6365264093584077;-0.5500342243987348;0.9053911430268199
611;-0.6344890812095061;-0.5471641100590037;0.8877258047980521
612;-0.6297030966486854;-0.5456878203100783;0.8733267028173339
613;-0.6218487123577395;-0.5457094938802797;0.8621422722905836
614;-0.6107535969356291;-0.5472704657997874;0.8541192184616475
615;-0.5964158994874103;-0.5503425400513129;0.8492118667650133
616;-0.5790197878462011;-0.5548233485736572;0.8473915035945592
617;-0.5589381600380409;-0.5605357734128322;0.848654980136053
618;-0.5367180121954611;-0.567233395294241;0.8530319394421371
619;-0.5130462522750033;-0.574613296490465;0.8605904934221595
620;-0.4886972446727523;-0.5823363241267215;0.8714420058546772
621;-0.4644672418932664;-0.59005336070744;0.8857466661073298
622;-0.441104046165659;-0.5974346604917404;0.9037225951229455
623;-0.41924181471830957;-0.6041983239895568;0.9256623740744954
624;-0.3993504053793462;-0.6101337946922799;0.9519626628132156
625;-0.3817061743141757;-0.6151169410086064;0.9831762565745659
626;-0.3663873073273152;-0.6191146744230972;1.0201042574837003
627;-0.35329249818186054;-0.6221788343741852;1.063965712878828
628;-0.3421780359029162;-0.6244308500653366;1.1167324420200984
629;-0.3327059088952272;-0.6260400893824964;1.1818637355585775
630;-0.3244947987731106;-0.6271995400469471;1.2661951500973108
631;-0.3171667743331684;-0.6281024232912648;1.3862092328221858
632;-0.31038462297975605;-0.6289226095744552;1.6028005006463955
633;-0.303877345582495;-0.6298005596692751;1.916233295209144
634;-0.29745369272791433;-0.630835298001523;1.5054110774900402
635;-0.2910052872502245;-0.6320819322066527;1.366458054808993
636;-0.2845017355330521;-0.6335536192259374;1.2839257572236962
637;-0.27798030836171667;-0.6352266488696668;1.2267972061465469
638;-0.2715325177946725;-0.6370473735261043;1.184271857278178
639;-0.2652894700315667;-0.6389399274683737;1.1513553625560213
640;-0.25940740309293653;-0.6408139408806752;1.1253920743376697
641;-0.25405440549724034;-0.6425716950514924;1.1048750068067035
642;-0.24939897804351385;-0.6441143598581178;1.08894830060843
643;-0.24560083239836883;-0.6453471032324798;1.0771736861094439
644;-0.24280409661053065;-0.6461829767365046;1.0694165590478886
645;-0.24113290449714275;-0.6465455740725619;1.0657969389178967
646;-0.24068917942477464;-0.6463705377169168;1.0666857101270866
647;-0.24155228825359654;-0.6456060544893094;1.0727456804858941
648;-0.24378014639279205;-0.6442125313824929;1.0850357929777423
649;-0.2474113064984061;-0.6421616747485857;1.105230475730308
650;-0.2524675626604457;-0.6394352064812463;1.1360907004402045
651;-0.2589566442114585;-0.63602344015655;1.1825878406813204
652;-0.26687464877999395;-0.6319239109701166;1.2551395278650135
653;-0.2762079604113351;-0.6271402106295735;1.3826937151715577
654;-0.2869345027355457;-0.6216811280670702;1.7444803187916098
655;-0.29902427823898026;-0.6155601447924777;1.5033164879530059
656;-0.3124392344331351;-0.6087952848789071;1.2747770631670368
657;-0.32713257083748987;-0.6014092776049946;1.15277780344459
658;-0.34304765448082997;-0.5934299579671287;1.0700003733481769
659;-0.3601167452211106;-0.5848908077745972;1.008988130660244
660;-0.3782597459344896;-0.5758315281665779;0.9626444006099317
661;-0.39738318764405317;-0.566298532871652;0.927444446549949
662;-0.4173796376572323;-0.5563452596565719;0.9014325133157284
663;-0.43812768209061104;-0.5460322140644404;0.8834522607963171
664;-0.4594925858418033;-0.5354266831759226;0.8727986543033188
665;-0.4813276769576988;-0.5246020857442022;0.8690421443685045
666;-0.5034764429626362;-0.5136369562549643;0.8719330680900599
667;-0.5257752689614867;-0.5026135915815682;0.8813476776667262
668;-0.5480566960921956;-0.4916164172399681;0.8972582698129485
669;-0.5701530384811438;-0.48073015333777536;0.9197193232828703
670;-0.5919001705061437;-0.47003787622013754;0.9488664786695785
671;-0.613141285711636;-0.45961907935323776;0.9849285152678358
672;-0.6337304343355703;-0.449547835841463;1.028255802051533
673;-0.6535356666849479;-0.43989115571843496;1.079373636636724
674;-0.6724416417628165;-0.4307076151334302;1.1390783586371733
675;-0.6903516008670967;-0.4220463136968377;1.208615325361256
676;-0.7071886501430127;-0.41394619279138123;1.2900317600200555
677;-0.7228963401029065;-0.4064357238818924;1.3869562229523733
678;-0.7374385702421118;-0.39953295383669063;1.5066264941102983
679;-0.7507988802166529;-0.39324587566885416;1.666773314336877
680;-0.7629792137743445;-0.3875730790389133;1.9359736499796436
681;-0.7739982569899884;-0.38250462586948475;2.2059631207118153
682;-0.7838894585851152;-0.37802309248758453;1.8918113389432887
683;-0.7926988382536779;-0.37410472034412107;1.8081999449835133
684;-0.8004826805588143;-0.37072062173605025;1.78108105556243
685;-0.8073051989852791;-0.3678379940559033;1.7821501207718287
686;-0.8132362390346273;-0.3654213048444779;1.8013772058454454
687;-0.8183490725809509;-0.36343341931877676;1.8340242089778112
688;-0.8227183195163674;-0.3618366512306082;1.8772182918062157
689;-0.8264180181018341;-0.3605937262197797;1.928349475053023
690;-0.829519853126989;-0.3596686538091779;1.983637783414476
691;-0.8320915413618455;-0.35902750959830987;2.0363623109582027
692;-0.8341953669590387;-0.3586391329732672;2.0755229256693366
693;-0.8358868553235239;-0.35847574783049607;2.0882258165999272
694;-0.8372135722375342;-0.35851351457747005;2.06804157931173
695;-0.8382140353487639;-0.35873302125902107;2.020800978691615
696;-0.8389167270992177;-0.35911972032878664;1.9588779086289188
697;-0.8393392014094428;-0.35966431560588374;1.8927153533603824
698;-0.8394872806275095;-0.3603631015631905;1.8282710695536644
699;-0.8393543442170299;-0.3612182544642893;1.7681975286274607
700;-0.8389207163782327;-0.36223807209790654;1.7133773639329501
