0;-0.4505720083781959;-0.5634414195292337;1.3040872563105839
1;-0.4642025913382889;-0.5634934692945074;1.3811797161589627
2;-0.4782411795908629;-0.5632880771287376;1.5031256110025282
3;-0.49260258958702796;-0.5628446256345807;1.7690873481457035
4;-0.5071937178963466;-0.5621835743475968;1.7864854724034216
5;-0.521909647219681;-0.5613280442167327;1.5062187714436988
6;-0.5366337494905109;-0.5603052915953898;1.3794653127897578
7;-0.5512460552825789;-0.5591476612876698;1.2983790671288742
8;-0.5656392154256696;-0.5578915191340386;1.2399717076262684
9;-0.5797320647702557;-0.5565728788703856;1.1952049385861643
10;-0.5934736819880645;-0.5552212165933655;1.1594570953381813
11;-0.6068414488938808;-0.5538548005989377;1.1300271182491686
12;-0.6198367791709127;-0.5524795012157595;1.1053118716997485
13;-0.632477260592736;-0.5510915680872208;1.0844644381930117
14;-0.6447852578540952;-0.5496833665208725;1.0671504594020642
15;-0.6567778634998828;-0.5482491253327716;1.0533309028239866
16;-0.6684623973821653;-0.5467882363246931;1.043106948005795
17;-0.6798365729895809;-0.545306171160635;1.0366392626796386
18;-0.6908902842555578;-0.5438142996232351;1.0341198011884276
19;-0.7016072194351163;-0.542329414338321;1.0357712574135765
20;-0.71196601310123;-0.5408730802402221;1.0418599292599175
21;-0.7219412376608478;-0.5394706763734164;1.0527173511585324
22;-0.7315045317164894;-0.5381500654072046;1.0687723791724753
23;-0.7406259732002819;-0.5369399860043722;1.0906007224066738
24;-0.7492756405501744;-0.5358683726492856;1.11900658114435
25;-0.7574252431562742;-0.534960812231255;1.1551669152607822
26;-0.7650497278245549;-0.5342392649946004;1.200907675331864
27;-0.7721288124387216;-0.5337210739559529;1.2592901173429505
28;-0.778648406240622;-0.533418224462035;1.336048407914451
29;-0.7846018502763401;-0.5333368127564726;1.4439928473215864
30;-0.7899908917267036;-0.5334767111377198;1.6233293706221965
31;-0.7948263175779693;-0.5338314389862471;2.471599682373397
32;-0.7991282043631129;-0.534388249680059;1.6697027853214657
33;-0.8029257663288797;-0.5351284345122701;1.5090587061638412
34;-0.8062567950291226;-0.5360278394430542;1.4256169616728909
35;-0.8091666877289757;-0.5370575898229204;1.3744382933709252
36;-0.8117070740252899;-0.5381850149223906;1.3416679151463258
37;-0.8139340792202574;-0.5393747517707177;1.3211611992785175
38;-0.8159063100380393;-0.5405899853228251;1.3096514294385915
39;-0.8176827031922165;-0.5417937544665639;1.3052120211203087
40;-0.8193204204735403;-0.5429502309457128;1.306644111861905
41;-0.8208729843015588;-0.5440258717584386;1.3131978986857464
42;-0.8223888148159346;-0.5449903604804823;1.324436986035309
43;-0.8239102618960837;-0.5458172855270731;1.340174245001736
44;-0.8254731457309914;-0.546484542612262;1.3604512508988802
45;-0.8271067518501461;-0.5469744827067878;1.385553523088992
46;-0.8288341848777601;-0.547273848607835;1.4160680749839045
47;-0.8306729707587996;-0.5473735521204102;1.4530085400636223
48;-0.8326358026288182;-0.5472683431977116;1.498072269547507
49;-0.8347313417634876;-0.546956416510437;1.554198716621506
50;-0.836965005084588;-0.5464389930787237;1.6269428341518082
51;-0.8393396903965782;-0.545719906570828;1.72864729747146
52;-0.8418564079608184;-0.5448052163253603;1.8972506985096076
53;-0.844514801441125;-0.5437028622528595;2.5588345876906806
54;-0.8473135524472776;-0.5424223705654632;1.9486759029831586
55;-0.8502506708863529;-0.5409746138596037;1.77272464604689
56;-0.8533236783364956;-0.5393716245646907;1.6767957607901822
57;-0.8565296941294309;-0.5376264572724632;1.6131239487198705
58;-0.8598654344024764;-0.5357530929895433;1.5673990649924259
59;-0.8633271338197228;-0.5337663768055836;1.5333874560774325
60;-0.8669103987719334;-0.5316819796336858;1.5078205065681765
61;-0.8706100004201679;-0.5295163742901233;1.488781686351747
62;-0.8744196166272071;-0.5272868159651517;1.4750627578797852
63;-0.8783315341407893;-0.5250113168803927;1.4658659090285449
64;-0.8823363266296145;-0.5227086045251179;1.4606517338811493
65;-0.886422530250756;-0.5203980523595572;1.4590568533720685
66;-0.8905763457824856;-0.5180995714897929;1.460848566871319
67;-0.8947814038214514;-0.5158334519491337;1.4659015818780503
68;-0.8990186353222488;-0.5136201433827765;1.4741900203353047
69;-0.9032662916039929;-0.5114799676640011;1.485792387749125
70;-0.9075001536143901;-0.5094327606679785;1.5009105397241227
71;-0.9116939581776444;-0.5074974471570908;1.5199075120342271
72;-0.9158200490721256;-0.5056915610584332;1.5433754028214117
73;-0.919850234971908;-0.504030732365611;1.5722574551921666
74;-0.9237568083219558;-0.5025281700855506;1.6080790336484712
75;-0.9275136539932807;-0.5011941765825867;1.6534243087071343
76;-0.931097358820976;-0.5000357311368239;1.7130553568219062
77;-0.9344882261781375;-0.4990561789299998;1.797109086592656
78;-0.9376711046985657;-0.49825505612846355;1.933933022434669
79;-0.9406359560194398;-0.4976280729949144;2.296385727996221
80;-0.9433781102276834;-0.4971672661213863;2.0758816911285605
81;-0.9458981860424496;-0.4968613190947482;1.8492362687908612
82;-0.9482016821177957;-0.496696039228841;1.728603640894887
83;-0.9502982731199159;-0.4966549673102401;1.6450617209765834
84;-0.9522008669673603;-0.4967200883658868;1.580784702658311
85;-0.9539244960224309;-0.4968726049294445;1.5284639397878934
86;-0.9554851239484301;-0.49709373068821594;1.4844048328792707
87;-0.9568984509551105;-0.49736546204321236;1.4464968067176676
88;-0.9581787935352872;-0.4976712880013261;1.4134335483181015
89;-0.9593381015741216;-0.49799680456129836;1.3843589900453095
90;-0.960385157547272;-0.49833020764810876;1.358686577980053
91;-0.9613249815072837;-0.4986626477921119;1.3359985318394938
92;-0.9621584439566166;-0.4989884392223145;1.3159857539597934
93;-0.9628820687139398;-0.4993051250781442;1.2984100828171505
94;-0.9634879914455503;-0.4996134085109435;1.2830797002762748
95;-0.9639640283009832;-0.49991696624995025;1.2698327839341557
96;-0.964293804444887;-0.5002221665988991;1.2585266382660678
97;-0.9644568954093427;-0.5005377176807887;1.2490306614634519
98;-0.9644289461015412;-0.5008742738409722;1.2412221131257288
99;-0.9641817536117425;-0.5012440280847038;1.234983984593949
100;-0.9636833304661317;-0.5016603157563055;1.2302044643454648
101;-0.9628980028414313;-0.5021372487938561;1.2267776049757928
102;-0.9617866389605951;-0.5026893903546524;1.2246048763992574
103;-0.9603071378504764;-0.5033314663764168;1.2235973556923645
104;-0.9584153244475802;-0.5040780946987627;1.2236783697978941
105;-0.9560663767622655;-0.5049434964977729;1.2247864770866266
106;-0.9532168399687525;-0.5059411441534867;1.2268787459972987
107;-0.9498271604186143;-0.5070833012488637;1.229934359963552
108;-0.9458645257026731;-0.5083804300676158;1.2339586454984657
109;-0.9413056783990853;-0.5098404794749588;1.238987687471373
110;-0.9361393396497181;-0.5114681110361625;1.245093772412044
111;-0.9303679598623444;-0.5132639551332497;1.2523920063233964
112;-0.9240086761411437;-0.5152239949117674;1.261048618933657
113;-0.9170935268454493;-0.517339150653402;1.2712917407780266
114;-0.9096690852678941;-0.5195950934474471;1.2834259059681987
115;-0.901795701151767;-0.5219722751165364;1.2978523439884873
116;-0.8935464989315255;-0.5244461362504566;1.3150985789195127
117;-0.8850062132861611;-0.5269874492397923;1.3358635903252072
118;-0.876269878948132;-0.5295627624820197;1.3610902486863892
119;-0.8674413500637916;-0.5321349267292368;1.3920884567002438
120;-0.8586316080871363;-0.5346636981392303;1.4307599692983477
121;-0.849956821835673;-0.5371064217506056;1.4800485226067526
122;-0.8415361421859434;-0.539418803284763;1.5449626141031343
123;-0.8334892405435037;-0.5415557770728207;1.6353782237943735
124;-0.8259336294696316;-0.5434724743450746;1.7765729772873358
125;-0.8189818315338979;-0.5451252896550415;2.0930351747137634
126;-0.8127384852062873;-0.5464730342558343;2.037677904646676
127;-0.8072974916691458;-0.5474781544897033;1.81750114354375
128;-0.8027393119025578;-0.5481079819438797;1.7422227726419084
129;-0.7991285185976554;-0.5483359720061168;1.7358901726749476
130;-0.7965116933893229;-0.548142880267611;1.8139327355332158
131;-0.7949157394505746;-0.5475178230821632;2.3032863384270916
132;-0.7943466570398385;-0.5464591695397494;1.7482036204561056
133;-0.7947888100447901;-0.5449752161507551;1.5072387027156786
134;-0.7962046989577966;-0.5430846011378094;1.355408694580264
135;-0.7985352518751092;-0.5408164211028503;1.2407329883407323
136;-0.8017006488621579;-0.5382100185763378;1.147642258060449
137;-0.805601702273611;-0.5353144153193642;1.069220976938432
138;-0.8101218202921945;-0.5321873749170873;1.0017376246522427
139;-0.8151295766055688;-0.5288940911254654;0.9429217944314352
140;-0.8204818907817113;-0.525505516988997;0.8912714397495033
141;-0.8260277896543071;-0.5220963739542411;0.8457274221658478
142;-0.831612672169568;-0.5187429082630785;0.805502909859695
143;-0.8370829450341477;-0.515520490266505;0.7699862621872001
144;-0.8422908430261622;-0.5125011763354016;0.7386820037516514
145;-0.8470992045000625;-0.5097513682951746;0.7111729458307129
146;-0.8513859443873055;-0.5073297088080683;0.6870947414981956
147;-0.855047953752877;-0.5052853421912126;0.6661181566419405
148;-0.8580041535375655;-0.5036566500412366;0.6479364188539355
149;-0.8601974398416677;-0.5024705414182418;0.6322561435674958
150;-0.8615952869251292;-0.5017423386955668;0.6187909705471518
151;-0.8621888396998914;-0.5014762516876488;0.607257386600486
152;-0.861990449261731;-0.5016663748379403;0.5973723765282418
153;-0.8610297879977508;-0.5022980813418487;0.5888526048355032
154;-0.8593489001529149;-0.5033496388558483;0.5814148365107823
155;-0.8569967418928849;-0.5047938540356318;0.5747772958591881
156;-0.8540238698213016;-0.5065995827947928;0.5686616681408052
157;-0.8504778970465487;-0.5087330176321291;0.5627954888803847
158;-0.8464001527887083;-0.5111587576404762;0.5569147455188037
159;-0.8418237158189694;-0.5138407427181446;0.550766624398356
160;-0.8367727338130329;-0.5167431608741571;0.5441124458086046
161;-0.8312627628692406;-0.5198314121048815;0.5367309044003599
162;-0.8253017892058087;-0.523073156215255;0.5284217384018377
163;-0.8188916091861584;-0.5264394166125318;0.5190098739069042
164;-0.8120293062757564;-0.5299056786278196;0.5083499443371458
165;-0.8047086413336512;-0.5334529121614643;0.49633091298219967
166;-0.7969212467167033;-0.5370684547186848;0.48288038638787445
167;-0.7886575768459428;-0.5407467008157836;0.4679681491454647
168;-0.7799076154878872;-0.5444895512357191;0.4516084983120329
169;-0.770661373280796;-0.5483065806148791;0.4338610909511177
170;-0.7609092302553417;-0.5522148873248813;0.4148301916652527
171;-0.7506421895428299;-0.5562385989609747;0.3946623596199683
172;-0.73985210906541;-0.5604080230673563;0.37354270623408714
173;-0.7285319620097856;-0.564758458949741;0.351689883129551
174;-0.7166761385855382;-0.5693287238611193;0.3293499598273753
175;-0.7042807459686901;-0.5741594912666985;0.3067893714174955
176;-0.6913438153964617;-0.5792915765676478;0.2842871894491171
177;-0.6778653259448713;-0.5847643146919754;0.26212708519514116
178;-0.6638470366177154;-0.5906141348852866;0.24058946603899387
179;-0.6492922739866289;-0.5968733506878917;0.21994431611704615
180;-0.634205985162704;-0.6035690781433263;0.20044522882914564
181;-0.6185954321589608;-0.6107221272770189;0.18232498945851472
182;-0.6024717955548067;-0.618345730387033;0.16579289052715426
183;-0.5858526865493408;-0.6264440835306985;0.15103378773456322
184;-0.5687652591345874;-0.6350108328023825;0.13820876395954723
185;-0.5512494313940416;-0.6440277456272734;0.1274571753630386
186;-0.5333607558591031;-0.6534638010545284;0.11889980296936761
187;-0.5151726698816602;-0.6632748158232651;0.112642813436821
188;-0.49677805635066646;-0.6734035712339757;0.10878223236520287
189;-0.4782901246079099;-0.6837803137753353;0.107408645280438
190;-0.4598425703362486;-0.6943235158775657;0.10861186413853288
191;-0.4415888889236941;-0.7049408726358293;0.11248533421446161
192;-0.42370071045632374;-0.7155305992401074;0.11913011237204787
193;-0.40636512868864494;-0.7259831163113132;0.12865832519406437
194;-0.3897811516744256;-0.7361831544708128;0.1411961115425625
195;-0.374155519623258;-0.7460122154275073;0.1568861615794705
196;-0.3596981690800781;-0.7553512484205009;0.17589007456003652
197;-0.3466175860535947;-0.7640833673674126;0.19839086523800212
198;-0.3351162282315815;-0.7720964417271637;0.2245960548426601
199;-0.3253861398017419;-0.7792854239100698;0.25474189925298385
200;-0.3176048344263144;-0.7855543158795686;0.2890994617666589
201;-0.31193146887087253;-0.7908177290758486;0.3279834834180292
202;-0.30850326547423346;-0.7950020604952859;0.37176543758316694
203;-0.3074320810961664;-0.79804638776928;0.42089296224152073
204;-0.30880099338963884;-0.7999032540560789;0.47591941108842173
205;-0.31266080816486774;-0.8005395382050535;0.5375503396031233
206;-0.3190264900573848;-0.7999375658454246;0.6067201550506003
207;-0.3278736655536077;-0.7980965148043067;0.6847264672159239
208;-0.3391355109754471;-0.7950340280771655;0.7734846276496629
209;-0.352700482377147;-0.7907878051735571;0.876061337069766
210;-0.36841143559062545;-0.7854168325448377;0.9979605067996921
211;-0.38606669417043055;-0.7790018620314898;1.1509483607899673
212;-0.4054235311200368;-0.7716447679814297;1.369638168670623
213;-0.4262043324504395;-0.7634665119293105;1.9488490809026564
214;-0.44810542274074705;-0.754603608093475;1.582387121338749
215;-0.4708081924385179;-0.7452031894210478;1.4646947410445101
216;-0.4939918274402777;-0.7354169878007315;1.4379857034623553
217;-0.5173466629669639;-0.7253947245096395;1.4488790337471438
218;-0.540587018410283;-0.7152775233953712;1.4819864481305156
219;-0.5634623524214579;-0.7051919872105094;1.5306923336014435
220;-0.5857657181702485;-0.6952455112846188;1.5915932207351524
221;-0.6073387807481412;-0.6855232603287519;1.6628424880461417
222;-0.6280730412074542;-0.6760870299893063;1.7435870921440422
223;-0.6479073368331685;-0.6669759893123723;1.8338468441212785
224;-0.6668220912765519;-0.6582090886300032;1.9346958082191485
225;-0.6848311141053472;-0.6497887484596356;2.0488702315968106
226;-0.7019719564172682;-0.641705337609422;2.1824289399153436
227;-0.7182958974398455;-0.6339419107789523;2.3501949435629372
228;-0.7338585672776046;-0.626478705967805;2.603897372309711
229;-0.7487120229912373;-0.6192969901709058;3.1440158980065394
230;-0.7628988254754001;-0.612381971010166;2.669072037868969
231;-0.7764483613326452;-0.6057246393443227;2.578846154215772
232;-0.7893753677683061;-0.5993225490482698;2.5532647499507948
233;-0.8016803907838747;-0.5931796545027038;2.5572806382890043
234;-0.8133517604305669;-0.5873054019343298;2.5794143523286746
235;-0.8243686035743754;-0.5817133057262526;2.614619957760137
236;-0.8347044204638163;-0.5764192413240998;2.6603730785298723
237;-0.844330804700756;-0.5714396625819809;2.7153678568123434
238;-0.8532209654196657;-0.5667899137636362;2.7789873106115657
239;-0.8613527986814276;-0.5624827633213234;2.851064680543415
240;-0.8687113412710477;-0.5585272436568942;2.9317761754140927
241;-0.8752905181781676;-0.5549278416047014;3.0216056313275557
242;-0.8810941621833861;-0.5516840500633198;3.121360294972378
243;-0.8861363390192476;-0.5487902628713972;3.2322373252644567
244;-0.8904410541119321;-0.5462359730774092;3.3559587866638783
245;-0.8940414468735567;-0.5440062193589634;3.4950212070612405
246;-0.8969785961595166;-0.5420822164415956;3.653167265837437
247;-0.8993000665324069;-0.5404421026008304;3.836350296204023
248;-0.9010583206551595;-0.5390617400222841;4.054989742538317
249;-0.9023091103311563;-0.537915510933838;4.330579488317429
250;-0.9031099397552362;-0.5369770627491044;4.726129278970191
251;-0.903518672026443;-0.5362199675848145;5.50397181026349
252;-0.903592326458005;-0.5356182740781594;5.362021201651158
253;-0.903386091943185;-0.5351469412534495;6.133975030641453
254;-0.9029525623007898;-0.5347821543819026;5.302884614999268
255;-0.9023411841785688;-0.5345015308031733;4.98656826319449
256;-0.9015978971247792;-0.5342842293367245;4.867326222162819
257;-0.9007649386743062;-0.5341109803004733;4.887371116774686
258;-0.8998807841623875;-0.5339640545736768;5.58863251683475
259;-0.8989801906867406;-0.5338271900015532;4.716789870974017
260;-0.8980943163485222;-0.5336854921774089;4.473979923802647
261;-0.897250888850451;-0.5335253246547313;4.320508793723597
262;-0.8964744011010628;-0.5333342012657569;4.208570353975494
263;-0.8957863152253926;-0.5331006906997915;4.122773902982599
264;-0.8952052600346434;-0.5328143409911964;4.0562391309728705
265;-0.8947472104112925;-0.53246562918733;4.005556700164625
266;-0.8944256401625845;-0.5320459392695922;3.969171653570502
267;-0.8942516426786381;-0.5315475694160391;3.94680597655963
268;-0.8942340162190308;-0.5309637679356964;3.939381556316534
269;-0.8943793128656436;-0.5302887956783979;3.949427357203854
270;-0.8946918521364653;-0.529518011431171;3.9824587764612653
271;-0.8951737019646686;-0.5286479757511168;4.051540047783071
272;-0.8958246312157311;-0.5276765678496366;4.199142881305935
273;-0.896642039151201;-0.526603109522769;5.642023638096415
274;-0.8976208682681996;-0.5254284896999851;4.164328326172521
275;-0.8987535077799287;-0.5241552829351838;3.9840157361056563
276;-0.9000296957015538;-0.5227878550592364;3.8816432085131947
277;-0.9014364281305244;-0.521332449220193;3.8150229234622435
278;-0.9029578849339404;-0.5197972456220555;3.7710523696106573
279;-0.904575381753631;-0.518192388407446;3.7440691126968515
280;-0.9062673590765324;-0.5165299732958754;3.7312806617717933
281;-0.9080094201304751;-0.5148239897875273;3.731324242312146
282;-0.909774430540615;-0.5130902119977059;3.743743485187232
283;-0.9115326939331114;-0.5113460325571906;3.768848591425476
284;-0.9132522188148728;-0.5096102345955646;3.8078457103178227
285;-0.9148990927855948;-0.5079026977566281;3.8633451463221617
286;-0.91643798001314;-0.5062440356541689;3.940769292073413
287;-0.9178327563647216;-0.5046551643642799;4.052814221921969
288;-0.9190472929910236;-0.5031568046664681;4.240388838122644
289;-0.9200463928672855;-0.5017689249429481;5.2443407463533145
290;-0.9207968753004989;-0.5005101369699682;4.298351357938272
291;-0.9212687905290318;-0.4993970631541919;4.152982266539364
292;-0.9214367306036662;-0.4984437006996616;4.085026205860389
293;-0.9212811847762461;-0.4976608150587764;4.050248438341326
294;-0.92078986944174;-0.49705540085122035;4.034527716420258
295;-0.9199589467856654;-0.4966302520364063;4.031209092373194
296;-0.9187940355867493;-0.496383683252307;4.036366749658534
297;-0.9173109149189309;-0.4963094398300395;4.047295512022156
298;-0.9155358288707511;-0.49639682447304395;4.061926840639702
299;-0.9135053186366853;-0.4966310540877936;4.078590518164195
300;-0.9112655365713762;-0.4969938417708982;4.095928917221402
301;-0.9088710325645906;-0.4974641783357852;4.112879537162463
302;-0.9063830427724449;-0.49801926746479286;4.128677583872897
303;-0.903867350307408;-0.4986355513175542;4.142848424752779
304;-0.9013918233009992;-0.49928975174600637;4.155176571550215
305;-0.8990237650455837;-0.49995984809532873;4.165655228002126
306;-0.8968272318324215;-0.5006259169430833;4.174433865926873
307;-0.8948604852158175;-0.5012707720171428;4.181786859695018
308;-0.8931737451507116;-0.501880362808534;4.188124453100071
309;-0.8918073966999758;-0.5024439158929851;4.194062790483242
310;-0.890790773745983;-0.5029538306469846;4.200569488144392
311;-0.8901415977549024;-0.5034053672482026;4.2092172251412805
312;-0.889866090690882;-0.5037961858286246;4.222639576613795
313;-0.8899597154320582;-0.5041258082035402;4.245488246064927
314;-0.8904084348212455;-0.504395075835367;4.286967476973527
315;-0.8911903330937287;-0.5046056695741806;4.3701379868588015
316;-0.8922774196133615;-0.5047597401758994;4.599742376901101
317;-0.8936374379432565;-0.5048596770565463;4.550798183926213
318;-0.8952355303199178;-0.5049080202106839;4.231092078419596
319;-0.8970356507533169;-0.5049075003184077;4.0587835960834875
320;-0.8990016693408709;-0.504861177277743;3.9317801458275223
321;-0.9010981568800509;-0.5047726388225904;3.8284296367431594
322;-0.9032908761431704;-0.5046462183732665;3.740609603839047
323;-0.9055470312245011;-0.504487193824849;3.664468202163562
324;-0.9078353390631568;-0.5043019352102599;3.5979068926168876
325;-0.9101259893949287;-0.5040979776268816;3.5396615335580908
326;-0.9123905537209142;-0.5038840051935285;3.4889036198072585
327;-0.9146018932631532;-0.5036697410719567;3.445046498971214
328;-0.9167341028275973;-0.5034657469851755;3.4076435415179334
329;-0.9187625139813564;-0.5032831426944797;3.376331584674199
330;-0.9206637683645824;-0.5031332612833839;3.3507982662600355
331;-0.9224159611789454;-0.5030272597480163;3.330762651115915
332;-0.9239988464018861;-0.502975706359666;3.3159635682994946
333;-0.9253940892454371;-0.5029881666952664;3.306152574455417
334;-0.9265855477719859;-0.5030728093354101;3.3010897718663768
335;-0.9275595642063543;-0.5032360502445732;3.3005414311321033
336;-0.9283052470454294;-0.503482252015816;3.3042787794392368
337;-0.9288147271871008;-0.5038134907136447;3.3120775573974974
338;-0.9290833745491411;-0.5042293992014055;3.3237180952453906
339;-0.929109965563724;-0.5047270918001638;3.3389857543112793
340;-0.9288967960460127;-0.5053011710956948;3.357671645875847
341;-0.9284497378012911;-0.5059438138882133;3.3795735913568126
342;-0.9277782405693902;-0.5066449298606917;3.404497333930692
343;-0.9268952832173581;-0.5073923837072382;3.4322580580755733
344;-0.9258172793167041;-0.5081722693653749;3.462682323988637
345;-0.9245639423592391;-0.5089692237409891;3.4956105812185325
346;-0.9231581150005572;-0.5097667669460602;3.530900492105765
347;-0.9216255651252641;-0.5105476565594644;3.5684313715538716
348;-0.9199947495477405;-0.5112942446712198;3.60811013419276
349;-0.9182965441843255;-0.5119888283189005;3.6498792293720985
350;-0.9165639379344359;-0.5126139861649078;3.6937271323636174
351;-0.9148316866043941;-0.5131528966647836;3.7397020413170714
352;-0.913135923209856;-0.513589635310281;3.7879295094680354
353;-0.9115137219797865;-0.5139094505895967;3.8386348576662517
354;-0.9100026152909881;-0.5140990199252904;3.892171465814136
355;-0.9086400653800728;-0.5141466879167307;3.9490566532852034
356;-0.9074628956806595;-0.5140426896785142;4.010018248488665
357;-0.9065066896034379;-0.5137793619404846;4.076057900650452
358;-0.9058051670683184;-0.5133513439232074;4.1485432533818924
359;-0.9053895506971865;-0.5127557689269273;4.229353728697791
360;-0.9052879339766342;-0.5119924461897281;4.321132632938521
361;-0.9055246627783606;-0.5110640309903574;4.427767121714881
362;-0.9061197394988854;-0.509976179270803;4.555414105913948
363;-0.9070882561430081;-0.5087376812673543;4.7150807869156885
364;-0.9084398595892067;-0.5073605667593849;4.931120286178682
365;-0.9101782499199703;-0.5058601725440686;5.291363506790909
366;-0.912300712077462;-0.5042551606105887;5.596927386485683
367;-0.9147976831985982;-0.5025674732730788;5.560100313496426
368;-0.9176523635767259;-0.500822209400722;5.711135337261602
369;-0.9208403886432026;-0.4990474041941857;5.385170377093559
370;-0.924329592310934;-0.49727369422764484;5.381765643402317
371;-0.9280799071228071;-0.4955338504110901;6.020657393045424
372;-0.9320434613138968;-0.493862164945686;5.173056513528952
373;-0.9361649432800389;-0.49229368503275917;4.9596842548884705
374;-0.9403823053409218;-0.49086329658495065;4.836619900142284
375;-0.944627866528434;-0.4896046754554063;4.762401418857069
376;-0.948829845563043;-0.4885491408789835;4.725001449496822
377;-0.9529143107925706;-0.4877244640136782;4.722635291224256
378;-0.9568074788508769;-0.48715370084909076;4.763049950915574
379;-0.9604382376776006;-0.48685412999836164;4.879141049806327
380;-0.9637407241151912;-0.4868363789973336;5.392898388508054
381;-0.9666567622259649;-0.4871038158676209;4.8915334399159445
382;-0.9691379718874086;-0.4876522658450294;4.68953301335764
383;-0.9711473878416996;-0.4884700882418102;4.580485071554115
384;-0.9726604808659807;-0.48953861875430965;4.512340712067168
385;-0.9736655350370201;-0.49083295209413047;4.4697883501027835
386;-0.9741633974670655;-0.4923230122927482;4.446183650986122
387;-0.9741666705459151;-0.49397483624531713;4.438085068715443
388;-0.9736984560049997;-0.49575198180645763;4.443567199673413
389;-0.9727907827284469;-0.4976169658282061;4.46157958386294
390;-0.9714828566008915;-0.49953263991525576;4.4916986687907166
391;-0.9698192630816971;-0.5014634216700763;4.534085575571069
392;-0.9678482349560316;-0.5033763155452575;4.589622686792684
393;-0.9656200725705761;-0.5052416783654476;4.660326274760978
394;-0.9631857754869273;-0.5070337080195185;4.750396822232082
395;-0.960595916142114;-0.508730657467256;4.869247678965523
396;-0.9578997604180339;-0.5103147978134299;5.043448807907918
397;-0.9551446188584038;-0.5117721718281179;5.425167650076485
398;-0.9523753967277628;-0.5130921915041662;5.305975447738522
399;-0.9496343015672923;-0.514267139285514;5.124781189079965
400;-0.9469606631550607;-0.5152916324621537;5.062413136213808
401;-0.9443908221500408;-0.5161621045983615;5.04537660056478
402;-0.9419580491927504;-0.516876347984435;5.057513330671652
403;-0.9396924646624385;-0.5174331485534364;5.0962062289569525
404;-0.9376209393963097;-0.5178320311353121;5.168543518094643
405;-0.9357669672481352;-0.5180731198284041;5.303767875528145
406;-0.9341505103241232;-0.5181571068271277;5.72060196929081
407;-0.9327878262074389;-0.5180853140236912;5.404638239419299
408;-0.9316912928370904;-0.5178598254651747;5.199570340943824
409;-0.9308692505696924;-0.5174836653142427;5.095840829915845
410;-0.9303258822080184;-0.5169609950974935;5.034372964895432
411;-0.9300611505496541;-0.5162973053354489;5.000881417955679
412;-0.9300708096209371;-0.5154995796571751;4.9922203918431824
413;-0.9303465007112025;-0.5145764137115902;5.011958424613894
414;-0.9308759382236184;-0.5135380761103574;5.074441213520142
415;-0.9316431838859804;-0.5123965038225442;5.236092539588482
416;-0.9326290016895735;-0.5111652294875519;5.565338354545204
417;-0.9338112806517515;-0.5098592426817682;5.083401595285358
418;-0.9351655086072339;-0.508494791003373;4.914641690695157
419;-0.9366652780305754;-0.5070891297541884;4.812620684400423
420;-0.9382828044841248;-0.5056602309189733;4.745499972817935
421;-0.9399894395741757;-0.5042264630905066;4.703129621600512
422;-0.941756163001495;-0.5028062540722;4.6818063392684035
423;-0.943554041988182;-0.5014177472895958;4.680920385130608
424;-0.9453546505449407;-0.5000784620832837;4.702311906152878
425;-0.947130445188282;-0.4988049666761624;4.751179780134943
426;-0.948855097351039;-0.49761257132372483;4.840077705791579
427;-0.9505037854806389;-0.49651504803254226;5.007567612006801
428;-0.9520534514601238;-0.4955243823631166;5.665116136636148
429;-0.9534830264517877;-0.49465056223203674;5.1071470747117145
430;-0.9547736306475559;-0.4939014082321628;4.987051739121451
431;-0.9559087499457581;-0.4932824496765189;4.992091797655092
432;-0.9568743905898012;-0.4927968501872473;5.152749450974643
433;-0.9576592106754466;-0.49244538604011745;5.234377081702686
434;-0.95825462552631;-0.49222647951341125;4.8704414655843875
435;-0.9586548825582065;-0.49213628811056237;4.7115592529446015
436;-0.958857100609119;-0.492168848735683;4.614250799008257
437;-0.9588612688872069;-0.49231627378496545;4.551720873488115
438;-0.9586702016439564;-0.4925689938283514;4.514252672836641
439;-0.9582894462643183;-0.4929160392961587;4.497783401786254
440;-0.9577271444561305;-0.4933453515750764;4.50118969574523
441;-0.9569938483587385;-0.49384411236555675;4.5258687677533755
442;-0.9561022954253227;-0.49439907922569526;4.576976462140794
443;-0.9550671476588187;-0.4949969150299685;4.6687466074080115
444;-0.9539047020586413;-0.49562449963458527;4.853216787655065
445;-0.9526325799022697;-0.4962692133184143;5.302428524280981
446;-0.9512694027510464;-0.4969191834454473;4.784510405307915
447;-0.9498344628986914;-0.49756348810576445;4.637398389811075
448;-0.9483473954749199;-0.49819231304007083;4.557387823269716
449;-0.9468278586900771;-0.498797060732072;4.509478814478217
450;-0.9452952278699861;-0.4993704129691918;4.48183101716752
451;-0.9437683080751391;-0.49990635026094693;4.46897730594403
452;-0.942265069291178;-0.5004001331438934;4.467963517692925
453;-0.9408024074566643;-0.5008482515208932;4.477055893341761
454;-0.939395933972438;-0.5012483487610315;4.495213318767574
455;-0.9380597958065122;-0.501599127353986;4.5218502068141015
456;-0.9368065278473046;-0.5019002425386621;4.5567351910278715
457;-0.935646938735702;-0.5021521896092969;4.599972664765005
458;-0.934590030990541;-0.5023561896579568;4.652059601964309
459;-0.9336429558028212;-0.5025140774582151;4.714048290466123
460;-0.9328110023883877;-0.5026281941395851;4.787913894786335
461;-0.9320976212433477;-0.5027012863365345;4.877415010233947
462;-0.9315044800386789;-0.5027364126857579;4.990427455803807
463;-0.9310315502295348;-0.5027368579299545;5.147300661633907
464;-0.9306772217610544;-0.5027060544783727;5.436709215786795
465;-0.9304384425559844;-0.5026475110631986;5.547024455879153
466;-0.9303108788073958;-0.5025647480875228;5.287547672599582
467;-0.9302890915137862;-0.5024612393436347;5.198720878740718
468;-0.9303667242258651;-0.502340359942037;5.158965462456221
469;-0.9305366966634832;-0.5022053404834264;5.144419663920473
470;-0.9307913987395565;-0.5020592276839646;5.146511521625403
471;-0.9311228796176757;-0.5019048517924851;5.161643076727143
472;-0.9315230267408492;-0.5017448011916439;5.188540941693034
473;-0.9319837302956372;-0.5015814045401066;5.227422926499066
474;-0.9324970292991973;-0.5014167206885112;5.279867128204022
475;-0.9330552363825222;-0.5012525363979977;5.3492420137834085
476;-0.93365103934535;-0.501090371625734;5.442182445770516
477;-0.9342775786215021;-0.5009314918428389;5.573457419158253
478;-0.9349285008571597;-0.5007769265459151;5.789529310728068
479;-0.9355979898076117;-0.5006274928440367;6.650861741299447
480;-0.9362807766431259;-0.5004838227759848;5.887296002312396
481;-0.9369721324732767;-0.5003463928600703;5.809813033373393
482;-0.9376678464152165;-0.5002155543161841;5.847126992820768
483;-0.9383641928238591;-0.5000915624334386;6.050889665467159
484;-0.9390578913662051;-0.4999746036848837;6.073872736784239
485;-0.9397460634694449;-0.4998648194030548;5.761031039296626
486;-0.9404261883292515;-0.49976232510936625;5.623502022759942
487;-0.941096061168474;-0.4996672249145714;5.542315711681203
488;-0.9417537558331133;-0.4995796207517848;5.492905463615076
489;-0.9423975931516447;-0.4994996165427942;5.466017550213567
490;-0.9430261158147634;-0.4994273177091958;5.457554039395464
491;-0.9436380699009148;-0.4993628267025583;5.466024116136611
492;-0.9442323926168378;-0.4993062354275904;5.491985698009847
493;-0.9448082053709739;-0.49925761556009074;5.5386796758742705
494;-0.9453648109699425;-0.4992170078140854;5.614891379058769
495;-0.9459016935326505;-0.49918441119236834;5.747066261973057
496;-0.9464185196514123;-0.49915977316887394;6.093481013334638
497;-0.9469151393844162;-0.49914298161091347;5.911266202141693
498;-0.9473915858215818;-0.49913385906807545;5.685681027031715
499;-0.9478480722039153;-0.4991321598476751;5.572655037988073
500;-0.9482849858694534;-0.4991375700795305;5.498965053654531
501;-0.9487028786203179;-0.49914971076034903;5.445719700578227
502;-0.9491024534297202;-0.4991681435732379;5.404969884636417
503;-0.9494845477118303;-0.4991923791116485;5.372521386828522
504;-0.949850113641807;-0.499221887007545;5.3458480914342
505;-0.9502001962232045;-0.49925610737574944;5.3233000885053325
506;-0.950535909945726;-0.4992944629423305;5.303749449778657
507;-0.9508584149535084;-0.49933637122359864;5.286412316718015
508;-0.9511688936533675;-0.4993812561603356;5.270750709310606
509;-0.9514685286388807;-0.4994285586836079;5.256413247406563
510;-0.9517584826985996;-0.4994777457867682;5.24319587647482
511;-0.9520398815266845;-0.4995283177947123;5.231013353228326
512;-0.9523137995751212;-0.49957981364755266;5.219876918282536
513;-0.9525812492924209;-0.499631814143057;5.209875980155598
514;-0.9528431737980406;-0.4996839432026431;5.201162887285346
515;-0.9531004428572375;-0.4997358673326244;5.193940501028253
516;-0.9533538518585353;-0.49978729354033113;5.188452587855018
517;-0.9536041233638717;-0.4998379660298312;5.184977199261792
518;-0.9538519107057268;-0.499887662042037;5.183823324311549
519;-0.9540978030492769;-0.49993618721846045;5.185331276217528
520;-0.9543423313214008;-0.4999833708577682;5.189877603530165
521;-0.9545859744301541;-0.5000290614020031;5.197885926319635
522;-0.9548291652540856;-0.5000731224384098;5.209846219047361
523;-0.9550722959644307;-0.500115429437706;5.226347170802915
524;-0.9553157223476396;-0.5001558673753871;5.248130412804837
525;-0.9555597669127747;-0.5001943293045439;5.276184164457864
526;-0.9558047206896355;-0.5002307158719542;5.311913910435768
527;-0.9560508437409534;-0.5002649356987672;5.357478767272397
528;-0.9562983645181411;-0.5002969064871332;5.416531386676651
529;-0.9565474782785532;-0.5003265566680581;5.496128376127626
530;-0.9567983448481794;-0.5003538273758389;5.613110262393077
531;-0.95705108605409;-0.5003786745217708;5.8298790704588646
532;-0.9573057831643854;-0.5004010707444349;6.124334771276952
533;-0.9575624746607316;-0.5004210070344156;5.725638832280768
534;-0.9578211546319823;-0.5004384938656031;5.590228838649317
535;-0.958081772021002;-0.5004535617101269;5.511955842468129
536;-0.9583442308856711;-0.5004662608657556;5.4601804038026165
537;-0.9586083917551496;-0.5004766605792335;5.424015019049006
538;-0.9588740740801084;-0.5004848475024397;5.3982305624224445
539;-0.9591410596969114;-0.5004909235666521;5.3798418660155924
540;-0.9594090971563716;-0.5004950034002672;5.366931022428657
541;-0.9596779067122593;-0.5004972114445531;5.358152220208376
542;-0.9599471857267791;-0.5004976789386811;5.352494411611764
543;-0.9602166142316801;-0.5004965409487478;5.349156815238599
544;-0.9604858603850741;-0.5004939336060036;5.347479299650331
545;-0.9607545855843874;-0.5004899916982739;5.346901688159168
546;-0.9610224490328638;-0.5004848467275794;5.346939290086706
547;-0.9612891116071633;-0.5004786255088559;5.3471680030194095
548;-0.9615542389326098;-0.5004714493424443;5.347215291396181
549;-0.9618175036357922;-0.5004634337498912;5.346754882616878
550;-0.9620785868065862;-0.5004546887216816;5.345503848474376
551;-0.9623371787587223;-0.5004453193896728;5.343221191388116
552;-0.9625929792256809;-0.5004354270086325;5.339707301592041
553;-0.9628456971637827;-0.5004251101121266;5.33480378862578
554;-0.9630950503548276;-0.5004144656991264;5.32839327710861
555;-0.9633407650053573;-0.5004035903094346;5.320398830223135
556;-0.9635825755290396;-0.5003925808578437;5.310782745753111
557;-0.9638202246739144;-0.5003815351177668;5.299544565992722
558;-0.9640534641197075;-0.5003705517731823;5.286718249851269
559;-0.9642820556251549;-0.5003597299909628;5.272368560921091
560;-0.964505772754796;-0.5003491685016421;5.256586814712988
561;-0.9647244031628114;-0.5003389642128963;5.239486189917052
562;-0.96493775136188;-0.5003292104140826;5.221196836686495
563;-0.9651456418611251;-0.5003199946599448;5.201861010786539
564;-0.9653479225218152;-0.5003113964452569;5.181628432832226
565;-0.9655444679547607;-0.5003034847984149;5.16065202656044
566;-0.9657351827705198;-0.5002963159300768;5.139084139124286
567;-0.9659200044931043;-0.5002899310725764;5.1170732978659474
568;-0.9660989059593428;-0.5002843546374134;5.094761517161759
569;-0.9662718970483195;-0.5002795928023714;5.072282138124205
570;-0.9664390256164169;-0.5002756326179778;5.049758163317862
571;-0.9666003775512992;-0.5002724416965904;5.027301036904978
572;-0.9667560758999204;-0.5002699685180896;5.005009815835192
573;-0.9669062790688653;-0.500268143355707;4.982970677798916
574;-0.9670511781372384;-0.5002668797957188;4.961256714886855
575;-0.9671909933607862;-0.5002660767971093;4.939927966839545
576;-0.9673259699788703;-0.5002656212132964;4.919031653429473
577;-0.967456373461965;-0.5002653906786363;4.8986025712423915
578;-0.9675824843555004;-0.5002652567484909;4.878663625522014
579;-0.967704592885789;-0.5002650881735405;4.859226472612738
580;-0.9678229934954856;-0.5002647541868487;4.840292252793386
581;-0.967937979470186;-0.5002641276856871;4.821852396926616
582;-0.9680498378051743;-0.5002630881988459;4.803889493378106
583;-0.9681588444432789;-0.5002615245433013;4.78637820411944
584;-0.9682652599925871;-0.5002593370908717;4.769286220858958
585;-0.9683693260078279;-0.500256439584832;4.752575253474668
586;-0.9684712618930503;-0.500252760467361;4.736202043978089
587;-0.9685712624569619;-0.5002482437001475;4.7201193997355535
588;-0.9686694961272939;-0.5002428490815081;4.704277239726555
589;-0.9687661038076457;-0.5002365520830944;4.688623647247068
590;-0.9688611983402752;-0.5002293432469427;4.673105921692191
591;-0.9689548645217312;-0.5002212271986248;4.6576716209213185
592;-0.969047159605457;-0.5002122213441293;4.642269584285317
593;-0.9691381142165864;-0.5002023543265255;4.626850924776043
594;-0.9692277335991307;-0.5001916643232786;4.61136997707365
595;-0.9693159991144665;-0.5001801972662717;4.5957851866801915
596;-0.9694028699120943;-0.5001680050642745;4.58005992402921
597;-0.969488284698773;-0.5001551439020049;4.564163206654669
598;-0.969572163539841;-0.5001416726814496;4.548070312388065
599;-0.9696544096363173;-0.5001276516601307;4.53176326730238
600;-0.969734911032697;-0.5001131413281241;4.515231193852248
601;-0.9698135422226609;-0.5000982015513811;4.498470507414308
602;-0.969890165632607;-0.50008289099398;4.481484953156702
603;-0.9699646329754359;-0.5000672668169114;4.46428547971124
604;-0.9700367864787721;-0.5000513846366414;4.446889951240529
605;-0.9701064600023389;-0.5000352987135211;4.4293227048681425
606;-0.9701734800679206;-0.5000190623288089;4.411613965714037
607;-0.9702376668319919;-0.5000027283000438;4.393799136587674
608;-0.9702988350352375;-0.49998634957823973;4.375917983413959
609;-0.970356794964731;-0.4999699798670914;4.358013740447816
610;-0.9704113534633557;-0.49995367420424597;4.340132161115336
611;-0.9704623150172841;-0.49993748944771377;4.322320540852337
612;-0.9705094829461035;-0.49992148461648245;4.3046267376493175
613;-0.9705526607119573;-0.49990572104307307;4.287098214298848
614;-0.9705916533541876;-0.49989026230669614;4.269781123787844
615;-0.9706262690450767;-0.4998751739282906;4.252719456129697
616;-0.9706563207509589;-0.49986052282239557;4.235954261448633
617;-0.9706816279718613;-0.49984637651486463;4.219522960553038
618;-0.9707020185225851;-0.499832802149138;4.2034587507768295
619;-0.9707173303093576;-0.49981986531647227;4.1877901116919265
620;-0.9707274130493628;-0.4998076287565216;4.172540412517393
621;-0.9707321298760968;-0.49979615098344427;4.157727620736235
622;-0.9707313587717837;-0.4997854848987764;4.143364109602321
623;-0.9707249937693373;-0.49977567645539067;4.129456560861958
624;-0.9707129458704287;-0.4997667634367662;4.116005958084246
625;-0.9706951436331787;-0.49975877441248373;4.103007665429173
626;-0.9706715333923952;-0.499751727924542;4.090451586408109
627;-0.9706420790869714;-0.49974563194995325;4.078322397128636
628;-0.9706067616823058;-0.49974048367365376;4.06659984858502
629;-0.970565578190149;-0.4997362695924831;4.055259132682024
630;-0.9705185403032393;-0.4997329659565477;4.044271306795545
631;-0.9704656726770189;-0.499730539539327;4.0336037717190525
632;-0.9704070109048585;-0.4997289487131169;4.02322079777364
633;-0.9703425992460359;-0.4997281447925437;4.013084093636135
634;-0.9702724881765391;-0.4997280735965743;4.003153412043571
635;-0.9701967318412319;-0.4997286771692744;3.9933871859588397
636;-0.9701153854914512;-0.4997298955920508;3.983743188042575
637;-0.9700285029945943;-0.4997316688155843;3.9741792053995755
638;-0.9699361345013529;-0.4997339384383894;3.9646537206016017
639;-0.9698383243520425;-0.49973664936098894;3.9551265889950997
640;-0.9697351092959908;-0.4997397512499939;3.9455597013613204
641;-0.969626517087463;-0.4997431997547297;3.9359176201960344
642;-0.9695125655084464;-0.49974695743004993;3.9261681773115953
643;-0.9693932618533438;-0.499750994332156;3.9162830202277963
644;-0.9692686028937655;-0.4997552882689732;3.9062380949938325
645;-0.9691385753239374;-0.49975982470224306;3.8960140537350383
646;-0.9690031566693859;-0.4997645963142289;3.885596576383458
647;-0.9688623166244203;-0.49976960226706035;3.8749765977336694
648;-0.9687160187681437;-0.49977484719649545;3.8641504331310195
649;-0.96856422259509;-0.4997803399936272;3.85311979867448
650;-0.968406885785689;-0.4997860924371658;3.8418917246927795
651;-0.9682439666340892;-0.499792117744972;3.83047836429211
652;-0.9680754265468585;-0.49979842911616806;3.818896701821761
653;-0.9679012325258372;-0.4998050383342688;3.807168169000229
654;-0.9677213595519369;-0.49981195449742033;3.795318179037009
655;-0.9675357927938433;-0.4998191829342009;3.783375591244928
656;-0.9673445295758774;-0.4998267243529621;3.7713721202666917
657;-0.9671475810522223;-0.49983457425989625;3.759341705078498
658;-0.9669449735496025;-0.49984272266660057;3.7473198533663887
659;-0.9667367495564694;-0.4998511540926518;3.7353429767201454
660;-0.9665229683530104;-0.499859847853395;3.723447731412734
661;-0.9663037062918927;-0.4998687786086468;3.7116703784145746
662;-0.9660790567538717;-0.49987791713503416;3.7000461748324156
663;-0.9658491298144121;-0.49988723127397205;3.688608807270242
664;-0.965614051666803;-0.4998966869993091;3.6773898757902805
665;-0.9653739638534344;-0.49990624954388163;3.6664184353022886
666;-0.9651290223597728;-0.49991588452277735;3.655720599410135
667;-0.9648793966251183;-0.4999255589930328;3.6453192100594984
668;-0.964625268520684;-0.4999352423946175;3.635233574803559
669;-0.96436683133923;-0.4999449073255072;3.6254792721604816
670;-0.9641042888320392;-0.4999545301139403;3.616068024386435
671;-0.9638378543190059;-0.4999640911629368;3.6070076360270074
672;-0.9635677498867927;-0.49997357505518003;3.598301995822974
673;-0.9632942056791154;-0.49998297041963935;3.5899511389126273
674;-0.9630174592729117;-0.4999922695741591;3.5819513657663338
675;-0.9627377551251532;-0.500001467969952;3.574295413883685
676;-0.9624553440677901;-0.5000105634739419;3.5669726779538378
677;-0.9621704828232988;-0.5000195555326933;3.5599694739033247
678;-0.9618834335106418;-0.50002844426693;3.5532693420141452
679;-0.961594463111376;-0.5000372295481532;3.546853384075373
680;-0.9613038428679638;-0.5000459101085936;3.5407006293253653
681;-0.961011847590943;-0.5000544827327761;3.534788423746414
682;-0.960718754858096;-0.5000629415735474;3.529092837091516
683;-0.960424844096703;-0.5000712776279339;3.5235890818605755
684;-0.960130395548866;-0.5000794783990488;3.5182519383105753
685;-0.9598356891292052;-0.5000875277600088;3.5130561794946145
686;-0.9595410031933134;-0.5000954060250269;3.5079769902916977
687;-0.9592466132438118;-0.5001030902220457;3.502990374427804
688;-0.9589527906079838;-0.5001105545510645;3.4980735436122745
689;-0.958659801126541;-0.5001177710031628;3.4932052831331255
690;-0.9583679038966004;-0.5001247101075883;3.4883662885786815
691;-0.9580773501133103;-0.5001313417684898;3.48353946878434
692;-0.9577883820535726;-0.500137636149198;3.4787102106413843
693;-0.9575012322420258;-0.5001435645604834;3.4738666020432802
694;-0.957216122833985;-0.5001491003100034;3.4689996099723253
695;-0.9569332652426367;-0.500154219473067;3.464103211529843
696;-0.9566528600287971;-0.5001589015496859;3.4591744765661945
697;-0.9563750970613988;-0.5001631299793788;3.4542136014495664
698;-0.9561001559460234;-0.5001668924929423;3.4492238943997076
699;-0.9558282067078209;-0.5001701812890048;3.4442117136794765
700;-0.9555594107045164;-0.5001729930321666;3.4391863607579136
701;-0.9552939217354797;-0.5001753286784241;3.4341599313119917
702;-0.9550318873044144;-0.5001771931419743;3.4291471275999785
703;-0.954773449986615;-0.5001785948249191;3.424165036302763
704;-0.9545187488471358;-0.5001795450375496;3.4192328763794575
705;-0.954267920853969;-0.5001800573414638;3.414371721814342
706;-0.9540211022304075;-0.5001801468505886;3.4096042043421924
707;-0.9537784296932783;-0.5001798295261373;3.4049542013320515
708;-0.9535400415284584;-0.5001791215006208;3.400446513991977
709;-0.9533060784618499;-0.5001780384633864;3.396106540940149
710;-0.9530766842924161;-0.5001765951359026;3.391959951983494
711;-0.9528520062636111;-0.5001748048594707;3.388032366667653
712;-0.952632195160058;-0.5001726793114992;3.3843490418272975
713;-0.9524174051271871;-0.5001702283593228;3.3809345719880675
714;-0.9522077932222117;-0.5001674600531549;3.377812606065062
715;-0.9520035187148567;-0.5001643807525298;3.3750055833814434
716;-0.9518047421651742;-0.5001609953738798;3.3725344916050544
717;-0.95161162431327;-0.5001573077410655;3.3704186487813796
718;-0.9514243248215184;-0.5001533210159353;3.36867551123449
719;-0.9512430009136705;-0.5001490381826394;3.3673205087199864
720;-0.951067805957087;-0.5001444625575064;3.3663669078482856
721;-0.9508988880341552;-0.5001395982958966;3.365825704455036
722;-0.9507363885469329;-0.5001344508685284;3.3657055452778746
723;-0.9505804408953202;-0.5001290274822349;3.366012679003938
724;-0.9504311692639693;-0.500123337423737;3.3667509364784873
725;-0.9502886875469168;-0.5001173923096272;3.367921739608489
726;-0.9501530984320206;-0.5001112062310378;3.3695241382529626
727;-0.9500244926599983;-0.5001047957871345;3.3715548741609997
728;-0.9499029484655821;-0.500098180007339;3.3740084707951947
729;-0.9497885312014003;-0.500091380167726;3.376877347660461
730;-0.949681293138886;-0.5000844195120987;3.3801519575437604
731;-0.9495812734350979;-0.5000773228926177;3.3838209448580265
732;-0.9494884982499928;-0.5000701163482867;3.3878713230737385
733;-0.9494029809954724;-0.5000628266420251;3.3922886690149765
734;-0.9493247226955519;-0.5000554807783592;3.3970573315961525
735;-0.9492537124361685;-0.5000481055239329;3.40216065238377
736;-0.9491899278834611;-0.5000407269521236;3.407581195189549
737;-0.9491333358506098;-0.5000333700311197;3.4133009817418687
738;-0.9490838928953983;-0.5000260582720375;3.419301730348343
739;-0.9490415459333277;-0.5000188134501585;3.4255650943590603
740;-0.949006232854194;-0.5000116554083808;3.432072897174921
741;-0.9489778831332838;-0.500004601947705;3.4388073605240104
742;-0.9489564184315558;-0.49999766880521457;3.445751322757186
743;-0.9489417531821782;-0.4999908697158067;3.452888443996131
744;-0.9489337951634053;-0.4999842165500501;3.4602033951062454
745;-0.9489324460598799;-0.49997771951717523;3.4676820276647136
746;-0.9489376020159306;-0.4999713874194924;3.4753115223497617
747;-0.9489491541852875;-0.4999652279425666;3.483080513488748
748;-0.9489669892817862;-0.4999592479643544;3.490979187865002
749;-0.9489909901351687;-0.49995345386620826;3.4989993562903488
750;-0.9490210362550269;-0.49994785182922774;3.5071344968927365
751;-0.9490570044044082;-0.4999424481007503;3.515379769537261
752;-0.9490987691827049;-0.4999372492178151;3.5237320012820814
753;-0.9491462036153281;-0.49993226217702663;3.5321896432573427
754;-0.94919917974548;-0.49992749454327673;3.5407526998325043
755;-0.9492575692212233;-0.49992295449309354;3.54942263139432
756;-0.9493212438691458;-0.499918650791783;3.558202232483099
757;-0.9493900762443714;-0.49991459270689154;3.5670954874193663
758;-0.9494639401455881;-0.49991078986363346;3.576107405888687
759;-0.9495427110832027;-0.49990725205069275;3.58524384123358
760;-0.9496262666888018;-0.4999039889870822;3.594511294423998
761;-0.9497144870547455;-0.49990101006242715;3.6039167068401823
762;-0.9498072549940114;-0.4998983240640763;3.613467245104272
763;-0.9499044562122281;-0.49989593890480155;3.623170081241773
764;-0.9500059793861568;-0.4998938613645081;3.6330321714448384
765;-0.9501117161455978;-0.49989209685840996;3.643060036651186
766;-0.9502215609586513;-0.49989064924256155;3.6532595480512042
767;-0.9503354109233865;-0.49988952066557973;3.6636357204979304
768;-0.9504531654720397;-0.4998887114729771;3.67419251662627
769;-0.9505747259968302;-0.4998882201678317;3.6849326642956237
770;-0.9506999954091067;-0.4998880434287458;3.695857489759449
771;-0.9508288776458103;-0.49988817618327785;3.706966768740955
772;-0.9509612771389591;-0.4998886117324291;3.7182585973603968
773;-0.951097098265035;-0.49988934191946494;3.7297292846186196
774;-0.9512362447916581;-0.49989035733441656;3.7413732678954164
775;-0.9513786193388442;-0.49989164754416304;3.7531830526706615
776;-0.9515241228713487;-0.4998932013370756;3.7651491774203243
777;-0.9516726542372886;-0.4998950069708486;3.7772602043773134
778;-0.9518241097663215;-0.4998970524123495;3.7895027365767193
779;-0.9519783829383766;-0.49989932555906136;3.8018614613244814
780;-0.952135364131266;-0.499901814432936;3.8143192199352973
781;-0.952294940452651;-0.49990450733911085;3.826857103278309
782;-0.9524569956589034;-0.4999073929839235;3.839454572346501
783;-0.9526214101604605;-0.49991046054884947;3.8520896027276015
784;-0.9527880611105332;-0.49991369971928246;3.8647388515025902
785;-0.9529568225714928;-0.49991710066938017;3.8773778447347396
786;-0.9531275657511105;-0.49992065400637076;3.8899811833437075
787;-0.9533001592990591;-0.49992435067966956;3.9025227647912493
788;-0.9534744696528047;-0.49992818186181825;3.9149760176479367
789;-0.9536503614212114;-0.499932138809509;3.9273141457738365
790;-0.9538276977938829;-0.49993621271380423;3.939510378543803
791;-0.9540063409644413;-0.4999403945490122;3.9515382232931513
792;-0.9541861525565513;-0.49994467492958017;3.963371715966556
793;-0.9543669940425217;-0.499949043983775;3.974985665835727
794;-0.9545487271456317;-0.49995349125193467;3.9863558901231273
795;-0.9547312142189086;-0.4999580056156754;3.9974594344395014
796;-0.9549143185948283;-0.4999625752627759;4.00827477512069
797;-0.955097904902201;-0.49996718769055065;4.0187819998371985
798;-0.9552818393483348;-0.49997182974850807;4.028962963247086
799;-0.9554659899662424;-0.49997648771905234;4.038801414963387
800;-0.955650226828235;-0.4999811474330125;4.048283097699326
801;-0.9558344222285301;-0.49998579441500957;4.057395814122209
802;-0.95601845083856;-0.49999041405213374;4.066129461669167
803;-0.9562021898393617;-0.4999949917782278;4.07447603533044
804;-0.9563855190358456;-0.4999995132652718;4.082429599162549
805;-0.9565683209577465;-0.5000039646130165;4.089986228026864
806;-0.9567504809518108;-0.50000833252811;4.09714392173231
807;-0.9569318872691711;-0.5000126044845061;4.103902494369917
808;-0.9571124311510308;-0.5000167688579127;4.1102634421401785
809;-0.9572920069147313;-0.5000208150283894;4.116229793375972
810;-0.9574705120411034;-0.500024733446836;4.121805944742458
811;-0.9576478472627425;-0.5000285156630025;4.126997487745533
812;-0.9578239166516267;-0.5000321543146351;4.1318110297028845
813;-0.9579986277033208;-0.5000356430793933;4.1362540132312615
814;-0.9581718914140199;-0.5000389765931218;4.140334538091307
815;-0.9583436223459132;-0.5000421503397898;4.1440611889213095
816;-0.958513738675821;-0.5000451605199054;4.147442872000173
817;-0.958682162221898;-0.5000480039052975;4.15048866372751
818;-0.9588488184433308;-0.5000506776888658;4.153207673013916
819;-0.9590136364084545;-0.5000531793381067;4.155608919257359
820;-0.9591765487275783;-0.500055506460972;4.1577012270603255
821;-0.9593374914479157;-0.5000576566918882;4.159493138333634
822;-0.9594964039094396;-0.5000596276045942;4.1609928419519555
823;-0.9596532285620518;-0.5000614166569273;4.162208120684115
824;-0.9598079107461683;-0.500063021170836;4.163146314728657
825;-0.9599603984405156;-0.5000644383488894;4.163814300848181
826;-0.9601106419826009;-0.5000656653264179;4.164218485818642
827;-0.9602585937687687;-0.5000666992563584;4.1643648126943065
828;-0.9604042079419841;-0.5000675374219351;4.164258778234791
829;-0.9605474400763683;-0.5000681773706506;4.163905459745091
830;-0.9606882468679673;-0.5000686170617479;4.163309549539132
831;-0.9608265858413039;-0.5000688550184352;4.162475395247508
832;-0.9609624150808047;-0.5000688904757961;4.1614070442440365
833;-0.9610956929953332;-0.5000687235154352;4.160108290558233
834;-0.9612263781227376;-0.5000683551785843;4.158582722764163
835;-0.9613544289796377;-0.5000677875505215;4.156833771484921
836;-0.9614798039596929;-0.5000670238107362;4.154864755318517
837;-0.9616024612814431;-0.5000660682451601;4.152678924170743
838;-0.9617223589845127;-0.5000649262189335;4.150279499166799
839;-0.9618394549707837;-0.500063604110405;4.147669708502417
840;-0.9619537070850485;-0.5000621092092917;4.144852818781853
841;-0.9620650732278407;-0.5000604495839942;4.141832161571253
842;-0.9621735114917405;-0.5000586339248542;4.138611155068409
843;-0.9622789803114356;-0.5000566713715644;4.135193320951013
844;-0.9623814386173755;-0.5000545713338838;4.131582296613341
845;-0.9624808459829441;-0.5000523433152233;4.127781843133669
846;-0.9625771627557035;-0.5000499967485311;4.123795849430297
847;-0.9626703501644273;-0.5000475408532051;4.119628333161071
848;-0.9627603703952737;-0.5000449845205329;4.115283438998658
849;-0.96284718663246;-0.5000423362334898;4.110765434970017
850;-0.9629307630610796;-0.50003960402468;4.106078707582443
851;-0.9630110648321505;-0.5000367954739231;4.101227756469253
852;-0.9630880579924299;-0.5000339177446056;4.0962171892746255
853;-0.9631617093838591;-0.500030977655535;4.091051717458839
854;-0.9632319865195812;-0.5000279817828706;4.085736153642014
855;-0.9632988574451623;-0.5000249365847937;4.080275411016989
856;-0.9633622905948847;-0.5000218485401502;4.074674505250786
857;-0.963422254653612;-0.5000187242913323;4.068938559161843
858;-0.9634787184348391;-0.5000155707813174;4.063072810308451
859;-0.9635316507849567;-0.5000123953750332;4.05708262145771
860;-0.9635810205226554;-0.5000092059560615;4.050973493726818
861;-0.9636267964207474;-0.5000060109911116;4.044751082006812
862;-0.9636689472355753;-0.5000028195565913;4.038421212097976
863;-0.963707441786785;-0.49999964132385827;4.031989898814196
864;-0.9637422490876406;-0.49999648650225437;4.025463364157451
865;-0.9637733385234495;-0.49999336574160574;4.018848054531176
866;-0.9638006800731309;-0.4999902899984032;4.012150655860141
867;-0.9638242445667773;-0.4999872703721675;4.005378105421391
868;-0.9638440039701819;-0.4999843179204303;3.998537599171426
869;-0.9638599316860208;-0.49998144346218915;3.9916365933841127
870;-0.9638720028606409;-0.4999786573805289;3.9846827994937204
871;-0.9638801946853406;-0.4999759694352779;3.9776841711694177
872;-0.9638844866815603;-0.4999733885960944;3.9706488828289035
873;-0.9638848609606084;-0.4999709229052147;3.963585299026173
874;-0.963881302450212;-0.49996857937739536;3.9565019344151877
875;-0.9638737990823283;-0.4999663639423544;3.9494074042884275
876;-0.9638623419390646;-0.4999642814324589;3.942310366007606
877;-0.9638469253560586;-0.4999623356156735;3.935219451970561
878;-0.9638275469852117;-0.49996052927098955;3.9281431950821415
879;-0.9638042078209326;-0.49995886430096437;3.921089948004719
880;-0.9637769121959867;-0.4999573418737112;3.914067797743914
881;-0.9637456677545135;-0.49995596258485964;3.90708447736676
882;-0.9637104854106296;-0.49995472662880464;3.9001472768426932
883;-0.9636713793012932;-0.49995363396800735;3.893262955136178
884;-0.9636283667416607;-0.4999526844893044;3.8864376557573315
885;-0.9635814681901932;-0.4999518781370419;3.879676827991734
886;-0.9635307072291509;-0.49995121501440626;3.872985155981855
887;-0.9634761105641859;-0.4999506954464136;3.866366497722331
888;-0.9634177080444503;-0.4999503200005285;3.859823835863513
889;-0.963355532702292;-0.49995008946368813;3.85335924199748
890;-0.96328962080931;-0.4999500047773487;3.8469738558357043
891;-0.9632200119434979;-0.49995006693495747;3.840667880384209
892;-0.9631467490605342;-0.49995027684872595;3.834440593890011
893;-0.9630698785611863;-0.4999506351946243;3.828290378979224
894;-0.9629894503462717;-0.49995114224598947;3.82221476904169
895;-0.962905517850831;-0.499951797706925;3.816210511546969
896;-0.9628181380500218;-0.49995260055675256;3.810273647610237
897;-0.9627273714307731;-0.49995354891611543;3.8043996067710406
898;-0.9626332819252867;-0.499954639943995;3.7985833156097453
899;-0.9625359368049897;-0.4999558697729567;3.7928193185124357
900;-0.9624354065362843;-0.4999572334875324;3.7871019086099746
901;-0.9623317646022838;-0.4999587251479167;3.7814252666668677
902;-0.9622250872974695;-0.49996033785827576;3.775783605484484
903;-0.9621154535046124;-0.49996206387615255;3.7701713172159406
904;-0.9620029444652684;-0.4999638947568531;3.7645831208696494
905;-0.9618876435564904;-0.49996582152449837;3.7590142072088217
906;-0.9617696360869702;-0.49996783485977786;3.75346037823763
907;-0.9616490091256383;-0.4999699252934219;3.7479181785028164
908;-0.9615258513746772;-0.4999720833941176;3.7423850155337384
909;-0.9614002530971067;-0.4999742999400316;3.736859266894119
910;-0.9612723061065473;-0.4999765660642229;3.7313403715239417
911;-0.9611421038236424;-0.4999788733660193;3.725828903307984
912;-0.9610097414001292;-0.49998121398268175;3.7203266251148692
913;-0.9608753159077772;-0.49998358061833065;3.7148365219021153
914;-0.9607389265856825;-0.4999859665299412;3.709362811872514
915;-0.9606006751358975;-0.4999883654730329;3.7039109350874373
916;-0.9604606660542521;-0.4999907716123353;3.6984875193846785
917;-0.9603190069807367;-0.49999317940500543;3.6931003239025904
918;-0.9601758090520882;-0.4999955834657499;3.687758160967873
919;-0.9600311872383315;-0.49999797842436955;3.682470797550705
920;-0.9598852606450838;-0.5000003587867056;3.6772488379173476
921;-0.9597381527643897;-0.5000027188096936;3.6721035895056535
922;-0.9595899916586871;-0.5000050524002497;3.667046914404399
923;-0.9594409100651038;-0.5000073530461001;3.662091069123123
924;-0.9592910454104753;-0.5000096137844882;3.6572485355889666
925;-0.9591405397311359;-0.5000118272121683;3.652531846494398
926;-0.9589895394953587;-0.5000139855373082;3.6479534082413414
927;-0.9588381953302212;-0.5000160806711327;3.6435253247809083
928;-0.9586866616583039;-0.500018104354484;3.639259225633302
929;-0.9585350962528913;-0.5000200483121611;3.6351661012917544
930;-0.9583836597230712;-0.5000219044260414;3.631256149069899
931;-0.9582325149420858;-0.5000236649167622;3.6275386322488656
932;-0.9580818264335988;-0.5000253225231553;3.624021755124109
933;-0.9579317597309656;-0.5000268706687825;3.620712556248642
934;-0.9577824807243233;-0.5000283036057509;3.617616821826088
935;-0.957634155009318;-0.5000296165274672;3.614739020830929
936;-0.9574869472497634;-0.5000308056439791;3.6120822630319322
937;-0.9573410205645092;-0.5000318682159655;3.6096482806748673
938;-0.9571965359465842;-0.5000328025460533;3.60743743414996
939;-0.9570536517203173;-0.5000336079288389;3.6054487415345404
940;-0.9569125230399063;-0.5000342845635428;3.603679931468778
941;-0.9567733014308437;-0.5000348334355349;3.6021275183992785
942;-0.9566361343739315;-0.500035256174799;3.6007868988171756
943;-0.9565011649303885;-0.5000355549007209;3.599652466731478
944;-0.9563685314057548;-0.5000357320632794;3.598717746260065
945;-0.9562383670500725;-0.5000357902907236;3.5979755388966446
946;-0.956110799792014;-0.5000357322532168;3.597418082727834
947;-0.9559859520052196;-0.5000355605506799;3.5970372206360186
948;-0.9558639403060201;-0.5000352776313368;3.596824574336198
949;-0.9557448753828002;-0.5000348857453207;3.596771720963633
950;-0.9556288618583723;-0.5000343869353086;3.596870368857408
951;-0.9555159981877693;-0.5000337830636781;3.597112529176804
952;-0.9554063765946988;-0.5000330758732549;3.5974906800440127
953;-0.9553000830503733;-0.5000322670765313;3.5979979200293783
954;-0.9551971972985278;-0.5000313584664058;3.5986281079826163
955;-0.9550977929300462;-0.5000303520401346;3.599375986463135
956;-0.9550019375097734;-0.5000292501273765;3.6002372863303904
957;-0.9549096927567442;-0.5000280555130275;3.6012088104147497
958;-0.9548211147773652;-0.500026771545925;3.602288494593985
959;-0.9547362543490239;-0.5000254022254985;3.603475445040633
960;-0.9546551572493912;-0.5000239522599094;3.604769950871494
961;-0.9545778646243719;-0.5000224270911148;3.606173471912042
962;-0.9545044133854707;-0.5000208328844503;3.6076886017738294
963;-0.9544348366253759;-0.5000191764826133;3.6093190069217576
964;-0.9543691640389788;-0.5000174653262154;3.611069342868893
965;-0.9543074223359739;-0.5000157073451832;3.6129451490702937
966;-0.9542496356306958;-0.5000139108271061;3.614952724484189
967;-0.9541958257950547;-0.5000120842700304;3.617098986122237
968;-0.9541460127612753;-0.5000102362281108;3.6193913132135798
969;-0.9541002147627089;-0.5000083751588731;3.621837379855923
970;-0.9540584485031472;-0.5000065092806281;3.6244449792177322
971;-0.9540207292477331;-0.5000046464478027;3.6272218424876637
972;-0.953987070831645;-0.5000027940506924;3.6301754558398347
973;-0.9539574855860554;-0.5000009589444625;3.633312878698663
974;-0.9539319841842413;-0.49999914741026696;3.6366405665457977
975;-0.9539105754140198;-0.4999973651492179;3.6401642014178117
976;-0.9538932658856973;-0.49999561730780456;3.6438885331000317
977;-0.9538800596873113;-0.4999939085313204;3.6478172338327504
978;-0.9538709580009748;-0.4999922430400989;3.6519527691154634
979;-0.9538659586955162;-0.49999062472193806;3.6562962869260716
980;-0.9538650559112535;-0.499989057233156;3.6608475273697927
981;-0.953868239652689;-0.4999875441002709;3.665604754439916
982;-0.953875495404098;-0.49998608881440276;3.6705647112136726
983;-0.9538868037815541;-0.49998469491111447;3.6757225994249185
984;-0.9539021402329528;-0.49998336602950777;3.681072083954723
985;-0.9539214747951574;-0.49998210594588793;3.686605322365484
986;-0.9539447719147036;-0.499980918579111;3.692313019177958
987;-0.9539719903356816;-0.4999798079666912;3.698184504158948
988;-0.9540030830556276;-0.49997877821277403;3.7042078334554542
989;-0.9540379973476499;-0.49997783341099933;3.7103699119855773
990;-0.9540766748447429;-0.4999769775470013;3.7166566350845707
991;-0.9541190516803709;-0.49997621438668194;3.723053047014117
992;-0.9541650586780404;-0.4999755473573734;3.7295435135830606
993;-0.9542146215817364;-0.4999749794295155;3.7361119058078383
994;-0.9542676613188208;-0.499974513006477;3.742741791270271
995;-0.9543240942871933;-0.49997414982965493;3.7494166296186973
996;-0.9543838326591907;-0.49997389090503186;3.756119968514867
997;-0.9544467846957243;-0.49997373645600823;3.7628356362611366
998;-0.9545128550654359;-0.4999736859056705;3.769547927357023
999;-0.9545819451650875;-0.4999737378897787;3.7762417773354184
1000;-0.9546539534388259;-0.49997389029982586;3.7829029234182103
