0;0.40347645414762495;-0.19607196538572105;4.503753220431194
1;0.44866255768822605;-0.2187175424694904;4.523874781539062
2;0.4927145192460258;-0.24078233392344825;4.581739965065576
3;0.5355088692813854;-0.26226708744546157;4.72034588241001
4;0.576553857286676;-0.2829207127359338;4.600925121570101
5;0.6157575515794723;-0.3026118992760859;4.594984155352008
6;0.6529137642375978;-0.3213401896382266;4.716974156124508
7;0.6874647254884421;-0.338858085649563;5.036221848580852
8;0.7190724003416391;-0.35499129352363695;4.839592884167737
9;0.7471197029816022;-0.36946657106589964;4.408347241633417
10;0.7710141653482318;-0.38195861247573226;4.193586253884858
11;0.7907456472248003;-0.3923665974226041;4.057626275023047
12;0.8068163564733805;-0.40091408818788987;3.901119292183992
13;0.8197542113691371;-0.4078926552154134;3.7867086547633777
14;0.8302586768699853;-0.4136993108787627;3.6420535060377475
15;0.8389787648133388;-0.4187430081328333;3.5277837981198097
16;0.8462644223852986;-0.4233476020221242;3.4565299357125316
17;0.8521671933788992;-0.4278326395629629;3.3994395867378078
18;0.8563921757831954;-0.4325773610985876;3.3079865770792694
19;0.8580714161269879;-0.43835045232479114;3.2796244164233483
20;0.8560295102775867;-0.4471472070974254;3.127098402154033
21;0.849053853698883;-0.4628176612442858;3.0483998839931514
22;0.8350027881223661;-0.4900445489162698;2.9884432288098335
23;0.8119122468008353;-0.5293841070734825;2.9428068704960975
24;0.7771185960281656;-0.5734457658352257;2.9164743276081966
25;0.7327668550726678;-0.6099059940755038;2.9351441405706695
26;0.6882815892783304;-0.6309818019509004;2.853362073615111
27;0.6466315117076151;-0.6422187353146949;2.7790691170376194
28;0.6066183250025728;-0.6478657334711042;2.7352688887095806
29;0.568525996260846;-0.6489140866315986;2.7108228725703944
30;0.5351301879447102;-0.6461720308233792;2.7084689490679374
31;0.5072651283043741;-0.6414336839182675;2.7454511793976324
32;0.4828024287989469;-0.635375507831195;2.876367809653231
33;0.4603144858960463;-0.6286146015339038;2.7917647198818294
34;0.43988763508801526;-0.621620739708852;2.71915840078722
35;0.4221625842169533;-0.6144681490928752;2.6307644936291887
36;0.4072992917948709;-0.6072535372105985;2.5218775972470455
37;0.3941282163532079;-0.6000015444003386;2.431585918458866
38;0.38108751586519857;-0.5926225242838626;2.3852528592350484
39;0.36758850402181703;-0.5850453352830889;2.303027024566566
40;0.3536243726802779;-0.5772429370939938;2.226688312242752
41;0.33898575675894055;-0.5691892921793577;2.1728643188770245
42;0.32349405403515036;-0.5608772306299075;2.132899005109579
43;0.3073314670693147;-0.5523509878000927;2.1060690134638023
44;0.29086497547137774;-0.5437270306100742;2.0987399558090303
45;0.2746069858238964;-0.5352601994473161;2.087400161205103
46;0.25966060392911505;-0.5275033675919938;2.0773553146183286
47;0.24824605648615916;-0.521574302638889;2.032526583674935
48;0.24369132280664652;-0.5193244341881021;2.024055165312156
49;0.2494984959777771;-0.5228516595898738;2.044079362748229
50;0.26761971338130686;-0.5331916847023372;1.9782167641213348
51;0.29538087548715136;-0.5490694009963943;1.903184414489179
52;0.32360053731128097;-0.5669693715396422;1.8457121147103237
53;0.34206048472636463;-0.5828536169916778;1.8061629984229117
54;0.34717075975042705;-0.5941673112125629;1.7622548984889868
55;0.3414480979009374;-0.6003806720187126;1.6992563209656708
56;0.32897630151004675;-0.6024416199068;1.6522336429582343
57;0.31360995520951457;-0.6021057112397756;1.6135554116703357
58;0.2982642476715693;-0.6007429347090893;1.5820177511118023
59;0.2842128965902019;-0.59893333149658;1.55741471099825
60;0.2713457437523771;-0.5967991205385823;1.5398117536439915
61;0.2592435151576056;-0.5943588574343988;1.5293887241383777
62;0.2477748909590886;-0.5916770447768739;1.5264727614278322
63;0.23689222886018876;-0.588823387336779;1.531674637651502
64;0.2265249276723377;-0.5858540261393625;1.5462077739546793
65;0.21661788733779966;-0.5828030382145782;1.5730265757833004
66;0.2070428147542893;-0.5796661508653101;1.6287322639408808
67;0.19760405993360536;-0.5764108248326576;1.6527140550985442
68;0.18808055285528413;-0.5729914451467062;1.6971235106973195
69;0.1782708072171841;-0.569361134191201;1.7332469299757844
70;0.16805797253596205;-0.5654824190394744;1.7948708664661135
71;0.15739410246922098;-0.5613344471723817;1.7759674806027659
72;0.14626614505924138;-0.5569171343439759;1.8307248755834709
73;0.13469105760396813;-0.5522521649099285;1.881475257147432
74;0.12272601930126191;-0.5473811742130013;1.9607831916459293
75;0.11047570506041951;-0.5423619931520889;2.0205149628579395
76;0.09807754511547395;-0.5372634377662933;2.0954424192155656
77;0.08569056357153937;-0.5321596351771258;2.2802445124975166
78;0.0734842441494741;-0.5271246629628457;2.2737255495770348
79;0.061622087832117166;-0.5222277922862159;2.211796310631787
80;0.05025270203176628;-0.5175298214929476;2.2707308724516184
81;0.039503563181200824;-0.51308057009093;2.2691249711838233
82;0.02947561892815964;-0.5089175346876347;2.391399900881415
83;0.020240746250958924;-0.5050656688890162;2.3748162901257497
84;0.011842036448977264;-0.5015380251403299;2.430667583693076
85;0.004295882483064395;-0.4983370516360858;2.5415129133798744
86;-0.002404814280542682;-0.4954563079348446;2.6531791069201898
87;-0.008285903693960761;-0.4928823967453185;2.827853112446146
88;-0.013387002427440777;-0.490596970502674;3.00818395111477
89;-0.01775677857060942;-0.4885786959724869;2.861379323015749
90;-0.02144816858041614;-0.48680512639636053;2.9175680154118018
91;-0.02451394724970554;-0.4852544503566153;3.0530163495134834
92;-0.027003058675141165;-0.48390711296743405;3.0718993927844576
93;-0.028957439751672438;-0.48274733125069574;2.93537426104559
94;-0.030408991347443733;-0.48176453679973724;2.8689026344328292
95;-0.03137670100093831;-0.4809548006223343;2.8387192320713672
96;-0.03186363938746815;-0.4803222961662607;2.9397773625082326
97;-0.03185360018274203;-0.4798808477548584;2.8903241108058895
98;-0.03130733254884721;-0.479655591657664;2.82854867004852
99;-0.03015819930539279;-0.4796847277751414;2.823026802626816
100;-0.028307272394144097;-0.48002126142453516;2.8254664549986397
101;-0.025618117001453267;-0.48073450932344497;2.710597898640626
102;-0.021911880145821114;-0.481910955921261;2.681944801734971
103;-0.01696401020114563;-0.48365378390300073;2.697729006447684
104;-0.010505082465496226;-0.48608006612132076;2.671348999569936
105;-0.002230030553245476;-0.48931424230676906;2.671301760857151
106;0.00817736166318025;-0.49347625057620226;2.818287678588183
107;0.020995304478956284;-0.49866286823043154;2.7385243433352504
108;0.03638152189586542;-0.5049220696682002;2.6682149794144405
109;0.05426058045021047;-0.5122233851722204;2.6751743724314467
110;0.07421644936655955;-0.520432402462657;2.730996246081767
111;0.09546952462639259;-0.5293013432228473;2.6828056381840315
112;0.11701382443192004;-0.5384825441643047;2.7431307159801026
113;0.13786714235769215;-0.5475567554147523;2.718991533906325
114;0.15723001338555784;-0.5560628211993278;2.764841118449458
115;0.1744140725555561;-0.5635302277322276;2.796552591136641
116;0.18867361609591216;-0.5695207148247232;2.693830051757455
117;0.19918080525031268;-0.5736739649806646;2.6609061924994664
118;0.2051991270165688;-0.575747867831275;2.7216983592956674
119;0.2062833802068225;-0.5756401686047538;2.6506554685203607
120;0.20232890983114346;-0.5733850563028694;2.5691185958376246
121;0.19348687964769;-0.5691305587587382;2.496177844578159
122;0.18008575852855493;-0.5631062200367861;2.488088441944342
123;0.16261769936685586;-0.555589523320155;2.420022108577807
124;0.14172861452893878;-0.5468767153149346;2.401270426094418
125;0.11816497695033992;-0.5372608623964138;2.367779408666301
126;0.09271193441750153;-0.5270179667507991;2.3392349255589826
127;0.06616195573229479;-0.5164007046660837;2.328373428602895
128;0.03930423546410586;-0.5056377562246982;2.3307592383670053
129;0.012909461581215675;-0.4949347776142837;2.3470042601861314
130;-0.012303878913812419;-0.4844728285029164;2.382796478373021
131;-0.03571892854908337;-0.4744027077318574;2.4305775810050374
132;-0.056869071926328355;-0.464837422345626;2.4723557624101082
133;-0.07546568158062973;-0.45584678189483374;2.624605967628094
134;-0.09139198332587607;-0.4474571410018735;2.592834747641685
135;-0.10466573487342273;-0.4396571882892816;2.5826737729836915
136;-0.11538631163331585;-0.432408762619577;2.5999240970297612
137;-0.12368230641922309;-0.42566060078384443;2.7183615320926626
138;-0.12966885735544376;-0.41936283081626485;2.730914158006902
139;-0.1334167403353763;-0.41348059951366106;2.841773682837442
140;-0.13493131532722216;-0.40800602146872555;2.8198963249877345
141;-0.13413809729489296;-0.4029683271075005;2.817801677725226
142;-0.13087008327051752;-0.39844249583321734;2.8071809374330794
143;-0.12484934434074875;-0.3945569468609816;2.823339930645939
144;-0.11564680330541154;-0.39150200076863906;2.8567461758317094
145;-0.10257225368942818;-0.3895454921672054;2.9372831225751157
146;-0.08438489484816213;-0.3890724026387484;3.0525164325776637
147;-0.05882111426682157;-0.3906617095720536;3.1379100097348336
148;-0.023024278447514493;-0.3950942073731857;3.1283882507019123
149;0.022244540163893274;-0.40289726064322645;3.1352217225514125
150;0.06421149524923858;-0.4139514316194504;3.174347878435489
151;0.08686251889998184;-0.43425789796300907;3.1036273903637523
152;0.14286473317262605;-0.47627119823250585;3.0785522794823006
153;0.23620600718876078;-0.5159732506182073;3.0701976491129006
154;0.2563071766923133;-0.5349597331207638;3.088470235388041
155;0.22898434917502902;-0.5511961254671014;2.920266812668315
156;0.20508972342456938;-0.5584444094480964;2.826818454848902
157;0.18524092928195718;-0.5566395354477894;2.7703627356880802
158;0.17173146655958718;-0.5532117605172284;2.7435468197471837
159;0.1623549896466124;-0.5488348765598663;2.6793311392517727
160;0.15086109072916262;-0.5416129170335919;2.642026668326348
161;0.13593008915348695;-0.5331786929998511;2.5826357495918284
162;0.11882260076836451;-0.5233906662349311;2.548380440370414
163;0.10094001106275285;-0.5127649880804181;2.5444067721272856
164;0.08368011076765848;-0.5018069165012383;2.4973371900583876
165;0.0673880913663481;-0.4908211963950345;2.4744020806145866
166;0.05195669985487763;-0.4800760834069654;2.459409743833769
167;0.03760809534412849;-0.4699822777601964;2.4197981726249878
168;0.02613571264554083;-0.46123409699749546;2.4003570280356503
169;0.020763587227702412;-0.4550032532790044;2.3920463045345373
170;0.025324807419447454;-0.45311759089007025;2.3967667625071702
171;0.043117032939771906;-0.45772610887657583;2.433056991985676
172;0.07304609504525136;-0.46981696368554127;2.491282587863681
173;0.10664264526313476;-0.4871110820635616;2.3828030545640666
174;0.13083903579971326;-0.5043388889041689;2.3696315355009814
175;0.13894444187825833;-0.5170410453054501;2.3647541848108853
176;0.13587075670518958;-0.5240035079884083;2.361472961574436
177;0.12887674453826628;-0.5263459452909001;2.353975363083532
178;0.12093545946957318;-0.5260639862880858;2.3415796597632212
179;0.11257151157737988;-0.5244172724015116;2.3313553908713187
180;0.10351727179180088;-0.5216098896837429;2.3293836507439885
181;0.09337669453071623;-0.5177054939092874;2.340445955665403
182;0.08233122956406656;-0.512926430597857;2.3951290343668226
183;0.070660170637783;-0.5073945325605135;2.3686971021898198
184;0.05803695507949438;-0.5011145159500605;2.3970356969175572
185;0.043861465664882145;-0.4940740360527816;2.4551014095350916
186;0.02781544329991505;-0.4862900762562745;2.482375206751314
187;0.009938719767003765;-0.47779844088386236;2.5142907963688765
188;-0.009489385184305466;-0.46863442024972474;2.4771055923570486
189;-0.030094979231195983;-0.4588372277229584;2.4920106552257706
190;-0.05158515567365881;-0.4484565075796806;2.514860315975413
191;-0.07380989267319069;-0.4375466535385416;2.5317118520320623
192;-0.09669371852981191;-0.42616003582337475;2.591695709957187
193;-0.12017145921921278;-0.41434516433256185;2.565699735777813
194;-0.14417473667231687;-0.40214572700092094;2.5718898976574516
195;-0.16862816778769574;-0.3895995105538158;2.614179120714694
196;-0.1934460185917874;-0.37673882745035253;2.610343515660229
197;-0.21852790576172967;-0.363593465521377;2.591787061870697
198;-0.24370451104197818;-0.35019897249048104;2.6343543024964067
199;-0.2685119603022885;-0.3366230208490928;2.6191291969610613
200;-0.2913343137338901;-0.32306332774015545;2.6524685923333293
201;-0.3059424410665032;-0.3102535269290376;2.7130182191876395
202;-0.28876820580475193;-0.3011091375670824;2.8657904724317316
203;-0.17640008066150753;-0.30491041677754827;2.9494896634444765
204;0.08564017651467994;-0.33413662156465;2.940780001349859
205;0.4088223166169673;-0.37761217171519224;2.9922752001552673
206;0.6006806901926649;-0.3989676116771935;2.943826295453359
207;0.6610939545708864;-0.40528967572524494;2.914400756738661
208;0.6637810367705789;-0.4062125323198464;2.904127040771538
209;0.655887742102622;-0.3999762532280062;2.912888411977745
210;0.6650635150630849;-0.3952653246055311;2.9687535180410483
211;0.677571011041013;-0.3906066767269561;2.9956610760915163
212;0.6823973803133527;-0.38485345342108773;2.957500400359134
213;0.6818174231430852;-0.3787787003487381;2.9767841139807802
214;0.6815555237695266;-0.37232299114047007;3.022480995228887
215;0.6840476467331752;-0.3658258818705959;3.1423596962107725
216;0.6863862627990331;-0.3591458612117462;3.0893363161281195
217;0.6847253955640454;-0.35174747052586575;3.138385136756875
218;0.6770852258601877;-0.34325412081930196;3.084118125194155
219;0.6628693887796174;-0.3332954203569636;3.0616487961019327
220;0.6423564644090283;-0.3216090989627509;3.0287669968895075
221;0.6165580271400661;-0.3082021817507111;2.9939505836150824
222;0.5868509426785824;-0.2932927691011527;3.0273271403550104
223;0.5544823940106774;-0.27717575304212316;3.055808336494633
224;0.520301722165604;-0.26012934729742454;3.0636407305114512
225;0.4848286519101466;-0.2423903279918838;3.1212032134252223
226;0.4484720296196816;-0.22418210136104197;3.129145954932862
227;0.41167953392847345;-0.2057448186642249;3.132986090210631
228;0.3749842189123957;-0.18734823865450906;3.1530091420062267
229;0.33901770575044887;-0.1693005658870297;3.2370674251366856
230;0.3045518341990481;-0.15197046863499536;3.215800052368435
231;0.27261139822625935;-0.13583882371758885;3.241191750107118
232;0.2447086329435761;-0.12160385951932975;3.194490847616289
233;0.2232639108021984;-0.11037226904266516;3.2452770340069272
234;0.21222135854990937;-0.10395109291685978;3.209285025955393
235;0.21756710293325227;-0.10514007187052986;3.177901022562723
236;0.2461972437289158;-0.11744581797445405;3.0103498354940026
237;0.2992074275490929;-0.14228338447945899;2.959068000793043
238;0.3688535187628767;-0.17603116360359417;2.919309987369959
239;0.45481352440677697;-0.2171102391168541;2.940657199887745
240;0.5628726759011986;-0.26889142617835254;2.9606264558096687
241;0.6769739067948004;-0.3265421211783354;2.857845674092011
242;0.7647517794837692;-0.374062732232365;2.843410129778535
243;0.8141145733056744;-0.40262187185040843;2.85723356045215
244;0.8263531407638153;-0.4120652403953354;2.8234122257425662
245;0.8154733068673352;-0.40798780866125894;2.7974096636883727
246;0.7987290047342318;-0.3994611039135769;2.7887528138985456
247;0.784540950374551;-0.3919816089901202;2.790314200300016
248;0.7696967802504479;-0.3845967375820573;2.802343931550166
249;0.7525389162255719;-0.37610774202885505;2.8323516523410417
250;0.7334421136377548;-0.36657258770610746;2.8763001805938107
251;0.7139378098561625;-0.3566637874203684;2.8416964838390535
252;0.69706829761737;-0.34766493950737193;2.8509667880641065
253;0.691550002951044;-0.3432189140731724;2.8850504928441776
254;0.7134021364069311;-0.3510240426860124;2.8880297816087173
255;0.7656196747113796;-0.3752631370495383;2.920919789770621
256;0.8223204381252875;-0.4046538791891535;2.900670881031575
257;0.8624209872294559;-0.4269854236593004;2.9045836619835836
258;0.8783441905250546;-0.43733131728263364;2.9333296454853737
259;0.876322085817942;-0.4376094156890275;2.9839365505915563
260;0.8687990611163352;-0.4338330837337529;3.045473686733584
261;0.8673633649200159;-0.43226263719920355;3.0237541816415505
262;0.8765542934252222;-0.4358765929763296;3.083344515288138
263;0.8959839534261941;-0.4449155163753982;3.0908831593376958
264;0.9206737121148545;-0.4573035984421843;3.079535021917991
265;0.9422685694106475;-0.4689883977891104;3.0775393420208585
266;0.9538202470308743;-0.4760125035303751;3.000384827304255
267;0.956116862739776;-0.4778643337211018;2.973512291925718
268;0.9563950744934262;-0.47791451479760005;2.9537245359702466
269;0.9585308986424002;-0.4788001989856172;2.9248288009878673
270;0.9607479536244529;-0.4799889411139787;2.913808646305689
271;0.9618594253671509;-0.48064627122691206;2.9111150759783113
272;0.9626561864250552;-0.48108319594233323;2.913682406617191
273;0.9633973268504198;-0.4815306510861851;2.9204860232392424
274;0.9638696865984075;-0.48186762848819764;2.9320591239850256
275;0.9641702226200757;-0.48212319503210765;2.9510639377799017
276;0.9643691922640161;-0.48237076176566784;3.0015789506365143
277;0.9644433816312731;-0.4826210090205318;2.9845564129049813
278;0.9644409170007233;-0.48292692549123883;2.99620008657298
279;0.9644038535197346;-0.4833846796718316;3.0209039677940073
280;0.9643578052365923;-0.4841400207410991;3.0629167492095317
281;0.9643526980487539;-0.4854600971071137;3.103675251006259
282;0.9644134587619659;-0.4878051273352633;3.1423447156956064
283;0.9643725372395547;-0.49194021136814026;3.210223687470829
284;0.963291527386881;-0.4990842780552356;3.2598000666011524
285;0.9580126987167461;-0.5109609691937864;3.269403121908805
286;0.940849955137359;-0.5293723443119108;3.3603206362426654
287;0.8988485639916944;-0.55439473035133;3.267026407941019
288;0.8211189288196937;-0.5808498493747072;3.2870127869735803
289;0.7137178007504061;-0.598542230536605;3.27622278802232
290;0.6032394533675025;-0.6014472051769695;3.251457998603626
291;0.5183816223259683;-0.594976381266704;3.2512242628562866
292;0.46828276714335215;-0.5867775437666706;3.1686536450777103
293;0.44586266081561376;-0.5780797766031118;3.1339208520832242
294;0.43996803371377025;-0.5679329617478377;3.1342708714847887
295;0.4403747707793687;-0.5566023416483442;3.216187325129431
296;0.4387722768920968;-0.5444286743748329;3.25943376638299
297;0.4312502081028975;-0.5313535121562454;3.0929747933756566
298;0.41653128780394827;-0.5174195805690548;3.0456493033865053
299;0.394855200347945;-0.5028113455633973;3.049421271814376
300;0.3667547842063549;-0.4876989408488444;3.0414641753456872
301;0.3319362057848054;-0.47223421705876956;3.1074070660445217
302;0.2889745566306111;-0.4566477019671416;3.0756086709859347
303;0.23524132706740133;-0.44142437129894274;3.1213713776455396
304;0.16765968308948978;-0.427726958354887;3.1824786399837666
305;0.08691347625332724;-0.41853902619540384;3.167113665224965
306;0.013338374328949005;-0.4207430419744247;3.2007282971984776
307;-0.005029316930209306;-0.4420668765805281;3.131526601119784
308;0.03324794063009843;-0.4759232701658693;3.1202034854303133
309;0.10035483958269967;-0.5066422403604975;3.1338357392786307
310;0.1911707614866011;-0.5243270520200467;3.1772642412482566
311;0.27216110707786184;-0.5297704124646506;3.1609874074706754
312;0.32625121673924046;-0.5275074367383249;3.189179428679987
313;0.35707551140688065;-0.5220372053163624;3.2130427675477584
314;0.36827448487116854;-0.5153869779161111;3.2092253542458646
315;0.36578496435269403;-0.5073437933068792;3.195087049028694
316;0.3519787603192363;-0.4975778900530399;3.251081330746701
317;0.332385398312154;-0.4860404264341458;3.2792479270261445
318;0.30871646376462486;-0.472875142930281;3.1562972100268496
319;0.28097856243627745;-0.45834834029052884;3.1722849538091773
320;0.2484033775763378;-0.4427616276458479;3.1789417431482336
321;0.20858735147781823;-0.42651172482345556;3.1453648872329163
322;0.15869266900154355;-0.4102487434688316;3.148980026713497
323;0.09577740135794352;-0.39525692128466505;3.1270926122927243
324;0.01999182543448105;-0.3840925532203931;3.109248860013213
325;-0.05864322911457132;-0.38093202105691853;3.1908572492913443
326;-0.11681424127563099;-0.3887516956445095;3.1453607515407223
327;-0.13978490863982362;-0.4030471076449439;3.0854613681831533
328;-0.13750433633279682;-0.4158490195919491;3.144045168434608
329;-0.12240214731932858;-0.424272104900189;3.053867830971963
330;-0.10464547866567295;-0.42862490700831757;3.055584169487762
331;-0.08885370199632865;-0.4306390032782504;3.0670581183176004
332;-0.07929528825257878;-0.4321309475015359;3.052270105198491
333;-0.07589467909329403;-0.4339953866806265;3.037006437593273
334;-0.07540514093594167;-0.43666119153823724;2.9833412168355595
335;-0.07447414067272928;-0.4409457422747456;2.9550472383530066
336;-0.0681483026286828;-0.448419655548785;2.8985160365156095
337;-0.04978062175919826;-0.46152725033948544;2.853765243364808
338;-0.011610231042711344;-0.48323726859092514;2.823882411272791
339;0.0512202057850307;-0.5152140847445051;2.8075896557098217
340;0.1327085152974694;-0.5544444133291341;2.8176546238386155
341;0.21130774356994386;-0.5921948944095812;2.802624736775934
342;0.26534098598641337;-0.6195825114551556;2.804548618718163
343;0.28996001826816387;-0.6336326273346586;2.7790753685296075
344;0.29493716540394715;-0.6372439893084181;2.7879717562200876
345;0.29214019839365013;-0.635647372051576;2.7824210010853436
346;0.2876514270650262;-0.632691961515221;2.7707490620707516
347;0.282504030160054;-0.6297101647294101;2.7746552872796553
348;0.27616067926653337;-0.626635945765655;2.8125177519010633
349;0.2683271553217049;-0.6231509787718833;2.7998845014857467
350;0.25924052945975157;-0.6191370934023108;2.7841602150725864
351;0.2493661226767462;-0.6146702952949203;2.780293185430175
352;0.23901280327953603;-0.6098849070379038;2.8054851122444076
353;0.22828082063436786;-0.6048942646843336;2.8340258454438874
354;0.21722818671299773;-0.599771135433639;2.772121459660706
355;0.20596442643420157;-0.5945575308575147;2.769213421949194
356;0.19460025292304767;-0.5892842968426917;2.7801208368904846
357;0.1831925864341589;-0.5839818195624373;2.804319427336635
358;0.17177279728706402;-0.57868136724432;2.8591281824476087
359;0.16038928078199793;-0.573414406717787;2.9145703427915213
360;0.1491137981942387;-0.5682115392001141;2.8706273833993743
361;0.13802327132118816;-0.5631013645226762;2.886509805974721
362;0.1271877770685556;-0.5581100352921757;2.9166484363246754
363;0.11666446147231732;-0.5532611446815857;2.964133455213395
364;0.10649694942503245;-0.5485755982114863;3.000564377881917
365;0.0967206748432006;-0.5440714679576626;3.0272890706735103
366;0.08736801270234072;-0.5397638819718216;3.0699221109137738
367;0.07846806714170111;-0.5356649481626293;3.122913676750555
368;0.07004289755434856;-0.5317837046975444;3.1865806454669903
369;0.062106305684618085;-0.5281261338990656;3.2643243052949984
370;0.05466501853576339;-0.524695252482955;3.3694124479276604
371;0.047720114132989225;-0.5214912632533598;3.490349479285815
372;0.041267389786557626;-0.5185117651695214;3.6153733387673306
373;0.03529754189716455;-0.5157520157050633;3.569279496974047
374;0.02979663245796134;-0.5132052289794172;3.656179066556812
375;0.024746651038198064;-0.5108628954823602;3.682392219907677
376;0.02012620180753473;-0.5087151090088986;3.732295278273163
377;0.015911370659647824;-0.5067508879234749;3.7956179497284825
378;0.012076558676455532;-0.5049584822935024;3.884045894934862
379;0.008595109014746659;-0.5033256573074119;4.0011629289063775
380;0.005439806742018039;-0.5018399468445576;4.0809785217204
381;0.002583336574814934;-0.5004888749210598;4.111861843217577
382;-1.2816960201188221e-06;-0.4992601446754343;4.152934453124669
383;-0.0023403103436542344;-0.4981417953576276;4.144841061995574
384;-0.00445900206670986;-0.49712232993527455;4.128639145036995
385;-0.0063813732430729455;-0.49619081653629427;4.171103184873389
386;-0.008130028209054051;-0.4953369675474983;4.1911015578934965
387;-0.00972603125902232;-0.4945512003369735;4.194589139893305
388;-0.011188810307209886;-0.4938246837808042;4.216112068205437
389;-0.012536077484741375;-0.4931493748286373;4.185316372258314
390;-0.01378376456357034;-0.4925180494098526;4.192669657632921
391;-0.014945965865964493;-0.49192433189379536;4.073005938554863
392;-0.01603487883453724;-0.49136272742218384;4.142580256330088
393;-0.01706073348267252;-0.4908286615959893;3.9706413157081633
394;-0.018031699615107165;-0.4903185322264907;3.9481156958996015
395;-0.01895376135474078;-0.4898297781858954;3.8865220670662053
396;-0.01983054851818211;-0.4893609708727908;3.8451254452170955
397;-0.020663110565594806;-0.4889119343433261;3.792374959381939
398;-0.02144961818268766;-0.48848390074591286;3.83142232193292
399;-0.02218497532839061;-0.48807970821155877;3.7147162813965084
400;-0.02286032226495411;-0.4877040486095886;3.7408557628269685
401;-0.023462408605605858;-0.487363772241273;3.6254808584430096
402;-0.02397281577722388;-0.4870682550572181;3.5846475542281055
403;-0.024367010760664675;-0.4868298304360673;3.5749685279416674
404;-0.024613222024655948;-0.4866642805501623;3.5286320790137125
405;-0.024671147637045202;-0.48659136972775585;3.5048696208617685
406;-0.024490542192956048;-0.4866353809191043;3.4040894295136184
407;-0.02400979475065085;-0.4868255822377651;3.340529146687499
408;-0.023154719526032028;-0.48719649858607617;3.288138570526549
409;-0.02183795406586789;-0.48778778890634616;3.243287012100118
410;-0.01995961435909907;-0.48864343134967936;3.205468264153002
411;-0.017410195548454566;-0.48980980533820867;3.1763661262168843
412;-0.014077087053521904;-0.49133216159455534;3.17154192954284
413;-0.009856347147211585;-0.49324895774516236;3.119287395584244
414;-0.0046712371134806085;-0.4955837304660454;3.080740947141121
415;0.0015020745108174109;-0.4983347419923356;3.0503270308530634
416;0.00860385430397671;-0.5014637146688186;3.027639228367121
417;0.01646173253647047;-0.504886471890872;3.0216927483652705
418;0.024774596753395186;-0.5084696833827833;3.014905049472012
419;0.033122979098691566;-0.5120380456647512;3.0164841537344462
420;0.04101468897303377;-0.515393917056557;3.0317810278391697
421;0.047961171006770636;-0.5183466121683777;2.9384898991805715
422;0.05356358087905205;-0.5207433725165743;2.9044197180062046
423;0.057578930009117034;-0.5224919992168984;2.8992877595505173
424;0.05994395318499063;-0.5235682987996758;2.8812713594836463
425;0.06075397781408721;-0.5240080996291521;2.8728118796876485
426;0.06021278289947109;-0.523889374555951;2.869541454729601
427;0.05857616902318687;-0.5233118968501197;2.8548323845743053
428;0.05610627016698997;-0.5223800741257815;2.861612101999147
429;0.05304302369321966;-0.5211914075798637;2.8845906285439966
430;0.0495909957345073;-0.5198304255331677;2.9558597964385993
431;0.04591646022869618;-0.5183666691142003;2.9482827007395906
432;0.04214991206416521;-0.5168551181729892;3.0144218696001106
433;0.038390781539073084;-0.5153377960810487;3.010948509786156
434;0.03471258264445369;-0.5138457611254263;3.029674376419815
435;0.031167676138466813;-0.5124010718255539;3.0729343454782545
436;0.027791365417390333;-0.5110185524769906;3.104158356904651
437;0.0246053284582437;-0.5097073093074074;3.1361601301714814
438;0.02162050472700302;-0.50847200186068;3.140922894745191
439;0.01883955353694596;-0.5073138938364918;3.1617487606233694
440;0.016258944938092705;-0.5062317121964374;3.2123850033786483
441;0.013870698588394074;-0.5052223420391934;3.202817096345766
442;0.011663778688435787;-0.504281381725073;3.1903641905968265
443;0.009625173654916703;-0.5034035797856719;3.1934954603061625
444;0.007740711404194253;-0.5025831727124399;3.2127673365932155
445;0.005995667586749531;-0.5018141405997374;3.246948902227222
446;0.004375215224665408;-0.5010903956045386;3.233216850025589
447;0.0028647503102750545;-0.5004059162129209;3.2408103398419064
448;0.0014501177122112278;-0.4997548384086574;3.253994261201734
449;0.00011775706828121837;-0.49913151306970016;3.2707997950064276
450;-0.0011452135429655826;-0.4985305373039826;3.2910915556574176
451;-0.0023509604600058407;-0.4979467659945398;3.31597099785993
452;-0.0035109313194467903;-0.49737530856633494;3.3488132155286743
453;-0.004635876864241011;-0.4968115149143632;3.4022529107301387
454;-0.005735891159838212;-0.4962509535359195;3.4843841163414138
455;-0.006820465204412096;-0.4956893841742853;3.4292479281438943
456;-0.007898549826910907;-0.49512272668778845;3.421722361154394
457;-0.008978624599354983;-0.49454702738754797;3.409758786352028
458;-0.010068770399556993;-0.4939584237188103;3.46108016467661
459;-0.011176744099019222;-0.4933531078757757;3.348737321967205
460;-0.012310054448041388;-0.49272728972113605;3.3251547536673427
461;-0.013476038564295736;-0.4920771592153512;3.3141216080511757
462;-0.014681938610760004;-0.49139884843535414;3.321568680374785
463;-0.015934978397857076;-0.49068839316968726;3.3222191115820014
464;-0.017242439814630004;-0.4899416940100352;3.2865987190356205
465;-0.01861173916332485;-0.48915447681306545;3.2690855556022815
466;-0.020050503601638764;-0.48832225237728016;3.234678732229672
467;-0.021566647974093377;-0.4874402751646349;3.2084460661830745
468;-0.023168452353664264;-0.4865035008941184;3.1830606957093837
469;-0.02486464063959765;-0.4855065428435292;3.1401270346182373
470;-0.026664460580536883;-0.4844436267164547;3.1157000278807567
471;-0.028577765614822247;-0.48330854396476464;3.111591963936639
472;-0.030615098937228587;-0.4820946035045426;3.116250118077224
473;-0.03278778020974826;-0.4807945818273959;3.035383431059131
474;-0.03510799533347241;-0.47940067159270483;2.9983765228435924
475;-0.03758888969152885;-0.47790442889309354;2.9843917539165647
476;-0.04024466526195591;-0.47629671951983826;2.958716430593438
477;-0.04309068198670901;-0.4745676647222451;2.9045421970543432
478;-0.04614356377205787;-0.47270658716156094;2.852364369644562
479;-0.04942130949081215;-0.47070195801290327;2.8157894147209457
480;-0.05294340936412889;-0.4685413464765127;2.7914385766886527
481;-0.05673096712742222;-0.4662113733319447;2.7988167044073093
482;-0.06080682844074348;-0.4636976706167562;2.7605225181592403
483;-0.06519571610065292;-0.4609848500476324;2.7616314331770715
484;-0.06992437276262498;-0.45805648344132677;2.814062787139895
485;-0.07502171210616931;-0.45489509915261284;2.6396779268042474
486;-0.08051897968415339;-0.45148219944700946;2.579228813065713
487;-0.08644992510178895;-0.44779830479222543;2.540136132094617
488;-0.09285098766184273;-0.4438230323153951;2.4815001098988305
489;-0.09976149814872139;-0.4395352171736266;2.469155136072684
490;-0.10722389989501477;-0.4349130873775829;2.413739103277598
491;-0.11528399244220976;-0.4299345047667462;2.3083780124703623
492;-0.12399120050122989;-0.4245772874661654;2.2468036783707173
493;-0.13339886864766345;-0.41881963240851794;2.2249709350948463
494;-0.14356457661407354;-0.4126406605964662;2.1608394848241916
495;-0.1545504582143434;-0.4060211130106034;2.1144214698509756
496;-0.16642348358992298;-0.39894423184990857;2.051651900019472
497;-0.17925562032625458;-0.39139687065437473;1.9959007362969967
498;-0.19312370787739855;-0.3833708883992467;1.985072068619459
499;-0.20810873394260473;-0.3748648973145489;1.8826427841319844
500;-0.22429394480458636;-0.36588645164160905;1.814895585065551
501;-0.2417607813240387;-0.35645478206317355;1.7558848727261134
502;-0.26058090558292396;-0.3466041891539884;1.72835812304404
503;-0.28080146341035045;-0.3363881850414303;1.6226277320073863
504;-0.30241923166440055;-0.3258843591945224;1.5520756786351462
505;-0.32533797501732287;-0.3151996226703438;1.496741812373898
506;-0.34930429934651697;-0.304474742788966;1.4516568801576373
507;-0.3738260802303276;-0.2938856744640054;1.415657579585265
508;-0.3981039416909156;-0.2836373582344667;1.3892757484490188
509;-0.4210541507367045;-0.2739458290049805;1.3760172828788875
510;-0.44152615835081516;-0.26501440930228276;1.4035732653206592
511;-0.4586637771784285;-0.2570407800016945;1.3591507177948334
512;-0.4718609486711944;-0.2503342682351619;1.3328731602486148
513;-0.4793151860088508;-0.24560112412886229;1.276150678625119
514;-0.4754076621550655;-0.24424497577884838;1.2504339340536592
515;-0.4516065440780223;-0.24818434275986492;1.2413327305555977
516;-0.4059163267996088;-0.2591379394843057;1.2614872072631045
517;-0.3447721156172387;-0.27919820408760754;1.2253243845162562
518;-0.2619530464719837;-0.31205523182631956;1.2363787441668694
519;-0.1395581606137295;-0.35937685665562963;1.2446335008852407
520;0.013337615648094317;-0.4139792848948879;1.2067125982184093
521;0.14008550050861854;-0.4589370515530193;1.1897293434671932
522;0.2030733272606189;-0.4813211474814662;1.1872022078447537
523;0.2115689395753374;-0.4839045899504395;1.19651123298922
524;0.18863253937187247;-0.47713560008990696;1.2259460108413913
525;0.15612782174594086;-0.46671306708900334;1.2453746129403684
526;0.12331731933146059;-0.45480822667277154;1.3046414653921241
527;0.09300250706840676;-0.44171129774279305;1.3038636105147643
528;0.06114295085729024;-0.42675138044151606;1.346446310013075
529;0.024601104403522794;-0.40994719365966964;1.3507099993732345
530;-0.018596841973037678;-0.39189284940642843;1.4046035173435674
531;-0.06693897171065183;-0.37309327303439177;1.3603397803966508
532;-0.11810272809903234;-0.3539581940855663;1.3663665763293267
533;-0.17155795670412652;-0.33506572823605074;1.3010928572533946
534;-0.22768483909120799;-0.31741217152167833;1.2574578352841443
535;-0.28177417967681895;-0.3031795287554594;1.250933191627262
536;-0.30082818773673003;-0.2976295787250265;1.2631550642007319
537;-0.22294298527037099;-0.3053679028263246;1.274435797612098
538;-0.13595112454941846;-0.30991910127824285;1.285862237156647
539;-0.16829180457584975;-0.3093480445053733;1.282545144110918
540;-0.23032924220090195;-0.3164060319926169;1.3032411086981068
541;-0.17812882406914762;-0.34012871077847723;1.2628562390533289
542;0.0023298444311584832;-0.3710151821270316;1.2581115121567377
543;0.21740389754125478;-0.39804959688505726;1.2644273807660875
544;0.44513419997021625;-0.420799516839488;1.284155426713372
545;0.6464369471058605;-0.438894183070049;1.3474383564988222
546;0.8124947895062723;-0.45837449349399406;1.3100482159353672
547;0.9220082556612276;-0.4738406599991374;1.3223412271152934
548;0.9660469553473932;-0.4795631712581086;1.3632916343929111
549;0.97440712866205;-0.47762104161682195;1.3530780504455613
550;0.9796619133929806;-0.4761831133891974;1.3160415866077964
551;0.9841130660246044;-0.4766809552298289;1.317700726274434
552;0.9828053674950809;-0.477087507199954;1.336913514836886
553;0.9786472518442362;-0.4765288437891865;1.3442732019585688
554;0.9769251383741716;-0.47571698130640466;1.3587400972359298
555;0.9780275828880415;-0.47516696757368676;1.301423731425455
556;0.9794184907146114;-0.4746336145139503;1.2888455372714986
557;0.9797858163246781;-0.4739360480599247;1.2987539734220013
558;0.9795820134747796;-0.473141485890669;1.2846231678294453
559;0.9792712980412126;-0.4723212668070056;1.2695348824381072
560;0.9787546513698484;-0.4714409006315163;1.2668588811766468
561;0.9780072463402084;-0.4704808637774206;1.278520056780169
562;0.977211119956516;-0.46944892711936703;1.2716770254016052
563;0.9764614934323905;-0.46835225387556784;1.2539521350256595
564;0.9756475077450824;-0.46718512969633436;1.2465533396718442
565;0.9746664432828833;-0.46594149009557545;1.2434748348361777
566;0.9735518669094569;-0.4646205701588114;1.2432635190320016
567;0.9723723649026822;-0.46322171208378077;1.2453373045543923
568;0.9711258929917292;-0.4617435778726697;1.2494320037829267
569;0.9697712404272825;-0.46018495383780983;1.2554356396568576
570;0.9683037312681871;-0.4585449754997454;1.263332032153542
571;0.9667498488825015;-0.45682205930699904;1.2731713186543783
572;0.9651144579556334;-0.45501430144402394;1.2850667548806323
573;0.9633675012548203;-0.45311985878141314;1.2992034986924512
574;0.9614804747274179;-0.4511368488747804;1.3158622079689704
575;0.9594517835686888;-0.44906309049260884;1.335475001250098
576;0.9572938443646849;-0.44689599432169785;1.358744975295161
577;0.9550102608495867;-0.4446327501362849;1.3869590316648472
578;0.9525921875115247;-0.4422703456241676;1.423079714340789
579;0.9500293247338215;-0.43980548092821253;1.4800972705623048
580;0.9473158641364327;-0.43723452226155846;1.5355206058398714
581;0.9444474904611976;-0.4345535331924648;1.5392988642961294
582;0.9414175423069204;-0.43175831833561357;1.5360294841979691
583;0.9382177469150739;-0.4288444381329368;1.5470024259297275
584;0.9348404500922286;-0.4258072283265794;1.5781736782590707
585;0.9312786227007823;-0.42264194007972977;1.655789279646035
586;0.9275235499874884;-0.4193442470210805;1.6653604523163497
587;0.9235598536985311;-0.4159121219673536;1.7403239458340918
588;0.919348893386587;-0.41235341661150055;1.739700347414238
589;0.9147607705719787;-0.40871796198648885;1.6995058201660336
590;0.9093347394331271;-0.4052291498001622;1.6993027913139944
591;0.9019879928556159;-0.40268081186791294;1.7295334614755862
592;0.8928858057229836;-0.40288910062440597;1.7587861885206044
593;0.8868395618999521;-0.4088138750853771;1.7859266522979729
594;0.8914670851250879;-0.4238759795541539;1.737696503764402
595;0.9120537614732178;-0.4455812193114842;1.713965939476855
596;0.9244135259751061;-0.45968527834835216;1.7057210218116263
597;0.9097476397513301;-0.455192827535451;1.6927683186888791
598;0.8808679414386827;-0.44034333592466085;1.7192525331379453
599;0.8483631798948872;-0.42390213803611576;1.7427484310568044
600;0.8085098963796822;-0.4052351041664248;1.7422217005080287
601;0.7588838013625154;-0.38293407584408723;1.9180963776649131
602;0.706408531688892;-0.3627596423716607;1.8441309681863347
603;0.6843582847651645;-0.3631515624633814;1.798882855150504
604;0.7036425948037811;-0.3818261739035174;1.7390800192057716
605;0.7388032152025494;-0.3959100046629245;1.750053193442509
606;0.756783695059233;-0.4039174162551966;1.7666759860493444
607;0.7708747199770476;-0.40956485293926437;1.7938781584044259
608;0.7733661276468023;-0.4096718356370661;1.7168136615011016
609;0.7607257834949119;-0.40385715620850493;1.6838478821735536
610;0.7450264445474171;-0.3961305089630461;1.6611582769234765
611;0.7255564199185169;-0.3868955029112497;1.5541501237751842
612;0.6987545344948027;-0.3761357472263531;1.5689428372608132
613;0.6656500764519078;-0.3644787453307666;1.4745417455814651
614;0.6261118861240189;-0.35204344751865807;1.4525257624897663
615;0.5785941156362413;-0.3390362282443985;1.4260463352729145
616;0.5229217057117922;-0.3260556856640182;1.4041950278132704
617;0.4617406453022241;-0.31371361180335555;1.4472582358165602
618;0.3977773074154471;-0.30231354333959454;1.386391280813221
619;0.3351946488301156;-0.2916094091908009;1.3271311396684298
620;0.2785089795857835;-0.28100823558522503;1.2819655209596699
621;0.2292789295065068;-0.2701842866428759;1.3067678478954994
622;0.1861921487964548;-0.2592715864870278;1.272937094287824
623;0.14687050688249986;-0.24852846067075157;1.2441740181118868
624;0.10788455919116487;-0.23816153078862212;1.2408021171392183
625;0.06388104782885844;-0.22848039171631132;1.2669653175692788
626;0.00747331584749732;-0.22020930117237428;1.3087385413685602
627;-0.06844084134780122;-0.21538651455863286;1.355472998965136
628;-0.14754661763487342;-0.22112732525340087;1.4325790035151893
629;-0.11293537834778553;-0.256475381175605;1.3494560393418547
630;0.1301810303839372;-0.31624067937620265;1.3038090959267166
631;0.3639755704953435;-0.3474019915500922;1.2208849579943177
632;0.5173868292524679;-0.36938328406398285;1.1805422759914685
633;0.6501682657709318;-0.38123350369623366;1.1573084634729172
634;0.7457161279568817;-0.39113214077482006;1.1499413784371821
635;0.7852626419091643;-0.3976306182217604;1.1613796484409695
636;0.7915773992527012;-0.39725015848732315;1.17460782834239
637;0.7845560292392912;-0.3910104043982738;1.1691145256335593
638;0.7700314593078074;-0.3818900669613498;1.1855271129432536
639;0.7529996764336048;-0.3715725929255325;1.2224216635105247
640;0.7381557034125925;-0.36118654869128025;1.2614065354957824
641;0.7238592190340662;-0.35029111283419656;1.3094635854086039
642;0.7085923125714605;-0.33874362078931747;1.339110955696611
643;0.6939171519336906;-0.3265517583585429;1.3430499079493592
644;0.6823011335753952;-0.3139392375257167;1.3917057460703897
645;0.6750866164923836;-0.30134521800136504;1.407629016069256
646;0.6756202664280517;-0.2897897603369863;1.4378345781507742
647;0.6901973276957613;-0.2814999525132715;1.5653719196035154
648;0.7231638304409845;-0.2807094387010513;1.5608085970898242
649;0.7679741205082878;-0.2932376386754135;1.5955985633853882
650;0.7997523593771848;-0.32074232715016826;1.6089354526915693
651;0.7866133211155311;-0.35111920528002794;1.5900754713612406
652;0.7265661256721563;-0.3656638827180594;1.5524342922191439
653;0.6602239966920085;-0.3637257617911648;1.5796942029875074
654;0.6228847142681432;-0.3590675575578055;1.575316280846872
655;0.6139263315931718;-0.3565124992966485;1.6042667441191891
656;0.6154369071495918;-0.3527587781395848;1.722591542968903
657;0.6138730433162846;-0.34615335893200083;1.6366471531972224
658;0.6055542746445597;-0.337798354291346;1.5926353779761409
659;0.5928168795814268;-0.32875163961809334;1.5827403538996927
660;0.5803000474176838;-0.31928416454247077;1.5884934872416572
661;0.5724114233734561;-0.3094972332436063;1.610290086755645
662;0.5715289702537497;-0.2996202193400159;1.6730537693711847
663;0.5777234449844643;-0.2899430332591758;1.6663870721868304
664;0.5897271083385471;-0.28076472880271364;1.6273227431386132
665;0.6059831088643246;-0.27241002422459304;1.6435714483228268
666;0.6251036485919649;-0.26525296742844895;1.6328985972284482
667;0.6457570314925657;-0.2597236700275245;1.6051307933472383
668;0.6662053108254051;-0.256280093713349;1.6093902606251247
669;0.6836941435645848;-0.2553167181701259;1.666637056997498
670;0.6939788878189558;-0.2569723980015359;1.610416783011525
671;0.6915549761713131;-0.2608336757080001;1.5949783926696608
672;0.671270774450866;-0.2656843359330726;1.5966653172157017
673;0.6310973702993117;-0.2696367095313522;1.6128878373048334
674;0.5741420132451109;-0.27080549747794547;1.6635196227144857
675;0.5079170218541688;-0.26810851419123916;1.6956851823146943
676;0.44123897358171693;-0.26157167560770295;1.6981243989809183
677;0.38102575557387786;-0.2519957827746957;1.7429547386202828
678;0.3307600446761773;-0.24035370551964957;1.6998585212418085
679;0.29076198376555373;-0.2273753806569127;1.7088252281385632
680;0.2593808894206603;-0.21348704132507818;1.6635310012852258
681;0.23422175491606861;-0.19894640223648463;1.662303829387453
682;0.2130052503553581;-0.1839737138086554;1.6186681983207643
683;0.1940502215470409;-0.1688258907741501;1.5909389673206562
684;0.1765625780084358;-0.15386602670194033;1.5728786309473244
685;0.16104433521653355;-0.1397089311794344;1.5836749911124262
686;0.15033340517355118;-0.12756171219206494;1.6566438995839663
687;0.15172641984455015;-0.11990079523147867;1.6275399536318198
688;0.17742052066196984;-0.12091705653033788;1.5690045531044725
689;0.23143310781461351;-0.13325316414038296;1.5564152977985164
690;0.2901277124096226;-0.15084958589189004;1.5653630086164134
691;0.33042501028713245;-0.16539531404949676;1.5918298084367108
692;0.3551983131361697;-0.1759465896841841;1.6436772796033494
693;0.3702796663649754;-0.18317510015674884;1.7091785856923347
694;0.37856337971569265;-0.18760640842992274;1.6505125940682142
695;0.37950659999953695;-0.18859763947570918;1.7214298463347928
696;0.37215640516959686;-0.18548401118207014;1.613038513316497
697;0.3578604535262813;-0.17869193446603235;1.5930744018000602
698;0.3392267611783301;-0.16951469630594937;1.6101689308988958
699;0.3180939895872408;-0.1589917808144919;1.6243391189585823
700;0.29538514503947966;-0.14766191034068918;1.6306603364435084
701;0.27171567235106436;-0.13584177702674255;1.6762892657167012
702;0.2477225472236188;-0.12384356453445829;1.7926782388803675
703;0.22409245088876104;-0.11200573025707289;1.7296580254724623
704;0.20156429290142192;-0.1006914612090211;1.7474480182072563
705;0.18102420363172206;-0.09032470954122088;1.7532739837414284
706;0.16370335402499425;-0.08147561314407692;1.8602424588412612
707;0.15138962946904908;-0.07494726759065107;1.7356197034042822
708;0.14641041160459592;-0.07173339705964354;1.735493254003609
709;0.15094953766458385;-0.07260292788428188;1.7421416786811832
710;0.16566841207729532;-0.07729283582388717;1.6997046469992683
711;0.18872655956989237;-0.08416127842981258;1.750357465833168
712;0.21611215158330802;-0.09122395656281818;1.690701328980341
713;0.24247803324146652;-0.09716478710402476;1.6944555182648893
714;0.26325462278723233;-0.10118286132196849;1.745106278150089
715;0.2770955592021104;-0.10321131399959546;1.7257406479517914
716;0.284055613549554;-0.10369914243481357;1.7225888699824254
717;0.28347626696905226;-0.10298237209680297;1.7792625967405105
718;0.2751095288126636;-0.10127350495411458;1.7626033194962831
719;0.2601622650699821;-0.0987194334093393;1.7369871596623743
720;0.24087483928800518;-0.0953850130350771;1.7362970902836758
721;0.21955542625960156;-0.09128820643817544;1.7234694441631315
722;0.19785738384825707;-0.08638670210939035;1.8114009090850367
723;0.1765782821915987;-0.0805481183618613;1.7181691171413058
724;0.15572300211822385;-0.07357021907708104;1.6690983474935157
725;0.13472325128963006;-0.06526731530742556;1.723665733411801
726;0.11289661957033845;-0.055593291333372825;1.59029946426647
727;0.08995170490830769;-0.04472598072367757;1.5611205446382086
728;0.06628589385609554;-0.033085487316901016;1.5341756347563926
729;0.04325571228197326;-0.021397331406020084;1.5114539378913745
730;0.024224244185655684;-0.01111152177931686;1.5286171715132395
731;0.017803676441695393;-0.005861260279693115;1.5711375279886701
732;0.041616511368717135;-0.014110802020159354;1.5221923280731438
733;0.11161583282092165;-0.047720308241316234;1.5616024972188274
734;0.20468264858816096;-0.10691985485989595;1.5694316007030797
735;0.2500946084736251;-0.16178943730660253;1.5754566291141456
736;0.22976664279576206;-0.18017075791882803;1.5554902769847652
737;0.205263304312831;-0.17619962821167473;1.6293788358620005
738;0.20161938951157604;-0.17008650929988123;1.6029499996891023
739;0.2047580016597875;-0.16264973831804028;1.6217098534813728
740;0.20227165903614863;-0.15242977498104324;1.6270461336926045
741;0.19306524678514825;-0.1412036215699883;1.7385992474599707
742;0.18105203458424998;-0.1308116419222325;1.6923615385621857
743;0.17127264526420993;-0.1220720642021402;1.7547486812538529
744;0.16977318252786944;-0.11601466513824599;1.646162250083672
745;0.18368168005654245;-0.11477000755451061;1.630252786238059
746;0.21668009098330976;-0.12085554537737696;1.6473037132036492
747;0.2551551341333517;-0.1318092687176417;1.6715239635626038
748;0.28642982711904597;-0.14263652699783091;1.6891317716969314
749;0.3144436496448909;-0.15435145370766692;1.7264365348660144
750;0.3398765472681428;-0.16697585326264125;1.736995914143608
751;0.3563524769132287;-0.1767708810004008;1.7212657561923772
752;0.36132894560475176;-0.18061887614858269;1.7814915747703846
753;0.3593242641459391;-0.1801258882387391;1.8026636666469391
754;0.3532229162216732;-0.17715586986415693;1.7749743716687374
755;0.34361920993626843;-0.17230514186351473;1.7611889260354001
756;0.3312591920616983;-0.16602902566675612;1.7856631729187666
757;0.316870436313001;-0.1587563213239962;1.8372309669484863
758;0.30104693634471713;-0.15079014035511334;1.9101120731564676
759;0.2843918735867295;-0.14242147194940594;1.8765811229810965
760;0.26744836806248495;-0.13392305465719273;1.8128354158861324
761;0.2506334428120114;-0.12550753842372311;1.7742650728938734
762;0.23430385589234867;-0.11735170646567804;1.7322591843393957
763;0.21879808360131073;-0.10962248193770509;1.7397101785557312
764;0.20444948664042809;-0.10248414080239916;1.7002445851971917
765;0.19161443782126225;-0.09610905392021397;1.6995655566806016
766;0.1807293874874571;-0.09069800794107157;1.7570151891443795
767;0.17240208681130625;-0.08650753407911135;1.7694427050781618
768;0.16755529744390424;-0.0838805771571007;1.7093873813589313
769;0.1676551656251869;-0.0832750257859328;1.7195400910467906
770;0.17505776043077098;-0.08527877125150927;1.7429848633762164
771;0.19345998486730645;-0.09060470215290116;1.7683271945137944
772;0.22817741463660662;-0.10007215560233987;1.7178348372222665
773;0.285213431850202;-0.11453106259277168;1.7706844110315587
774;0.3675680580104427;-0.13457496175856892;1.746525796857947
775;0.46994868204698215;-0.16026879859270876;1.7953289160054886
776;0.5746554879968431;-0.1908396993529899;1.8097970193720894
777;0.6518948116970104;-0.22240524996082914;1.7467233896295633
778;0.680401248132426;-0.24826547631669305;1.722678203404866
779;0.6651038735816137;-0.26443005327667385;1.7583482649241473
780;0.6259436849323096;-0.27199639515034446;1.7976168310433256
781;0.5788219464110402;-0.2743348660506214;1.789772818843533
782;0.52900587277091;-0.2716501950550567;1.7609556276449547
783;0.48110959951121446;-0.2638095880248984;1.7136024061536226
784;0.43947650776131975;-0.25254241325585086;1.6420586598348221
785;0.4051035645557353;-0.23954489443082497;1.597972733991726
786;0.3761286539716877;-0.2253202250961074;1.5723283526752072
787;0.350233408699332;-0.20987506844194398;1.5598226341021175
788;0.325765730867745;-0.19354735620124025;1.559689963540666
789;0.3015980376135666;-0.17686085826677037;1.5734776282298433
790;0.2772257906914415;-0.1603391959136189;1.6081300280121156
791;0.25298715547564343;-0.14459103943595142;1.6583182207685374
792;0.23024485713777587;-0.13048861529347222;1.7606290158857723
793;0.21172833496827448;-0.11934857889071439;1.7046780907076875
794;0.20188832277147092;-0.11299218460494742;1.737956715406074
795;0.2053771268846079;-0.11311123935427887;1.7617928674501555
796;0.22090812143433894;-0.11912626368769622;1.8374685458931774
797;0.239615835528926;-0.1275755274019405;1.7846602078690699
798;0.25757093631333333;-0.13694362617802983;1.8127854950867985
799;0.27796210896720275;-0.1486937570239547;1.7682801132157657
800;0.3034711486183722;-0.16508690503994453;1.7300568361486701
801;0.33409304714506677;-0.19129441043590412;1.7328853196734086
802;0.36344914645059395;-0.23113992663547092;1.7630717053145448
803;0.38725521378200023;-0.27920739735264044;1.8216462934013098
804;0.3900267490269756;-0.32519041857195263;1.7740432482595796
805;0.4164622892354292;-0.36590272703789384;1.798917777182923
806;0.45825996407859354;-0.3962628325263817;1.8211109641098011
807;0.5025048921608305;-0.41197526721487354;1.8112376288230663
808;0.5331949649380843;-0.4211931549388338;1.7490469723387483
809;0.5437648162631328;-0.4259839558436489;1.72887120778181
810;0.5318312272204513;-0.42436101245633506;1.7278148666772717
811;0.5139843455686051;-0.4186216780965277;1.7236976007997311
812;0.497642340926412;-0.41115660842317514;1.7241128873852112
813;0.48413232594212785;-0.4029766730649157;1.6943445875349004
814;0.4700396309557644;-0.3944355255484507;1.7050657372977345
815;0.45385065314679107;-0.38529158903229466;1.673786406409833
816;0.43456259296991195;-0.37545796625827543;1.6070568161426302
817;0.4121470450439383;-0.36511531366974015;1.5834908828726428
818;0.38691960659169156;-0.35441106499812114;1.5781605046568623
819;0.3583205484519889;-0.3435143800032406;1.5025147448541722
820;0.3258463288262698;-0.33277050681351555;1.433662375207519
821;0.2878255063820644;-0.3230400500239936;1.3888205534591724
822;0.24355317153928355;-0.31681766741762146;1.357382148180975
823;0.19648755871906337;-0.3216457528489788;1.3379213684420985
824;0.1597022377100355;-0.35479898886357425;1.33155322369139
825;0.13224922413575108;-0.41943907117553997;1.3413815807856668
826;0.10874835652789973;-0.4632805413660027;1.3808410235315824
827;0.11110614577377721;-0.46824172889202975;1.4039513715605432
828;0.11098053760525513;-0.4694693553662506;1.4904606198773651
829;0.10149304792256092;-0.48465546478827426;1.4413510947129682
830;0.08451435081197153;-0.49704085778345625;1.4299413288358438
831;0.05770423922701896;-0.4942831433336051;1.4574509567736085
832;0.039336964066515406;-0.4886226274754556;1.4782804883218936
833;0.03270586664674713;-0.4869108467912525;1.5017458030755164
834;0.027038104530736184;-0.4852929900611665;1.5749630123394613
835;0.015277040177449347;-0.4823966198034461;1.5913913051690571
836;-0.00011843274814908795;-0.4780293446420999;1.6709464519063968
837;-0.01300443621954511;-0.47248060922970414;1.7794811379446802
838;-0.02307334277455731;-0.4658272876485684;1.69781059131123
839;-0.03508670873638911;-0.45778095388539713;1.7183317158839786
840;-0.05232781436626939;-0.44838704063418555;1.7475462014201193
841;-0.07441773649364632;-0.4380299444764616;1.9515081807046586
842;-0.09906609623193464;-0.4270147217079983;1.8408537090798354
843;-0.12354432212503015;-0.415574897160528;1.8423825151451827
844;-0.14618837318423067;-0.4038883164019156;1.869895118681991
845;-0.16676168696740043;-0.39203459075256647;1.8130250890609731
846;-0.18573670235304016;-0.37999067068657805;1.8298834769347068
847;-0.20382813387706583;-0.36763775067440174;1.7190534477353594
848;-0.2219176802754921;-0.35478636205151326;1.7355964735996237
849;-0.24106150757821504;-0.3412236531049522;1.6255595687524638
850;-0.26241642312029306;-0.3267663136248926;1.6243852903555835
851;-0.2870357613262286;-0.31131325220975026;1.6477324486742122
852;-0.31561914813185743;-0.2948955532502512;1.5653894419248615
853;-0.34828849480938334;-0.27771894844294015;1.5044198975335414
854;-0.38436366108245523;-0.26019333984785764;1.4299239211543735
855;-0.4220977261485983;-0.2429419270741649;1.4084274071238203
856;-0.45838671922516555;-0.22677677513408376;1.3769640065660216
857;-0.48854695854638663;-0.21262298457244921;1.3753237869844996
858;-0.5063447204537487;-0.2013858794017847;1.3585482519702068
859;-0.5044837113095815;-0.1938017774093449;1.3464203244022848
860;-0.47562389903172075;-0.19036735301557994;1.2881238107716588
861;-0.41383755979860104;-0.19141383675399531;1.2512698223330707
862;-0.3164212955491619;-0.19723110555530607;1.2699976957771602
863;-0.18638162717796977;-0.20790461476173577;1.1811837406194097
864;-0.03593791369853131;-0.22246959831810575;1.1974549711750393
865;0.1126863088704322;-0.23800312342768937;1.2337697489047819
866;0.23654003483431654;-0.2506624299612419;1.1324312450813503
867;0.3256697341555113;-0.25849246724852226;1.1360266371813554
868;0.38499746734036205;-0.26239581578803856;1.1761016247446392
869;0.4247892903369724;-0.26417226896982443;1.218710366936568
870;0.452767376368238;-0.26461658367325275;1.2277672688450199
871;0.4730775815100445;-0.2636580402587016;1.3048190261758934
872;0.48845672636207627;-0.2614531652255469;1.3801999168569599
873;0.5016490409717093;-0.25890640551447414;1.3226277865502523
874;0.515448340882933;-0.2576372150730551;1.3021853381630872
875;0.5320943218516112;-0.2601320507182281;1.277112155660854
876;0.5515191453670417;-0.27012456901856663;1.3088342953508647
877;0.5666070946363804;-0.29205062779348706;1.2409274044122407
878;0.5568392851475208;-0.32702677254888884;1.201051298594458
879;0.49606284498069203;-0.36494241601408384;1.1868731215299948
880;0.3917470447481033;-0.3864795283203118;1.1833507717466942
881;0.29836224356759766;-0.3865472171732285;1.1882839515103545
882;0.25143221173508234;-0.3776429676121987;1.202874164560698
883;0.23750675227134807;-0.36624009935066837;1.231569834442645
884;0.23070100693276424;-0.3516508565985468;1.2890980487986967
885;0.21698705471462873;-0.3343562699298023;1.394466352796286
886;0.193526940119373;-0.315666521737628;1.3475040239337526
887;0.16279317522264042;-0.29608778164632205;1.3174203462934027
888;0.1287360875575856;-0.27573118419091147;1.3064695180271986
889;0.09461517726663919;-0.25483051712623433;1.2870843760237138
890;0.062251305299561195;-0.2337346686280343;1.298859961671714
891;0.03233576184511957;-0.21276525027261603;1.3681496745594706
892;0.005032823820741382;-0.19217292270919434;1.3886729483193672
893;-0.019558343790353372;-0.17216752659527235;1.3838489247334456
894;-0.04092906484390889;-0.15299252662253462;1.4310350689219833
895;-0.056920159551677826;-0.13518551504391874;1.4799913623826138
896;-0.05987735201901351;-0.12048107489339485;1.4417488332947845
897;-0.029345433666401542;-0.11389638992179141;1.4311002941028792
898;0.05603814737719865;-0.12250214511365995;1.3827660777320254
899;0.15805836569981296;-0.13926153494931254;1.382236190848094
900;0.2222975561814997;-0.14988900190653792;1.4168486492458556
901;0.27828465623912063;-0.1663203573666263;1.4199635408464977
902;0.36306721285979804;-0.19936040952076575;1.4493964580600922
903;0.47456921835378574;-0.24251849775235101;1.4980876053106542
904;0.5801655280252319;-0.2859673256690862;1.5401014064057976
905;0.641200025423489;-0.31691648908473713;1.5779289599449107
906;0.6613928380049342;-0.3287153900255573;1.5036769891101815
907;0.673123490736027;-0.33438249330436687;1.4785861670129414
908;0.6816383447355983;-0.33890351631463084;1.4822047909348754
909;0.6827600091890871;-0.3400315785218594;1.492474268293077
910;0.6799999028201997;-0.33881677958852835;1.4934830660176268
911;0.6773059245769543;-0.3374754653072048;1.5565269743549084
912;0.6741844951239586;-0.3359858860920272;1.5352892220795535
913;0.6700979989868503;-0.3340129873504962;1.576143026148452
914;0.6647148278278069;-0.33139032711028416;1.5985805635665613
915;0.6577698684349584;-0.32797795495296606;1.6422307800805884
916;0.6488916829261607;-0.3236133066987219;1.6888150510478335
917;0.637806372928208;-0.31815026153989645;1.718557737667981
918;0.6245522202197523;-0.3115872879355288;1.7784884179564238
919;0.609459834774928;-0.3040691816262938;1.8564244748341916
920;0.5930584349964723;-0.29585074295672326;1.8311943857060675
921;0.5759501789070733;-0.28723051283915624;1.9323074901381125
922;0.5587733546368798;-0.2785256505145549;1.92817879102326
923;0.5421818602385913;-0.2700640784859347;1.9682281423078165
924;0.5267957753742806;-0.26216354856422347;1.9629785175864867
925;0.5130770881034009;-0.25507821415779286;2.0090774926105377
926;0.501099871119834;-0.24889230794924624;2.0975793544279147
927;0.4902856551269875;-0.2433847312295358;2.126736584790412
928;0.47932344642343927;-0.23796027478196502;2.1453286480470224
929;0.46653351671132437;-0.2317853265662945;2.1546978911516255
930;0.450606149733387;-0.22413823540335726;2.1926741815763577
931;0.43118903129999214;-0.2147421867626234;2.239496200098337
932;0.40886216795656116;-0.20381549224185963;2.3959923219407937
933;0.3846308217741588;-0.19184547304194718;2.349124983508475
934;0.35943031063796316;-0.17932210551398575;2.4040185031963137
935;0.33393132468023073;-0.16660987833219276;2.4830152595540356
936;0.3085814253097669;-0.15395272689125994;2.530002711666254
937;0.28370685368876747;-0.14152439463400443;2.5352050891958897
938;0.2595801239800391;-0.12946665263844445;2.6089194161060822
939;0.2364472840167422;-0.11790614736642333;2.744237726447925
940;0.21453717576881523;-0.10696025759201518;3.151980388987867
941;0.19406937115943645;-0.0967412343273148;2.9750145778266
942;0.1752674334642946;-0.0873625742341218;2.875894512735045
943;0.1583774955989938;-0.07894778014741265;2.8334833356942997
944;0.14368514563724932;-0.07163817352440763;2.8408939881958206
945;0.13151150549074436;-0.06559095147750323;2.7622256347176783
946;0.12215423837406089;-0.060951896613960076;2.816099803537453
947;0.11574367153792164;-0.057788566839507234;2.7756892585541895
948;0.11205801024152517;-0.05600144294901423;2.7581577206691956
949;0.1104915628340736;-0.055300222920645875;2.848866008412608
950;0.11040409584703006;-0.05536263230878723;2.8849041494604326
951;0.1117483634311765;-0.056156317751833495;2.824331830604667
952;0.115487065907804;-0.058207678579196245;2.85025870022282
953;0.12350903887607732;-0.06267508481801197;2.8669722394841126
954;0.1384240584163841;-0.07144542095098977;2.8881947935987324
955;0.16433422108706378;-0.08794298767591856;2.8925561946260285
956;0.2079971447137566;-0.11892071390419313;2.9287792916427287
957;0.2680352575779274;-0.1708895930905108;2.840336025574703
958;0.3098720682644364;-0.23143882656620868;2.750052134311021
959;0.2996243474216296;-0.2728949671819382;2.7054500268484296
960;0.2580442792059845;-0.2977141236334378;2.6892222995272554
961;0.20908996906865202;-0.32552748569569734;2.578984185447552
962;0.16181978749189393;-0.36163329325208227;2.5247933065458605
963;0.1440670147932813;-0.40098893026174665;2.500755214166506
964;0.17902713702014916;-0.4344519187750629;2.4294069684799586
965;0.21742531929948433;-0.4501086095953019;2.387886917280503
966;0.21186024387884483;-0.45223422180494405;2.349628514829482
967;0.20807954810123286;-0.44867265141521706;2.287299567826081
968;0.21832797584885935;-0.4447594206464011;2.245234049899925
969;0.2225892540185118;-0.4412978377885174;2.23812293418129
970;0.23460777431866559;-0.43782371496312766;2.2287086797598716
971;0.2487566638250379;-0.4340295393879395;2.124977563581473
972;0.25861258784204155;-0.4296021316163714;2.068724379369757
973;0.2724568607499785;-0.42478342574943756;2.0337109903062407
974;0.28481542605542026;-0.4200262654358714;1.9999417709959726
975;0.2927025490943647;-0.41558193895700124;1.9460785825126192
976;0.30178322562638343;-0.4113802686734105;1.9128456466225263
977;0.311428172098081;-0.40722283652120794;1.9216214515858976
978;0.32126608794599026;-0.40279092192011334;1.8487287095312532
979;0.33150479915459;-0.3976278302655809;1.8141016724152463
980;0.3393346545531005;-0.3912824841449131;1.7944004598101257
981;0.34334550265046965;-0.383528140712191;1.8017419352161126
982;0.3422833687085664;-0.3744625322338122;1.753822306146478
983;0.33526707070780526;-0.36437286771604216;1.7679299418636942
984;0.3233721941104162;-0.35355775306223197;1.7286197282224722
985;0.3079075818968878;-0.34224996046532397;1.7005613660067136
986;0.2898294708101311;-0.3306150034406156;1.6971321385574123
987;0.26992937724217403;-0.318777491845218;1.6560110923857931
988;0.24849225797706076;-0.3068481494945679;1.6375753953262924
989;0.22547625230606047;-0.2949418498022409;1.6039980521165431
990;0.200716262388138;-0.2831909026904;1.5671994834927256
991;0.1738160430837721;-0.27175896856614556;1.5203435814676625
992;0.14416439462947533;-0.2608596384701617;1.5008174233395852
993;0.11100417302301369;-0.2507825577939827;1.516222376498137
994;0.07343253823752578;-0.2419244344483041;1.4840382437923263
995;0.030511185797901373;-0.23480367714766265;1.449835655805556
996;-0.01838345613439976;-0.22999809450382394;1.4284829326996042
997;-0.07295831230477842;-0.22792426550446537;1.38951438839781
998;-0.13112800687444823;-0.22853997286665054;1.368783759492531
999;-0.18770057510055832;-0.23142984336826816;1.3571183711700894
