0;-0.38431853181996894;-0.6842746941123858;0.5605883775605074
1;-0.38920768396950844;-0.4539872593854559;1.2504960115259733
2;-0.3950405664966051;-0.43275426437429887;1.1780066590708416
3;-0.4016658198225552;-0.6635454882680487;0.5933547486540073
4;-0.4088093564176081;-0.7200861161365566;0.5691765690238052
5;-0.41545031902547624;-0.4555556419627326;1.2453753930933065
6;-0.4222800478889606;-0.4408071417486511;1.267771887902758
7;-0.42923723837824296;-0.43208373893996743;1.1591228335628292
8;-0.4366870800066856;-0.6245909998992296;0.5951030676854203
9;-0.44446061425453165;-0.7029259227349839;0.5786211185269771
10;-0.4520920637125703;-0.4386479252419288;1.2889834403687515
11;-0.4597398568668563;-0.676911631686139;0.6185890416513324
12;-0.4677414874310438;-0.607827462607363;0.5821352815414943
13;-0.4753168235219057;-0.4351110069966028;1.1810278994734835
14;-0.4830770997409862;-0.6853419560357659;0.5872512383810855
15;-0.49014494819891696;-0.4536254579565379;1.2185609609396342
16;-0.4971672059175901;-0.6353934331221766;0.6369591947580227
17;-0.504431071504045;-0.6582524323917975;0.7582412284203375
18;-0.5118189803797041;-0.603169030777593;0.5488997760819672
19;-0.5192401678745803;-0.5809033625850557;0.5595931264664298
20;-0.526521850898744;-0.6209345511755612;0.6630871804479723
21;-0.5337463100339617;-0.5931088308998719;0.5415543758096752
22;-0.5409846919614137;-0.641872565235497;0.7736045235221798
23;-0.5479898977199583;-0.5681405412086676;0.5495777127056437
24;-0.5537227468229539;-0.454120814822648;1.188729000030147
25;-0.5592285050435031;-0.6328588688920411;0.7053329882760468
26;-0.5633431464724417;-0.4426836679365299;1.2911327778227402
27;-0.5673587080802063;-0.6290983652871538;0.792630421850526
28;-0.5699656208425612;-0.4566942055017474;1.0936135068951074
29;-0.572242310340667;-0.5565939848411601;0.5419346978847986
30;-0.5741495621149935;-0.5559701419958406;0.5416846809374649
31;-0.575879594439976;-0.6356287143560502;0.7477596096875494
32;-0.5771773732467257;-0.5557647732870639;0.5421081620310788
33;-0.5782649739333259;-0.6170647001393504;0.7742259824734642
34;-0.5778738118622895;-0.4747881691638987;1.3310653805980444
35;-0.5763072722912954;-0.48884757191372974;1.1205318257074885
36;-0.5734964943098738;-0.5107123541807006;1.1789695446914963
37;-0.5698364949733811;-0.5048203559181519;1.0849537774132683
38;-0.5663945066359484;-0.6418995387126799;0.6837410024430897
39;-0.563199546748669;-0.6233929868854114;0.8545984004278342
40;-0.5602131614809248;-0.6438664577504398;0.6975469857357295
41;-0.5561888383205376;-0.5355182811256888;1.249938416115595
42;-0.5526226251551466;-0.5747476256927402;0.8661267941799319
43;-0.5494148206687941;-0.6412263737768099;0.8183786115734563
44;-0.5465477666878366;-0.6422399745023157;0.8241232679042321
45;-0.5428698945612065;-0.570662553703323;1.0079534825321692
46;-0.5393359811766336;-0.5757822829501557;0.5710533061189176
47;-0.5352214137477038;-0.5843875321158705;0.9990665951624749
48;-0.5317972772877003;-0.6210012406751897;0.9107734193791351
49;-0.5279030512404933;-0.610826918406573;1.0281284635791297
50;-0.5237581034585501;-0.5902381708201037;0.992475833725332
51;-0.5195347576807099;-0.5945128729622041;0.9635594381343685
52;-0.5151680178222391;-0.6446060515362722;1.0780552424574825
53;-0.5118703194085298;-0.6239690832943714;0.9481897401885773
54;-0.5096371573199987;-0.5781169224384097;0.9705011924900276
55;-0.5074826114614747;-0.6344031997692845;0.9718164589882585
56;-0.50538861448327;-0.6377697067212675;1.1894468010352097
57;-0.5040773223190075;-0.6291179602178195;0.9268490978470266
58;-0.5028608507788764;-0.6470443925656291;1.1811179454510239
59;-0.5019015340593197;-0.6335461517858184;0.8879969985124089
60;-0.5011494036208786;-0.6885970742743306;1.0280743882704422
61;-0.5007507954717053;-0.639456861943784;0.8666595373940574
62;-0.5015454467139606;-0.5732560072892704;1.0356574693948317
63;-0.5032474605323194;-0.6483962363535343;0.8438341058488275
64;-0.5056329942929632;-0.6364534299074849;0.9125072852902057
65;-0.5085131961933504;-0.6148473353529439;0.9500927850096585
66;-0.5115997103703581;-0.6590657324446272;0.9377092579046421
67;-0.5147882927247449;-0.6614127746167611;1.1285217608867113
68;-0.5183704355223411;-0.6089126160968376;0.9625198424401222
69;-0.5221467114403129;-0.6562080228861039;0.92405960626378
70;-0.5262411129179778;-0.6047518036231936;0.9723658314770538
71;-0.5304658769218397;-0.6766633180281343;0.9169669634374498
72;-0.5349505288651416;-0.6008591269458495;0.9834911830121333
73;-0.5397967567212429;-0.6166861454742356;0.9732958899548844
74;-0.544830586086496;-0.597794633784703;0.9958189433122832
75;-0.5500619825285711;-0.5703186582763302;0.7651957321125402
76;-0.5554078948778831;-0.6357625643350754;0.6857482874272574
77;-0.5609256699666486;-0.6262964823368713;0.6603252771152428
78;-0.5665276964537111;-0.6350935548767227;0.868015818936109
79;-0.5722664585020207;-0.5477537275046057;0.8183315340937604
80;-0.5781011148760218;-0.6537331836501376;0.8370889318138299
81;-0.5841372364908938;-0.5561148845560816;0.8670076891504049
82;-0.5904137239175655;-0.5969778145108035;1.057392850911486
83;-0.5972463697504115;-0.4916380331436466;1.2127661954077016
84;-0.6041362795188686;-0.5352877322708122;0.9089742816350495
85;-0.6110225910018715;-0.578862952248207;1.077914044478001
86;-0.6179292872683446;-0.6312204145902951;0.7785221428667267
87;-0.6249473880136749;-0.5399383996269068;0.9773761996633402
88;-0.6320390792033951;-0.6463568986594489;0.7113408385853556
89;-0.6394764814009775;-0.5152934522648721;1.2281406352070607
90;-0.6469153937073917;-0.5765551604873114;1.13560753277545
91;-0.6544820148050952;-0.5655676473885751;1.1738833717197321
92;-0.6619707499470362;-0.5720916282409031;1.1539057422991652
93;-0.6695061695331065;-0.5602861659304966;1.196218427031706
94;-0.6768139285942051;-0.5389472158038957;0.849682083930243
95;-0.6841086619096355;-0.494715340253674;1.2626944800793496
96;-0.6910216166591208;-0.5599037581408843;1.1622013336368497
97;-0.6976862677081451;-0.5635235967372918;1.1964306755773793
98;-0.7042169435308612;-0.5077090678564884;1.1505412348558983
99;-0.7104469721522456;-0.5614565260182921;1.2121234618197332
100;-0.7163677829497505;-0.509735484824172;0.7859695738899181
101;-0.7219814708667375;-0.4840392408791126;1.2944142210271679
102;-0.7270792734036869;-0.5561509388616624;1.2026583619070403
103;-0.7318504337312816;-0.49842359419518095;0.7596136004104816
104;-0.7363390104876031;-0.5587777415012367;0.626171923274988
105;-0.7402589418264235;-0.5554125476740134;1.2209353914384113
106;-0.7438594769193072;-0.5398573482280762;1.31062637267154
107;-0.7470793367814905;-0.5273093787801908;0.6576678531103068
108;-0.7496711694380893;-0.48384197191360606;1.3289072003026132
109;-0.7520406161031046;-0.4823672692408775;1.252521141364054
110;-0.7537256976610073;-0.48733014489036963;1.3373200317912493
111;-0.7548200054529235;-0.5581769902347412;1.252517390396492
112;-0.7555866414458641;-0.5231320069187676;0.6306114692456037
113;-0.7561632988501267;-0.47878756033700043;1.2701627557476214
114;-0.7563778509010272;-0.4780792133734746;0.6995735851505724
115;-0.7563964720503571;-0.4784121771193677;1.2751067656663335
116;-0.7554489936560582;-0.45053205732527435;1.3489223072225303
117;-0.7542549199838545;-0.5036613419147321;0.6462744894232346
118;-0.7521300997654204;-0.45988267181177256;1.34939632891082
119;-0.750131436067502;-0.5561998943001647;0.47617242639458723
120;-0.7480717428432171;-0.47837672189583874;0.6911651893396151
121;-0.745929510518875;-0.4801384452013598;1.2770588851268654
122;-0.7438004530985638;-0.5330622203636995;0.593035944307484
123;-0.7413528209722364;-0.5512168441639512;1.3585274324444998
124;-0.7386293286601839;-0.569248022157994;1.3244372180490132
125;-0.7357696527555936;-0.46836153115015516;1.2572601194556763
126;-0.7328481451415266;-0.5077211708697151;0.40207489294867405
127;-0.730212788164621;-0.561246708353038;0.47774305905933234
128;-0.727418244490792;-0.5714175571203904;1.3086952576519024
129;-0.7244739836148518;-0.5737503643041663;1.3323776350217267
130;-0.7217791966738654;-0.5529331386132742;0.5702975079149135
131;-0.7190751234769751;-0.5750858455210542;1.3169084636965565
132;-0.7163291329504062;-0.5773221846696431;1.335969497342678
133;-0.7139578242035396;-0.5693593681242166;0.48982040829703033
134;-0.7113795282062587;-0.4904392168570344;1.254672148767992
135;-0.7091635399010188;-0.5677085499215277;0.5602426246257914
136;-0.7061316128865731;-0.5674701489523908;1.3231676734143787
137;-0.7030290914661692;-0.4933012723912872;1.2497652122100924
138;-0.6998013959628292;-0.4748892236931196;0.6965871500509249
139;-0.6967771784532258;-0.5272501721669329;0.5025505450125842
140;-0.6941106463540128;-0.5311219090389925;0.5073615084868157
141;-0.6907019002440171;-0.5762823667814733;1.298024447705308
142;-0.6880400416404588;-0.5937923436587345;0.5351037229400641
143;-0.6861714531599975;-0.5963392680695858;0.536247744341565
144;-0.6851211657690734;-0.5993851564677585;0.537329162355099
145;-0.6830900050665282;-0.5596231514882106;1.23117980138954
146;-0.6820123889702014;-0.5986934178570106;0.5530846258770674
147;-0.6818899770409623;-0.6018877486275843;0.5523632949332749
148;-0.6809295629776341;-0.5788428125341911;1.266233143784227
149;-0.6798683519877166;-0.5551455134395108;1.3407658314071949
150;-0.6783518132194171;-0.5441758325842598;1.3132280230181028
151;-0.6766635876448815;-0.5488515195947934;1.3510786536295953
152;-0.6756178997158819;-0.6116507084055454;0.5361225843073166
153;-0.6749175299537749;-0.5489918276297904;0.5954664064276374
154;-0.6749248445991158;-0.6105289038739207;0.5308153532545556
155;-0.6757199519400701;-0.6074007444257514;0.5327721251460715
156;-0.6758507396200574;-0.527258313549788;0.6017157124545442
157;-0.6747668185093174;-0.4467569885720373;1.2923987686343752
158;-0.6744741227010259;-0.6067768573660257;0.515665062704808
159;-0.6748876098374182;-0.6086014601075964;0.50448022738668
160;-0.6737765894389673;-0.5270894522960743;1.3582046430814618
161;-0.6711380979605628;-0.5261618686781315;1.3671338326162612
162;-0.6672194032538402;-0.535061364822167;1.4133042572132
163;-0.6641442198791336;-0.6002628944369387;0.47340958275400835
164;-0.6611027567797693;-0.5368236767224117;0.54189077528307
165;-0.6560644265377541;-0.5323193885230422;1.4089494599982493
166;-0.6486760368758612;-0.45703639011063635;1.3698376860463557
167;-0.6422737038763695;-0.5910654303000082;0.4314060359947812
168;-0.6368014378909665;-0.5887576651060598;0.42052618443501344
169;-0.6301821952963038;-0.48163797312251166;0.5954782997927399
170;-0.6231349165752764;-0.5295599800810507;0.4714855990734095
171;-0.6138188925328212;-0.5613075158608608;1.5147953848028064
172;-0.602503615599301;-0.5640553940384847;1.5324256152913827
173;-0.5889306635130173;-0.5669281195057781;1.5012752355599306
174;-0.5748068275003871;-0.5308652331717338;0.4256869402474357
175;-0.5583604089976134;-0.6096104255325892;1.3617504293233087
176;-0.5429388688172143;-0.5750125016573818;0.33528122036241437
177;-0.5271506128250546;-0.4965334716131995;0.5523330420486683
178;-0.5092785099447432;-0.5309847820139494;1.4744852003106754
179;-0.4925016990438499;-0.5614094852071784;0.3321229884404817
180;-0.4755601074400261;-0.5494583676255631;0.37341995634553427
181;-0.45842381996628806;-0.6430115651421657;1.604550319469034
182;-0.4429133582671459;-0.56735774422112;0.3154797130294339
183;-0.42914832251582696;-0.5844131755362103;0.2968851655458886
184;-0.41681131389282383;-0.5490582900639914;0.437939756824964
185;-0.4060265361840888;-0.5765294684184261;0.30465412736170483
186;-0.3963812431840222;-0.5280945968716844;0.5243196148081574
187;-0.3884161029843642;-0.5976004441330252;0.2876060748770014
188;-0.38160822953146195;-0.5353160789817137;0.5214981346745513
189;-0.37547471611323063;-0.6262325833943878;1.5208775691100334
190;-0.3706099563741784;-0.5415306419528747;0.519873541971791
191;-0.36755998693122954;-0.6460148550153909;1.4493971151016778
192;-0.36552287642139886;-0.5455320636194001;0.5194805097193
193;-0.3638826830023213;-0.6286822737863605;1.5116984747627296
194;-0.3633283030520046;-0.6704390724066046;1.6219228625927218
195;-0.3636216452599551;-0.6784165273383513;1.59309469249304
196;-0.3642179123556093;-0.5466290116013133;0.5225658897221757
197;-0.3651010292321948;-0.5665703781264576;0.4411957194801379
198;-0.3659166333155782;-0.5977774152780536;0.3167396190022219
199;-0.36683209231958097;-0.5655600483080098;0.4479783064665548
200;-0.3671606266738979;-0.6029288978550837;0.35967330924543484
201;-0.3664369556312717;-0.6600520091476378;1.488996094723207
202;-0.3654474458180308;-0.604047190093531;0.337981318290281
203;-0.3641804295574146;-0.6173309589056651;0.34300726143913696
204;-0.36303419749812016;-0.5643516721208695;0.4719782059656602
205;-0.3616257836330249;-0.6248546309964036;0.36052957632979565
206;-0.3589098056577631;-0.6934097613271992;1.4624283895349603
207;-0.35612091099728077;-0.6338679663246326;0.37993713331696033
208;-0.3541965450398723;-0.6044136566818414;1.4637485214395614
209;-0.3523197000403191;-0.705284659462737;1.5053100293262596
210;-0.34950257730641354;-0.7315973377810736;1.4342096679535687
211;-0.3466517228121301;-0.6600010390666972;0.4321788220317564
212;-0.34459096160165537;-0.7230661479162481;1.4610809923218606
213;-0.34248194151627953;-0.7636201647253906;1.4084146748146
214;-0.34071196862933095;-0.7738719109125409;1.3988479325935517
215;-0.3405232397421649;-0.7411161584004264;1.418825822038034
216;-0.34203033850622444;-0.6545767157729728;0.46770347955861136
217;-0.34604233181771527;-0.5008934915357169;0.6258289442035532
218;-0.35232626743091267;-0.5310003955050678;0.5885951907846874
219;-0.35941607184151003;-0.7974503053533959;1.3432574181634973
220;-0.36746562235707064;-0.7086670492292164;0.5291231050386069
221;-0.3770767966641966;-0.7304544075657579;1.3522619070368394
222;-0.3880016119158821;-0.7373098656389079;1.3086206147252764
223;-0.3994588787880964;-0.7177335946091007;0.5722484863429592
224;-0.4123046855903203;-0.4450916810794643;0.6913418495055357
225;-0.4259932637833325;-0.5592397958922792;1.2563047459391774
226;-0.44015879983403017;-0.5034066155554481;1.2162747864398322
227;-0.45368895790775166;-0.7562912697427779;1.2274478670269042
228;-0.46762427725584577;-0.41109791372271987;0.7356169823494211
229;-0.48144647605847113;-0.6951078983856966;1.1862161027161164
230;-0.4950880139539831;-0.5288039001282583;1.173199003904516
231;-0.5082926817578772;-0.6733457346804791;0.7007680981039677
232;-0.521087157377801;-0.5192877447296698;1.1378617853724589
233;-0.5340399106124643;-0.576217052503552;0.7361119258701574
234;-0.5462645813226421;-0.5115745624084362;1.101830584990991
235;-0.557636893835234;-0.36567654357184615;0.8224243440470476
236;-0.5673687433377008;-0.6925632661660373;1.0748874003373403
237;-0.5765721008670497;-0.6441920876445513;0.8147495334627375
238;-0.5845409686547515;-0.3563339989379392;0.8606795662350865
239;-0.5915269779601273;-0.6463066925061405;1.0057332946511497
240;-0.5981391521805747;-0.6283470707233314;0.8697024625620003
241;-0.6046402905477123;-0.547704416060608;0.9112436314591273
242;-0.6094738097882952;-0.6707208762202768;0.9714736659922122
243;-0.6129130699082614;-0.4916172587733227;0.9427858931474221
244;-0.6153442500304337;-0.6149821709104469;0.9214986502897238
245;-0.6177242233885575;-0.5410649475358374;0.9783918598552686
246;-0.6184753178289937;-0.44789238295859324;0.9044584913184437
247;-0.6183683866933264;-0.6277899574403862;0.8716829354442266
248;-0.6170219822345709;-0.4988008594505932;0.8631119313970697
249;-0.6144208024219183;-0.45928734243814867;0.8629929776404837
250;-0.6122582518344548;-0.5361797271690675;1.0561464323601848
251;-0.6089566147572557;-0.47162548765831125;0.8368864377247235
252;-0.6054658573207427;-0.6348415715585357;0.7955647054564012
253;-0.6030926634330824;-0.5789737744215349;1.0731368471623919
254;-0.60052173038924;-0.6382224959412175;0.7668887218212006
255;-0.5988626598976959;-0.5677871847921064;1.0970513560177346
256;-0.5963316407450195;-0.44708744960098157;1.0860483687836162
257;-0.5928930398842537;-0.5036486600147414;0.7653464437329333
258;-0.5894382661801912;-0.6541910695204207;0.7665076459139373
259;-0.5861215028645483;-0.6527070822867762;0.7072552301935455
260;-0.5822258673849755;-0.5178330814802218;0.7327403192271591
261;-0.5785422971759223;-0.6566216708892022;0.6809639140843455
262;-0.5754178432483491;-0.5252878160088785;1.228067506589644
263;-0.5729108474888552;-0.5583039057774333;1.1902259704720908
264;-0.5695309821606123;-0.4550693909431852;1.1288890765827486
265;-0.5654535819323533;-0.4615420711226144;1.1385043230534804
266;-0.5619142137875415;-0.5537942891206704;1.2217433746773396
267;-0.5587431102654993;-0.5546726899069074;1.2320595353629067
268;-0.5550395400051171;-0.5816786195200083;0.6091988578167604
269;-0.551322958931999;-0.5477823637051656;1.2860446007938215
270;-0.5475257719782224;-0.5526398826907649;1.2983758000912626
271;-0.5436214754895484;-0.5575553945820997;1.3399410448826616
272;-0.5395972264645491;-0.5589082836190888;1.3582830794114753
273;-0.5350204476451406;-0.5233160431619137;1.2193076646264478
274;-0.5302638997029473;-0.5559335582143905;1.2941414010091494
275;-0.525399979363935;-0.5498024967735369;0.5906973206832846
276;-0.5206098860697271;-0.5975427650497145;0.5254652204603443
277;-0.5162094172879624;-0.6007765479766121;1.4154616735993404
278;-0.5121189515376542;-0.6040681496549096;0.5061181731412847
279;-0.5084519160959627;-0.607892639641641;0.4966892340308443
280;-0.5055228639175525;-0.6523860073201566;0.4496992777466501
281;-0.503103705448484;-0.5700506742445379;0.5428204000369503
282;-0.5012797192589987;-0.6215526713156851;0.46927599522612107
283;-0.5002580310933022;-0.653121047941987;0.4189049534059349
284;-0.5003776810337776;-0.6341696937032252;0.5167608832291584
285;-0.5016672728748454;-0.6230896789506669;0.5136562671923439
286;-0.5034736834314387;-0.6368852596804626;0.4343051203889011
287;-0.5059708661829289;-0.6034501335809064;1.4944235273544664
288;-0.5091804195760985;-0.6518810053048262;0.3690401665571996
289;-0.5130829376017666;-0.6508082591988309;0.35921509083401515
290;-0.5176516667941237;-0.592464942816961;1.527168156227281
291;-0.5226804303085619;-0.5453663576869172;1.4311234154339783
292;-0.5282827684053669;-0.5903345047409234;1.588069501369664
293;-0.5349905140942712;-0.6017759249772084;0.4318206937619232
294;-0.5421602455261167;-0.5837097839516301;1.6100670679060403
295;-0.5497662270160876;-0.5738957795366167;1.5524567480852518
296;-0.5574184137337737;-0.5312830859044757;1.478160763159837
297;-0.5652723258391186;-0.5732368633538274;1.6479131629076142
298;-0.5740569663130258;-0.5599766895301053;0.3920088196978675
299;-0.5831497395256783;-0.6281182215317416;0.24472514387964606
300;-0.5918367619953817;-0.5185976772641216;1.5073777807574849
301;-0.6003874668911879;-0.5573074723873485;1.6154669803152752
302;-0.6089201345215508;-0.593189640237755;0.2442029538440964
303;-0.6175528895584753;-0.6028889713439709;0.20626156761914727
304;-0.626242812441149;-0.597560577760026;0.1985006975661746
305;-0.634356940826588;-0.5443064254791906;1.670644949106748
306;-0.6429867875673849;-0.5048746013613638;0.3302059327346154
307;-0.6498640778390665;-0.5329184896866004;0.39344715995323376
308;-0.6566232147101807;-0.5807937629979337;0.16983211256024833
309;-0.6631999904143617;-0.5764364807591941;0.16300440536908012
310;-0.6694485303947617;-0.5696240694260613;0.15908231719053656
311;-0.6753609747835962;-0.5688837556531483;0.15034350962160448
312;-0.6812519853714449;-0.48200330999207097;0.2926409447758177
313;-0.6852050026687477;-0.47682866310373456;1.5803455699306665
314;-0.6878094976125256;-0.5108603472143409;1.7200763335812388
315;-0.6891257601533779;-0.5064276656342859;1.6895415836399037
316;-0.689093420797432;-0.5093824200925915;1.7265271683535732
317;-0.6872217824965323;-0.5602795681713975;0.28692343593826775
318;-0.6851254039171476;-0.4471168602410149;0.2716362764790753
319;-0.6824952040288588;-0.5477882314972178;0.12492630721267528
320;-0.6785385037447932;-0.4923314581352022;1.5938197124677864
321;-0.6738717591612343;-0.5379629332257877;0.17507877612059475
322;-0.6679498997498031;-0.5689723248194762;0.29872852595069044
323;-0.6608632764584932;-0.54198433710343;0.4173427032163318
324;-0.653376367759393;-0.576585971959594;0.30524953755368545
325;-0.6460394823326394;-0.5458774456737174;0.1761445815129471
326;-0.6386239968418771;-0.4485367574085456;0.25201199154066756
327;-0.6309495924144254;-0.526549480492175;1.690780446798842
328;-0.6231652221925046;-0.529403037408958;1.7375578809321146
329;-0.6152851792595613;-0.45801861955224593;0.2465202308245269
330;-0.6073980754468722;-0.5431788265612008;1.8068208948544262
331;-0.5993611200876928;-0.46761347512621465;0.24285156351130677
332;-0.5917337384829299;-0.56349341632177;0.18060264874047016
333;-0.5840603667373928;-0.5549867544531101;1.8074048707823591
334;-0.577056965285728;-0.5569946187872286;0.09932938006585146
335;-0.5699861798653002;-0.522452680305403;1.5877294322001827
336;-0.5634927666925333;-0.5568553271378123;0.09831472133331465
337;-0.5567783695286985;-0.5299034046594117;1.5874533572725786
338;-0.5512914364203703;-0.5586288471961415;0.4569342645984048
339;-0.5453384073565339;-0.5518593743798262;1.6005824213430557
340;-0.5389650315644561;-0.5418061386204857;1.5875972228656914
341;-0.5329196020988807;-0.5526374899914274;0.09308924903729199
342;-0.5263261030962655;-0.5867582130525983;1.8383780101644045
343;-0.5186591028171258;-0.5386129597392746;0.21886003311776991
344;-0.511509552708128;-0.5611683882655437;0.1036049314962113
345;-0.504308039803806;-0.5638580860616704;1.5842924676584356
346;-0.4995722300364161;-0.5415598992246424;0.3159434465728469
347;-0.4971835720152024;-0.5225512655625526;0.4366162026089767
348;-0.4944824486890833;-0.5536364366269056;0.20787841191835144
349;-0.492564674744628;-0.5797317277865252;1.580492165742393
350;-0.4923544778799269;-0.5514252904589355;0.10897252316210371
351;-0.49348336496523093;-0.6044834063024382;1.8066032010043336
352;-0.4959477218012827;-0.5798470099747256;1.6462796269813984
353;-0.49989463959286545;-0.5789077268098883;1.6423300318384948
354;-0.5056868850247779;-0.6066679902104493;1.7434076261399296
355;-0.513523325753797;-0.511656637635953;0.18260014121298018
356;-0.523113410688985;-0.6015492994684848;1.6354876474367068
357;-0.5342833498478868;-0.5665780837132646;1.4056821932839727
358;-0.5479867424651417;-0.4315714101774266;0.4463125812855431
359;-0.5625312307335372;-0.4949525121771576;0.312674260039848
360;-0.5776628361830948;-0.5126297008434799;0.39369949895525336
361;-0.592776985413801;-0.5444686803609046;1.4916272764231207
362;-0.6086660923328332;-0.3885380073259139;0.5894940195103113
363;-0.6246673203898647;-0.3773804005593266;0.7265690567807066
364;-0.6397816495383244;-0.4455110127604285;0.4752243698672248
365;-0.6542690728308875;-0.3652505258899543;0.7852880576664849
366;-0.6672736925977982;-0.5098569332367074;0.6178537353549003
367;-0.6798014790694746;-0.5122249489518015;1.3786522600549411
368;-0.6907737026422498;-0.4990238831880142;0.6460253347678473
369;-0.7000770960999091;-0.4405441978036159;0.5793807367054566
370;-0.707485936782012;-0.4382876818681353;0.5834105776098539
371;-0.7126123183066306;-0.495134085299167;1.3355990625821403
372;-0.7152187907842933;-0.42549313585252185;0.5551158232499714
373;-0.7149689628844746;-0.3500769931660087;0.8658886158346669
374;-0.712407235338092;-0.43234945485125326;1.0747207417248434
375;-0.7065287336105697;-0.35999471282657264;0.8503573953029524
376;-0.6973077299962028;-0.36800927636103287;0.839284267157373
377;-0.6859665444436549;-0.46365510762098755;1.4197739710249957
378;-0.6721086785404153;-0.430614312091744;1.1098910430042739
379;-0.6563681777237143;-0.47517283356743745;1.4188121538500773
380;-0.6389389039663552;-0.4825882410652731;1.3600417589785996
381;-0.6199080967947671;-0.5260857100873509;1.4900067875692646
382;-0.5997868957327135;-0.49744519746245236;1.390995335244643
383;-0.578886142960856;-0.5061625536988592;1.404815799232745
384;-0.5565125515822501;-0.46633515782208096;0.6258340684387529
385;-0.533994084998333;-0.5180004081905025;0.39392962025286515
386;-0.5119017584466785;-0.5321060557437847;0.39935865507508006
387;-0.4898877502702097;-0.5065591104859951;0.6014858149385927
388;-0.46932927549807946;-0.5856854661517557;1.506275534919793
389;-0.45052025967070214;-0.5865511538297743;1.5628156520485248
390;-0.43290115739574686;-0.5634860551279949;1.5408466891420234
391;-0.41681256346194895;-0.6041052136975144;1.5209139533070104
392;-0.4012954883852381;-0.5516150465651491;1.2429037399849245
393;-0.38706165733384335;-0.5819170504410167;1.4712131966344644
394;-0.3733745639489298;-0.5663686420490918;1.2460186839662963
395;-0.3609159185120376;-0.5951588177438134;1.516938486526144
396;-0.3497863476159212;-0.6285916701312272;1.5306954581207193
397;-0.3400362994905281;-0.629791468106387;1.571902041610526
398;-0.33069241075186967;-0.5973963240081421;1.2664572186910763
399;-0.32203080708917864;-0.6017084002641784;0.406364900448011
400;-0.3138677676315591;-0.6309093418233394;0.41749132910304
401;-0.30615478513525074;-0.6364835218517273;0.4109026504561254
402;-0.29873374407625514;-0.6121177944015375;0.450796422814812
403;-0.29203095931647877;-0.6580683063829245;1.50614490402518
404;-0.2852872174537211;-0.6247052799170858;0.4812161446810084
405;-0.27843383410827266;-0.6347923839516997;1.2092589633942554
406;-0.2714955137574656;-0.6317741155364142;0.6561587674207614
407;-0.26495112229156614;-0.6757127701789469;1.4704569992536367
408;-0.25824955856309517;-0.6289189102938954;0.7446079350405062
409;-0.2512570701713601;-0.6635465821340287;1.2065834492089906
410;-0.24451570131357164;-0.69016542690265;1.4381233879580395
411;-0.2379453094667689;-0.7006613563506379;1.433018836232594
412;-0.23120628788381614;-0.6468694200335532;0.7742756186837999
413;-0.22440191302857126;-0.6999776321191131;0.5423708233375052
414;-0.21738961734734236;-0.7217320559695131;1.28460956514459
415;-0.210353277361004;-0.7232190750615918;0.6044211788103027
416;-0.2032442090936643;-0.7277193497381675;0.6742324770598682
417;-0.1963005965790124;-0.7411219549655186;1.2375927960192032
418;-0.19022239357072224;-0.7380513053668807;1.360456332129691
419;-0.18502850828754286;-0.7567428747200956;1.3441078450696073
420;-0.18064924597465398;-0.7370616372738031;0.5971540646104723
421;-0.1768043983912792;-0.7258877054072438;1.1065586258151614
422;-0.1739150424951732;-0.7814505795371396;0.7013107112952744
423;-0.17188067272309154;-0.7790831878896707;1.1675907554245386
424;-0.17102784268350452;-0.73828951819419;0.5970727783024342
425;-0.17142026340444394;-0.7516828538292335;0.6084703700320346
426;-0.17324844455648536;-0.6848843930911768;0.8339253167364751
427;-0.17650528299026252;-0.7683357699493117;1.3191071292312102
428;-0.18107260300780476;-0.7894954959987899;1.3016256457968125
429;-0.18689337825773839;-0.7896250018237982;1.3012043210124284
430;-0.19359436142028064;-0.798983341228864;1.1482255141275193
431;-0.20110147903232722;-0.7991981661996089;1.1502956985289872
432;-0.20946327196679088;-0.7464973509274306;0.5796617443500269
433;-0.2181476379910845;-0.7259958453984734;1.1199871705892277
434;-0.22764984523728976;-0.6553276786551954;0.7958482526352859
435;-0.23726048944277067;-0.7194662286410336;1.1395255363379855
436;-0.24742752383914773;-0.7757409580017148;1.3266429751514255
437;-0.25802689012411184;-0.7721826057554837;1.3343944607917742
438;-0.2684505326115104;-0.7107487954646534;1.1817877651799757
439;-0.27866424364597453;-0.7086668299438902;1.19929375758142
440;-0.28887151156714563;-0.7885979518021761;1.2712594439617808
441;-0.2992159065989366;-0.75868013076442;1.3731850548084583
442;-0.30960407558036374;-0.7557274394428471;1.3840647987415795
443;-0.3203187687085962;-0.6349241466972311;0.6054204089887627
444;-0.33057559012575044;-0.7083090597857581;1.3288146548473965
445;-0.34082771377870885;-0.6502286047828136;0.4079136659559438
446;-0.3509081302914765;-0.7168257442453971;1.3999802450291716
447;-0.360951405687835;-0.6379145541783922;0.3866766987465866
448;-0.37127977797415035;-0.6018046320609283;0.4868216601716837
449;-0.38120771749692434;-0.7513994752037384;1.4253787688242459
450;-0.3908989086114728;-0.6999296942857003;1.411881786985333
451;-0.40092802696094143;-0.5854982529658757;0.4251758793938347
452;-0.41091630913006527;-0.6675631453850672;0.40304203540248684
453;-0.42084295511075687;-0.664756445068528;0.38686136634954205
454;-0.4306733124361203;-0.6179159943293333;0.3483502603242572
455;-0.44024284465743635;-0.7022255924310942;1.475470610219776
456;-0.4498424312324124;-0.6443933064002751;0.2654819770707251
457;-0.45919352719939033;-0.6585828646797125;1.5391551045456164
458;-0.4683870688564294;-0.604534502879398;0.3803080055045599
459;-0.47754167577756484;-0.6401899535330347;0.2582356738831272
460;-0.4865670897289981;-0.6358694588528573;1.542341759568088
461;-0.4954035646191321;-0.6147166068997166;0.39432154397459385
462;-0.5040729008180551;-0.6382396869758202;0.26666948967177095
463;-0.5124709633808388;-0.658213969610159;1.4436447832207508
464;-0.5205683934514148;-0.6096058847569934;0.44864318179611407
465;-0.52871208749801;-0.6090429838345828;1.5291693839829041
466;-0.5365976616994512;-0.6113634937448087;0.47926592910195087
467;-0.5442832199965016;-0.5266710814575181;0.33167700815576995
468;-0.5516195278942169;-0.5244939061140385;0.33843085952487195
469;-0.5585237555402096;-0.6216594775386998;0.5152472746923091
470;-0.5651049090655077;-0.6554970456101945;1.501886479998249
471;-0.5712696870226477;-0.47126937204360847;0.42947069929300563
472;-0.5770992852654477;-0.6467245686500129;1.4773977294034446
473;-0.5830375143440792;-0.5701169910373296;1.450319586445349
474;-0.5886033037065399;-0.5783596131269299;1.2214079745686677
475;-0.5938410597107042;-0.6480642901246665;1.4979654075720705
476;-0.5983985550117796;-0.5231354031531709;0.41097695169561665
477;-0.6028749196028509;-0.5952666294908266;0.6427065039791985
478;-0.6068959705093524;-0.6313320890684092;0.45401793756968734
479;-0.6110883187942603;-0.5451612448365318;1.3903801167714835
480;-0.6152764135072697;-0.5982634777475812;0.6620670581096422
481;-0.6192114940351727;-0.625684399433121;0.43125511084942003
482;-0.623260552031778;-0.5289189502821765;1.3715007817538714
483;-0.6269966758015211;-0.631752356764135;1.4619915610742087
484;-0.629875141297787;-0.5266286850685167;0.4656270661481816
485;-0.6328241404928296;-0.5210435892153089;1.3556999351675065
486;-0.6354897533878596;-0.6147598512732447;1.3645626346423825
487;-0.6378843967112531;-0.6139465984806761;1.361929198184995
488;-0.6402958090784205;-0.5224041294050045;1.3427209845970813
489;-0.6426253334334188;-0.6113996746070441;0.46206621017991156
490;-0.6447004513449751;-0.6255008868137707;1.4204511902976187
491;-0.6467490628867256;-0.5140321457957778;1.3375576047053315
492;-0.6487494512745008;-0.5137570317559659;1.335601303094467
493;-0.6504977495453461;-0.6121855922646415;1.3556007237519232
494;-0.6520295962439709;-0.6122080082786433;1.3554405991851375
495;-0.6534232887885099;-0.6199618256281698;1.4395243785504188
496;-0.6542138856748134;-0.5997137212179376;1.2725786108918449
497;-0.6552112885101076;-0.597084266386778;0.4695963038729192
498;-0.6563779463329238;-0.6039473217272389;0.47996678190308173
499;-0.6579206614235222;-0.5285717020636066;0.6982168020712226
500;-0.6596477166350166;-0.6015962784784268;0.4816388067873367
501;-0.6614954048340123;-0.5177813096960759;1.317196673841996
502;-0.6628324998881105;-0.6059092628964681;1.2810874255188789
503;-0.6634407228490798;-0.46263947279152523;0.5481432715127394
504;-0.6634094584669398;-0.5287297679446892;0.4982356626117581
505;-0.663652094061239;-0.6061313842321052;1.3459001934177894
506;-0.6644989926740581;-0.5248435279213398;0.6945903629612391
507;-0.6656208855262007;-0.589364266336634;0.538976850350267
508;-0.6670484314747271;-0.6107614397852136;1.3988795467261148
509;-0.6681645503928667;-0.6104868285962285;1.2765079950015743
510;-0.6696430950115859;-0.6039488793922525;1.4152354125339843
511;-0.6716998297543221;-0.5105868646241605;0.7071660835247153
512;-0.6729931965869155;-0.5476818955313588;0.5257749048120567
513;-0.6740165901774119;-0.6099141986083431;1.2648860541099327
514;-0.6755881799652669;-0.4855143697029169;0.7241106184964166
515;-0.6776271709318145;-0.4826052618544121;0.7287256625073244
516;-0.6799021300273104;-0.5847039714538491;1.303052266447722
517;-0.6823720358285967;-0.5578305559622768;0.5215520639452147
518;-0.6844045732670457;-0.6058738056255591;1.2413992940726182
519;-0.6865642774549506;-0.5538722709237327;0.5301340893516152
520;-0.6887567378926793;-0.5525442198236641;0.5345156114829144
521;-0.6893677562692594;-0.5081638229384073;0.608708149100394
522;-0.6900045470135573;-0.5605181350709834;0.5595632119605816
523;-0.6894273864257596;-0.5623747992304922;0.5655287562366513
524;-0.6888040154654284;-0.5626816011637213;0.6227710816998621
525;-0.6877890179007045;-0.5801681151996962;1.103913513134162
526;-0.6867086790721207;-0.5506834127638853;0.5620823448271661
527;-0.6854793259505316;-0.5514017892405061;0.5669568465617066
528;-0.6841438421119641;-0.5954269404885824;1.1662274604277976
529;-0.6810955652537647;-0.5405573042314806;0.62671814788577
530;-0.6782382678781832;-0.593815428492366;1.147177719268602
531;-0.6756193478043528;-0.5647656336417101;1.3235493368801718
532;-0.6728449657277238;-0.5555439559584238;0.5932477575051458
533;-0.6699467169092787;-0.4494945437078855;0.8609918422811597
534;-0.6653357785362606;-0.564388000817176;0.6393026198652408
535;-0.6605686189974773;-0.5663934947290148;0.6348728597937545
536;-0.6555878302018787;-0.45174558211611937;1.1815837455104465
537;-0.6503278803898198;-0.46171983703020764;1.1689102349633618
538;-0.6446547683380506;-0.4716798131241312;0.9017786342605004
539;-0.6397195365121606;-0.5806904295555255;1.0538667495637029
540;-0.6343443204311002;-0.46665801283198166;1.1574787649496956
541;-0.628349237818606;-0.4784847927565492;0.9287485417109459
542;-0.6219058064827888;-0.583071921315355;0.6829394128713813
543;-0.6155774191119237;-0.5610485684948774;1.212584155722054
544;-0.61023646760025;-0.5715993603182452;1.0062471226967622
545;-0.6042868722788763;-0.5891275266588938;0.6723504668039895
546;-0.5976382359540984;-0.47247178269985435;1.1492409468556173
547;-0.5905541689579143;-0.5924996236862804;0.783780828143959
548;-0.584682764109558;-0.5662016044524242;0.9751481201252546
549;-0.5788953962004928;-0.566634138074422;1.1784856376672237
550;-0.5717600358968905;-0.6221852432030517;0.6987328547217477
551;-0.5659384970984808;-0.5640663560060092;0.9567524891375905
552;-0.5601330401537008;-0.5765038411411401;1.20765628419321
553;-0.5538769897790319;-0.615907378224804;0.7121917805622425
554;-0.5472887289691554;-0.6084840157258548;0.8185908520805874
555;-0.5420863912522905;-0.5625246182584461;0.9386442917869364
556;-0.5365072464718907;-0.6135591930188985;0.8256402222725618
557;-0.5306266363867016;-0.616342785338064;0.828668322028282
558;-0.5250110322392537;-0.576171692833545;1.1447716727968493
559;-0.518689084703051;-0.5326357200944929;1.02681305932825
560;-0.5126811082487636;-0.5871109838311825;1.1835769711884747
561;-0.5069821856649092;-0.5888673856467774;1.1818404441793442
562;-0.500611078137136;-0.5293694761952275;1.0377137176192703
563;-0.49466306524061526;-0.5931881115774509;1.1792668894784828
564;-0.49016248172840676;-0.5517725899005653;0.8269867471618543
565;-0.48508933866665394;-0.537265405522359;1.1110005523631703
566;-0.4803572246225333;-0.6001495605961729;1.1775065851018762
567;-0.47513657068357;-0.5565985702972751;1.0334597999154316
568;-0.4698984849548781;-0.6628635052874916;0.7138971109039968
569;-0.4643554472513859;-0.5433862638398228;1.1300694121624846
570;-0.46011869700627017;-0.5479829900072404;0.8314209834108103
571;-0.4562642002747437;-0.6565857414758087;0.739214898179
572;-0.4519928131301428;-0.5701184627312312;1.0298327511527947
573;-0.4481907091402527;-0.6595344534267624;0.737146133925235
574;-0.44465606672408925;-0.6002002125723331;1.1421898517808287
575;-0.4415300173867636;-0.6633289847900671;0.7344211906414151
576;-0.4379678746995053;-0.5809458824145648;1.024506662995376
577;-0.43458629930129283;-0.6143557352175543;1.1874771284186054
578;-0.4307524499777776;-0.5748749919687046;1.0279734873776365
579;-0.4270874814577917;-0.6777751335898159;0.696849161645813
580;-0.42351276530262577;-0.6759704202624517;0.7084093057751584
581;-0.41974774210896054;-0.5765025882469965;1.1447033354248928
582;-0.4164773589990013;-0.5418697098116453;0.8514519013795864
583;-0.41352665597902294;-0.542781795690134;0.8531611861728742
584;-0.4105789510029954;-0.6179203969703377;1.2007412169748517
585;-0.4073436816245103;-0.583054573829472;1.1544533423911085
586;-0.4044377204850188;-0.6866934950632994;0.6823420797663006
587;-0.4018208495373652;-0.6843460459410519;0.6953068983749473
588;-0.3991038535111515;-0.5950961800351977;1.0125604784794227
589;-0.39718331843294596;-0.6801434640492997;0.7076705006510859
590;-0.39570483500030473;-0.6881802101267454;0.6915671711677592
591;-0.39421468198325144;-0.5867334694047024;1.1776966670253628
592;-0.3932067784985646;-0.6932846565481168;0.7942031214097627
593;-0.39230143145277624;-0.550046189692423;0.9597812064002501
594;-0.39177674484833636;-0.6186181343741517;1.2152560465695585
595;-0.39149550552041323;-0.5634296834078396;0.8673136513786585
596;-0.3914494650650009;-0.5669848658016909;0.8679437938147878
597;-0.391965178882704;-0.6971641974104272;0.7889374132534452
598;-0.3928393286847898;-0.6074924559637932;1.1784629860842397
599;-0.393929266246961;-0.5902562238942303;1.1680065022449266
600;-0.3954081869541885;-0.6111502332018535;0.9955960539169826
601;-0.3973068410227543;-0.5954487732477063;1.0010599627162209
602;-0.3997040087265187;-0.6158446426626418;1.2172483610986338
603;-0.40275094809176654;-0.6752813296086847;0.6957791007377813
604;-0.40626524685869936;-0.6894839770591866;0.7236618553568179
605;-0.41000698819589704;-0.6791193962659681;0.6768397561294686
606;-0.4138789304110667;-0.6042878859586513;0.9912619562269019
607;-0.41786609176893397;-0.6028293927984862;0.9901723381825033
608;-0.4218758344293395;-0.5946665849607446;1.1771682946824913
609;-0.42568712997405606;-0.5792931906044956;1.1603417157736837
610;-0.42963610457037393;-0.6859453111847802;0.7217384521341645
611;-0.4336178129287759;-0.5965872365710114;0.9840067426517527
612;-0.43735648455584697;-0.5781526675667646;1.0996995585828695
613;-0.44112531838981683;-0.6684972634712261;0.6933807484660128
614;-0.4449202831983991;-0.5919964208709965;0.9770511600909615
615;-0.4487587476569059;-0.5906752563824692;0.9742331306562034
616;-0.45224710414563035;-0.5704011657058773;1.1562761265390809
617;-0.45587439006436004;-0.5696685845447585;0.9719014485033041
618;-0.45945407894236967;-0.6572572316082069;0.6867548553816465
619;-0.46276880250368463;-0.5704859786442146;1.1064078794162444
620;-0.4658245879007013;-0.5690160187890188;1.1656405520444575
621;-0.4684542602213499;-0.5862790496462589;0.9980757104346294
622;-0.47095143436501485;-0.5657820961998727;1.1567940987361562
623;-0.4739364737254685;-0.5589651401438747;0.9460037096895397
624;-0.4768370962909986;-0.5657062458044512;1.15767171156871
625;-0.4797000110078286;-0.5685007081430983;1.166162234842655
626;-0.4832591202474485;-0.6468697101066501;0.6824706891596055
627;-0.4866916714261359;-0.6090684582924079;0.940540590413877
628;-0.490273140047539;-0.5764915863866517;1.2216550556137329
629;-0.4946847304825956;-0.6489119519437818;0.6973035721156013
630;-0.49993139735384606;-0.6338675996128206;0.6805191225696976
631;-0.5052335632759907;-0.562298176461512;1.16195479275296
632;-0.5106211073580288;-0.5720396357359141;1.1932708079359036
633;-0.516073742683911;-0.5702451733572694;1.1344606500348833
634;-0.5216469145330923;-0.5709286911185458;1.1935851557569666
635;-0.5281593476170077;-0.6132939307282969;0.682141640690999
636;-0.5345908158148527;-0.6063189073892232;0.9903214092489476
637;-0.5416558731019167;-0.5343565267965211;0.8587672363231995
638;-0.548734205951664;-0.5505441008258217;1.1657490678771498
639;-0.5557700243548711;-0.5650846318774084;1.1446424603444094
640;-0.5627652514357526;-0.5637368024533947;1.207285187625363
641;-0.5696906007211477;-0.5635719526816889;1.188337933127719
642;-0.5768708376296878;-0.5839360403561493;0.6905298622721829
643;-0.5838841147016974;-0.5600862699308422;1.1982235286786829
644;-0.5906490055223653;-0.5937108121505209;1.0336813933249602
645;-0.5971737458398847;-0.5922372895445017;1.0385673998702876
646;-0.6035279116654313;-0.5318415148892959;1.1673517245784746
647;-0.6096180892356478;-0.5896971094779626;1.0477950805591703
648;-0.6154470793347588;-0.5558329115894537;1.1722011712713836
649;-0.6210045791099945;-0.5873581557518365;1.0561836799896323
650;-0.6263157384406431;-0.5838554009088229;1.102074284829638
651;-0.6312804377376486;-0.5504818336284582;1.1637248447015296
652;-0.6359995435489831;-0.5824921391257474;1.1045671925939142
653;-0.6403927306282932;-0.5152235194763823;1.1649679300255313
654;-0.6445129417651109;-0.5822678393274514;1.0725662027252607
655;-0.6482584416421819;-0.511351358551476;1.163259760970759
656;-0.6515986577802314;-0.5098649459301506;1.1621814830869894
657;-0.654509384623988;-0.5482901160394895;1.1353465607302853
658;-0.6574822291880286;-0.5234244261404296;0.7195892122815759
659;-0.6602561611690917;-0.5094547927850999;0.7252881843409911
660;-0.6625744744684248;-0.5466473814544667;1.1302555650700397
661;-0.6648094415241083;-0.5045038494871291;0.7104496387642389
662;-0.6667565743307352;-0.5718014606528748;1.0966712908370675
663;-0.6682080901842362;-0.547133707561888;1.1001143911081133
664;-0.6694138083358905;-0.5676366675159282;1.0783945931139194
665;-0.6701424143055614;-0.503274227551482;1.1437872841368586
666;-0.6706602779780966;-0.56803015712342;1.0824269434195706
667;-0.6707258545307422;-0.5030895192766753;1.137239315839939
668;-0.6699110890857174;-0.43775105573359013;0.7590270853719774
669;-0.6687235519109737;-0.5501053828730795;1.0562744302800462
670;-0.6676615328419978;-0.5007640903976;0.7668801678249344
671;-0.6662395797485514;-0.5053185955845916;1.1214260522225374
672;-0.664486006876488;-0.553704976206188;1.031711881361785
673;-0.6620959511234448;-0.45505206081399907;0.8772809269489195
674;-0.6597081345108101;-0.5649675380277804;1.035410224991417
675;-0.657062429860052;-0.5586284196778104;1.0058998818185292
676;-0.6541018515733606;-0.5559396085349828;0.9766624952173618
677;-0.650975685646489;-0.5603730752345552;1.0293014636420204
678;-0.6479114155984758;-0.5663576927644399;1.0043857759512436
679;-0.644653648455313;-0.5060595707998821;1.0719939437202006
680;-0.6414751619259637;-0.567618220549731;0.9874308458646787
681;-0.6375669574895073;-0.4681326552745424;0.9469380892236207
682;-0.6329951272785465;-0.47095885164728146;0.9556911444702457
683;-0.6277509747428296;-0.47166942246183124;0.841207933024316
684;-0.6218219126513628;-0.46700919436041494;0.8562443468202865
685;-0.615641131356391;-0.497167775278357;0.9404775040543418
686;-0.6095669657972638;-0.5817381761216649;0.8867290217848693
687;-0.6030905669396694;-0.49363138754751457;0.8763731689238212
688;-0.5962961724867071;-0.4997443394624482;0.8859863138236993
689;-0.5900546283239637;-0.5753104022689037;0.9007930457346109
690;-0.5844171070191755;-0.4986185420299448;0.8382638544917485
691;-0.5793646102852593;-0.5008592748045291;0.8944546097733092
692;-0.5745905329064893;-0.5940960384644064;0.8892856825763001
693;-0.570013603712997;-0.6038032573514751;0.8373721171283455
694;-0.5658495931410515;-0.5567313038055446;0.8705715470602068
695;-0.5612781724236264;-0.5247617564902168;0.9696586235017204
696;-0.5570925069011406;-0.5570758820898941;0.8477431480769212
697;-0.5530634298172168;-0.613217969331513;0.7950013909791054
698;-0.5493104477900684;-0.5828658750316592;0.7961240542762894
699;-0.5454841189313302;-0.5517767429859993;1.0080211164014286
700;-0.541754890439436;-0.6183723111270707;0.7524941220305286
701;-0.537776090071449;-0.5518161298713282;1.0389844953997662
702;-0.5334282446483057;-0.5572195091636414;1.1444108363204686
703;-0.529419100503799;-0.6155803679662224;0.7580267606629122
704;-0.525088839977899;-0.5653106872050468;1.1655244117796761
705;-0.520630544635304;-0.558633844625037;1.0998569610732372
706;-0.5162724099721884;-0.570825276580137;1.0975511233614694
707;-0.512299944788123;-0.564653424568856;0.7131438567743192
708;-0.508646596433266;-0.6364450064421937;0.6680483031578179
709;-0.5053665534832403;-0.6377633336565764;0.6574964104756109
710;-0.5018144928881103;-0.5914078202197577;1.2304092582337756
711;-0.4982363285566058;-0.5859292802615884;1.176854560238092
712;-0.4951168925814571;-0.6265093253630836;0.640736066797251
713;-0.4919116655984344;-0.5845277747472845;1.2100577945539066
714;-0.48905284258119136;-0.4989145646138064;1.1053610695689533
715;-0.48661208330569306;-0.6282274696492829;0.6018647035089683
716;-0.4844881446159452;-0.6488965158805668;0.5822939416460753
717;-0.4824218961087861;-0.5628211042524005;0.7396631471084649
718;-0.4805340026803152;-0.4972520280353825;1.1472820933515608
719;-0.478674672719568;-0.5641250450876633;0.7174062587238696
720;-0.4765085584772673;-0.6212676237088569;1.3389990310611382
721;-0.47467408125764;-0.653264292969961;0.5302198910826464
722;-0.47264752723008163;-0.6229757587631657;1.3512440834816186
723;-0.4705905267575502;-0.6076554514513465;1.3227187036728916
724;-0.4688130144928372;-0.5596275784057422;0.5201751991757648
725;-0.467371670342381;-0.6542280038060607;0.4901598154027539
726;-0.46625766808189384;-0.591593562359769;0.45469130888557097
727;-0.46512065011341447;-0.5655463566394887;0.6313608624961589
728;-0.4643442061373347;-0.647589752819288;0.44484269057300274
729;-0.463470165933753;-0.616541429490377;1.395239544347359
730;-0.4629599958824287;-0.6473163694825167;0.42474665162312464
731;-0.4622667229457154;-0.6386170886991912;1.4497212130352097
732;-0.4618320796691558;-0.5548115509815986;0.4506380855894504
733;-0.46172492681378235;-0.6549430923057374;0.41415557998189123
734;-0.46156592932068197;-0.6206005079997995;1.4517204590772679
735;-0.46126104514982413;-0.5000498821008722;1.3155812212650724
736;-0.4614391931477366;-0.61890627012296;0.36512188867629713
737;-0.46208759216115375;-0.6177621006798353;0.3555668189188914
738;-0.46319873571553183;-0.6170783560680108;0.34613242746056283
739;-0.46419572047394786;-0.5571133637840893;0.5134857573302334
740;-0.4652638910125517;-0.6213290591150312;1.5157126466985513
741;-0.4664166502482687;-0.6416933951823109;1.5528392341092863
742;-0.46805327192645774;-0.5443995676338708;0.3849999890169131
743;-0.46973318735689423;-0.6021256632048744;1.549281302685858
744;-0.47166968287631317;-0.6195714916443625;1.5565406843325533
745;-0.4738050607153865;-0.6450419430512102;1.5904806084822223
746;-0.47572460104722103;-0.4748349403142497;1.3084401493341198
747;-0.4775866162664925;-0.501652959999301;1.4247296306337636
748;-0.4802238525261216;-0.5290087630760139;0.35707550097172236
749;-0.4830759336236148;-0.5989294557188888;1.5972320035406904
750;-0.4870037589546754;-0.5500069644285492;0.2733556325179899
751;-0.49129508999109855;-0.6179920077414977;1.6220571345777053
752;-0.49535565923020036;-0.5025505047444719;1.4662701392093487
753;-0.49977294015739304;-0.6329469965798722;1.671950638807529
754;-0.5038370553521588;-0.5031832870057577;1.481170542552751
755;-0.5088476078505209;-0.5806483079262965;0.19717720217607693
756;-0.5148334120097036;-0.5189276470960474;0.24803004769413695
757;-0.5201206856282166;-0.4974409203382121;0.3857963615898563
758;-0.5254072584125735;-0.6163107587027722;1.7138221777978546
759;-0.5295858572468287;-0.472791707496911;1.3953388927795916
760;-0.534201005074892;-0.47587153899549917;0.32735508678560155
761;-0.5381915406518719;-0.5588164982270984;1.6581635120258147
762;-0.5412603995285683;-0.4873497424015783;0.34919222874372846
763;-0.5450034845499638;-0.4775156606803495;0.22859481009714866
764;-0.5488244583078986;-0.45663588008421546;0.3219054260052925
765;-0.5517147170662957;-0.5587759880461405;1.6609179819467905
766;-0.5551782312196426;-0.5309049689033837;0.1488473884927355
767;-0.55900996889344;-0.47548841240309914;0.17559471235046198
768;-0.5624234778218734;-0.4409543476400925;0.3177898805307262
769;-0.5640518373831751;-0.4668217043146819;0.3596983954876325
770;-0.5640825020503302;-0.46973680678572094;0.3440198365201641
771;-0.5628892317812093;-0.5488228527456265;1.6574714223793645
772;-0.5612876965386134;-0.43099478180128736;0.31566182896816897
773;-0.5581518687213506;-0.47149885372268796;0.34905892153026097
774;-0.5538735693685458;-0.542190896907531;1.6558385193631318
775;-0.5489162918337586;-0.5771900200569554;1.7740107447446998
776;-0.5423233229618414;-0.503591518296929;1.5486960239704501
777;-0.5343553347390592;-0.5071860228859323;1.5481819931381713
778;-0.526133513027109;-0.5897081020973739;1.7582778430653747
779;-0.5194337020895212;-0.476499942823953;0.13967609032941597
780;-0.5131335596913672;-0.4322620421027088;0.21947859931819902
781;-0.5064669903027322;-0.5715247098801902;1.6276922440296553
782;-0.5009962888877264;-0.45047089008065927;0.14953701870536817
783;-0.49559954108491067;-0.4360407820330543;0.32244705793900763
784;-0.4915539211189015;-0.466262966549242;0.14634274636554145
785;-0.4883852875181668;-0.4489963488997722;0.15536861417008996
786;-0.4844023197269031;-0.5091637862877296;0.3869792494071861
787;-0.4797241500685975;-0.5117488899609896;0.40656864726902486
788;-0.4744969615779169;-0.5160904442524575;0.40907002661622294
789;-0.4693385553223037;-0.6136890023355165;1.7388293788838678
790;-0.4641842824281271;-0.6157874514423156;1.736881423666003
791;-0.45850068142585243;-0.5310180635961199;0.4156193379184856
792;-0.45259535875621015;-0.5275675709137337;1.413072862633391
793;-0.44776604366245004;-0.46333415334408534;0.1620846925636189
794;-0.44273733064547166;-0.6192634598727875;1.7477758600893085
795;-0.4385406683493966;-0.46454873051801826;0.16593385751679912
796;-0.43407945805736153;-0.5628451684873993;1.5302699077356139
797;-0.4303224419121957;-0.4669694799329988;0.1699933395828631
798;-0.4258482504496545;-0.5694221196114765;0.40879278178769074
799;-0.42069358516829003;-0.5729766803069731;0.4273368997393623
800;-0.41519225150631245;-0.6322510864429769;1.7329544913912485
801;-0.40976214158585544;-0.47960545344301625;0.32592596391457673
802;-0.4046466621716037;-0.486890772013827;0.1850560787870914
803;-0.39890713566035374;-0.5993122270717914;0.43190867912023456
804;-0.39351384993547045;-0.49763313271072024;0.188982983456918
805;-0.3884569137657295;-0.5038963107309514;0.1911421115368077
806;-0.38295228725923397;-0.6320847120207163;1.5702902994164871
807;-0.3778231410269237;-0.5170447280036462;0.1959416716932909
808;-0.37328664844121806;-0.5071019999095661;0.20071478501924656
809;-0.36887822582238194;-0.5653479508640749;0.2360098134945714
810;-0.36467335143667834;-0.5737763634203686;0.23739412347103983
811;-0.3607267026297837;-0.6684655873322654;1.62973877278443
812;-0.35710077708930626;-0.5899932810803794;0.24071281679519263
813;-0.3532297505984899;-0.6520710193468154;1.560424961812135
814;-0.3500166546593491;-0.5653495631874831;0.2187927062262509
815;-0.34717413857839047;-0.6629442301949049;1.662218585012873
816;-0.344593449437259;-0.5854248661453447;1.3722818549051747
817;-0.3424376199484629;-0.6636358690055961;1.6514280687986629
818;-0.34039147711016093;-0.6888984800521902;0.4641348019417262
819;-0.3390573004957603;-0.5856755289316528;0.24126433994317475
820;-0.33831096027362323;-0.6743500409976371;1.5936856789025184
821;-0.33785872804795714;-0.5583403727529622;0.3249071906655815
822;-0.33721192244673664;-0.6686254325073101;1.5389389426735653
823;-0.33705730474767004;-0.6069974364766216;1.4476376145158443
824;-0.33748708881043443;-0.5631862286478385;0.2851750415177088
825;-0.3382406955666666;-0.6639822498639889;1.6013055900775663
826;-0.33950008627046147;-0.6732878828481;1.56133481624292
827;-0.34090959095334555;-0.5889299712277148;1.317109244029003
828;-0.3426709470074478;-0.6411984146357854;0.295422309132949
829;-0.34448335816376685;-0.7164570071368168;0.4855299668105926
830;-0.34640116314035974;-0.7174695598852523;0.48924077463137716
831;-0.3484868784834007;-0.5846082509023922;1.2961360544572627
832;-0.35059976832104156;-0.5677577711968634;0.3006875274567107
833;-0.3530279275793588;-0.5957823371578044;0.3214666314927833
834;-0.3556015538205364;-0.721339776545892;0.5026269768371345
835;-0.35815744479175987;-0.653182839582382;1.5301136478301172
836;-0.36070456869304907;-0.5680586744070988;0.3212573477575671
837;-0.36296885337995566;-0.6648739677368541;1.487072579227823
838;-0.365634939373108;-0.5970997371263741;0.3474592724562344
839;-0.3686149699020359;-0.5743980235960364;1.3596790799009535
840;-0.3715782838211832;-0.6450291788344223;1.5017200084866895
841;-0.3745425333392456;-0.6438181132092402;1.496804873295757
842;-0.3778918224751393;-0.6385233416199341;0.35116067323921707
843;-0.3816433578440343;-0.646560326694035;1.4757905082548821
844;-0.38528877333367145;-0.5525067710960934;1.2506445908006694
845;-0.3888093043503833;-0.6406374208966328;1.4790044896426173
846;-0.3924433844195486;-0.704817599618119;0.5364225381240485
847;-0.3959080535912228;-0.5461517006564611;1.2450878494567452
848;-0.39953042215063955;-0.6426247168392288;1.4583591341381028
849;-0.4031970072371803;-0.6430542746031278;1.4546984381197121
850;-0.4065496664691724;-0.5412806641613698;0.3899757332195818
851;-0.409446246612427;-0.6261868757002931;1.439862367132763
852;-0.41206535549373313;-0.5318129323553711;0.45429810702449713
853;-0.41442938754753533;-0.5303139553737438;0.46027849416175326
854;-0.4165561485223129;-0.5379931765131702;1.230977300400871
855;-0.41860081515719905;-0.689249581515349;0.5404289094250561
856;-0.4205507942694594;-0.6456251326131465;1.4228809256027761
857;-0.42225335290666205;-0.6436695044869332;1.42828241869588
858;-0.4234676989428868;-0.5131840083562124;0.4650540274183017
859;-0.42446179542797113;-0.6461242728948302;1.4154107593576108
860;-0.4253075101822068;-0.5254362476792386;0.45641034735949804
861;-0.42605866626451633;-0.6867818733621978;0.553440589514756
862;-0.4265225441622046;-0.6031525248760952;0.43295359740888195
863;-0.4269825080997672;-0.6565505020389139;1.3807931819697565
864;-0.4275024811958076;-0.522867003482049;0.5327420760401339
865;-0.42811139849148794;-0.5257470449078923;0.49245653541539125
866;-0.4289111726929306;-0.5247019209737972;0.5448519669372996
867;-0.42989746644484494;-0.6364181152035879;1.3525836163220526
868;-0.4311782938846993;-0.6352102209829613;1.3463664217230589
869;-0.43229977291572746;-0.56145249579672;0.5058786676467129
870;-0.4337562646765174;-0.5306090577352403;0.5233610064196186
871;-0.43509260844897035;-0.566751346436111;0.5171145066358364
872;-0.43702200795914725;-0.6882746724818609;0.5853397165705705
873;-0.4395105176513628;-0.6449153036296795;1.3284996383643253
874;-0.4426049649322868;-0.6223536753790315;1.3129785337900075
875;-0.4463681250139302;-0.6870803500669044;0.5921511837818249
876;-0.44996026969575054;-0.5799537023632194;0.5421609070524785
877;-0.45424573607709184;-0.6948210800220384;0.5824135189674937
878;-0.4591371738590081;-0.6530037320138662;1.3067179959953317
879;-0.46441796867874646;-0.5349380324624328;1.2084105762672472
880;-0.4700832067775179;-0.5099089227794161;1.1551587524062887
881;-0.47620138375142196;-0.5796778633211523;1.3116877839178054
882;-0.48249708185712736;-0.5148472262734451;0.6122101232905317
883;-0.48898093849438123;-0.5302637828952008;1.1955808989515686
884;-0.4960288590206234;-0.684175069835673;0.5985556792914327
885;-0.5030355582773919;-0.5064631381810002;0.6245280609572135
886;-0.5099996567726608;-0.5263195478314764;1.184482961464703
887;-0.5170463483634843;-0.5565846106610344;1.2845245990637728
888;-0.5237252579836194;-0.511095983419041;0.6122351716176323
889;-0.5308134179886921;-0.6569398384160134;0.6283281883602463
890;-0.5378207053969621;-0.5939158362571941;1.229595999091874
891;-0.5440096247594646;-0.5781915790418302;0.6323620935301961
892;-0.549648873193508;-0.517274322054259;1.1540475628195455
893;-0.5546654016423438;-0.4878181991580502;0.6698819557138957
894;-0.5593892513695508;-0.6135808823347603;1.204746183565768
895;-0.5633522262966991;-0.4864818742272971;0.6847331051876133
896;-0.5668260520649692;-0.5446247082600784;1.2140183937444768
897;-0.5693225320407413;-0.48820630095340817;1.0912901146024125
898;-0.5719581833153156;-0.6266908961631172;0.6825736632184487
899;-0.5746510638764626;-0.6114166157988614;0.7008324983705477
900;-0.576348726455418;-0.5027882497338246;0.7195105091649312
901;-0.5771995478007784;-0.5169904463655122;1.1483958113377135
902;-0.5772528819817444;-0.5817550035416802;0.7592002421784404
903;-0.5763825650194583;-0.555661254561647;0.8070558256074615
904;-0.5747032881749708;-0.4922546876073429;0.7656371893275922
905;-0.5721254754585592;-0.5303453790790149;1.0334612307278723
906;-0.5689186306594751;-0.4992447127510209;0.7855639968004531
907;-0.5651635654888921;-0.5036970871415956;0.7956038356470356
908;-0.5607598682444184;-0.5417437904146248;0.9972890897982982
909;-0.5558731374805435;-0.5192496360211072;1.0385628719853988
910;-0.5507117749649824;-0.5185092727700599;0.8256315930943957
911;-0.5460447911765574;-0.5754432231095348;0.8490858232472683
912;-0.5409194860670816;-0.5251313964577704;0.9983411540573247
913;-0.5352556211118084;-0.5577362985816157;0.9297853671146584
914;-0.5295483816636278;-0.6277732603061856;0.9251869906800785
915;-0.5236413288443711;-0.6049383373201487;0.9055035883948104
916;-0.518062974791917;-0.623887456114044;0.9512463372447822
917;-0.5126076604586065;-0.6421269863549592;0.8847698590157643
918;-0.5071754262739674;-0.5841165233564828;0.8783090551913928
919;-0.5017266840477723;-0.6004741119669638;0.8617497431557533
920;-0.49662439789159696;-0.5657923126323623;0.9446087604249613
921;-0.49167599579803367;-0.5683584413615235;0.8607793671154597
922;-0.48705463790564657;-0.6487845670103096;0.827533644610664
923;-0.4828503685946858;-0.6250536538618042;1.0445598073018383
924;-0.47893406136932065;-0.6341599725859577;0.8168472482448678
925;-0.47578583646780964;-0.634397152499943;1.0050770919843297
926;-0.47294929296841104;-0.6121149455395117;0.8027122689069828
927;-0.4705475830403698;-0.5541865019552977;1.0285502574041536
928;-0.4684419276610747;-0.5800816569609406;1.0069303499021878
929;-0.4667043879184157;-0.567692575295069;1.0463084825066544
930;-0.46504271771676303;-0.6189639903375415;0.8288377856650304
931;-0.46357390236850243;-0.5589585911276249;1.0612171617053996
932;-0.4622225115976507;-0.5645472901531418;0.9913086033277824
933;-0.4609234692464596;-0.6280905730776452;0.8119659703959683
934;-0.4596363760747854;-0.6442344249821466;1.1179854588842912
935;-0.45848423591303944;-0.6177633003642377;0.7405864290731119
936;-0.4573916084671281;-0.5741206608143827;1.0977716072614754
937;-0.45631745280092684;-0.5779985018034504;1.10469744518739
938;-0.45553034525525166;-0.6774876948852558;0.7340666878758638
939;-0.45459062045223;-0.6524653380928856;1.1434327292737188
940;-0.4537142695223548;-0.6474463211922478;0.7789959188549017
941;-0.45288101032745026;-0.6167693156051648;0.7064127676697783
942;-0.4520411497685349;-0.6131546107813357;1.1411728748119427
943;-0.4515338055225721;-0.6821807096842949;0.7115371881268411
944;-0.45073301937595056;-0.6594448042617407;1.1669884014570409
945;-0.44977477263704213;-0.59205066458252;1.091197556126405
946;-0.4487542981586809;-0.6292848057527307;1.167455748422358
947;-0.44776042735066135;-0.6500535078602427;0.7542739849304269
948;-0.446509519938666;-0.6769870362345571;1.181331409073003
949;-0.44565778801918143;-0.6821673558177758;0.6865450072325493
950;-0.44465980645823316;-0.6331813192261736;1.189096850274761
951;-0.44337508541751675;-0.6008428290842712;1.1145083119750636
952;-0.4425002809994574;-0.6883647098126175;0.6542223018871774
953;-0.441437094208506;-0.6920666232897594;1.1878957375373975
954;-0.44020273151330147;-0.6948617811813089;1.1929238145232641
955;-0.43921692751561714;-0.6727676686374766;0.7188940801240986
956;-0.43842048255057436;-0.6637071039949375;0.7208819930185879
957;-0.43760687055359365;-0.6176692051475231;0.6288583228860412
958;-0.43673211129122347;-0.6020035481935325;0.647422517805817
959;-0.4358547850362636;-0.6622700883221688;1.239400646678429
960;-0.43495677127282256;-0.6046708126185804;0.6399525962564956
961;-0.4340678799551757;-0.6063742081828997;0.6364093274590312
962;-0.43358669091988467;-0.6713641422751746;0.6981594979621115
963;-0.43371894249187015;-0.6752118035744975;0.6430894634996418
964;-0.4337188633199206;-0.7056109295814698;1.2429837103371149
965;-0.4334773281805473;-0.6256279594550618;1.1620540942635638
966;-0.4333489419256056;-0.615385483463851;0.6204922478676997
967;-0.4334304469674104;-0.6325208097541202;0.5956256140798305
968;-0.43336305884437526;-0.6317288572304719;1.1715166573918077
969;-0.4331969955008022;-0.634283938999572;1.1746298806755837
970;-0.4337641165063365;-0.6726048485398799;0.6654386265558518
971;-0.43519392347475155;-0.6687847263729918;0.6309046448140713
972;-0.4369472397449533;-0.6544266109213996;1.2912761877686734
973;-0.439348793100905;-0.6709021290714547;0.652210733525344
974;-0.4423674376780829;-0.6804930000133257;0.6379200309007811
975;-0.4461020722959828;-0.6651336765270214;0.6276248193347351
976;-0.4495287383997051;-0.6426978599161054;1.1962730869483924
977;-0.45310011904255826;-0.7045413213310232;1.2680715489517196
978;-0.4566387287362362;-0.623948108247073;0.5873178635278234
979;-0.4602553831256056;-0.6395469038363171;1.3128114531619781
980;-0.46396258275571023;-0.7000742570807459;1.272427229542294
981;-0.46729203992037743;-0.6445645903587041;1.2123265969616421
982;-0.47115294601017765;-0.6679987751646288;0.5811136416104634
983;-0.4755907352924164;-0.6502256706330813;0.6221965004050306
984;-0.4796458998514517;-0.6193713742167044;0.5667356293928663
985;-0.48401957176005284;-0.663909830267947;0.5812278029595295
986;-0.4878867446001127;-0.6186946361991894;0.5590745163134305
987;-0.4908951216040702;-0.6333621654595997;1.1919683716454288
988;-0.4942416104413581;-0.6579465747486118;0.5711598997304004
989;-0.49790052118624184;-0.6443984794113099;0.5782484429828663
990;-0.5019645635540606;-0.6375651356849086;0.6181397055256572
991;-0.5057874386221216;-0.6695164054085729;1.258040038582549
992;-0.5098306625787105;-0.6536136724521162;0.5663291893272686
993;-0.5141084101725238;-0.6379445102769101;0.567243373842517
994;-0.5177494254810874;-0.6801781578120957;1.3278592806452558
995;-0.5208371202160756;-0.6329048130008655;0.5158055121656691
996;-0.5236841009719354;-0.6586679304647574;1.2568802314467438
997;-0.526150162975759;-0.67029400409016;1.2875077320264454
998;-0.5291634227352543;-0.6257086052882934;0.6184373634758357
999;-0.5316898574834229;-0.6327839130598275;0.5072123860289899
1000;-0.5340341335086932;-0.6552158356307667;1.254352868391609
