0;-0.2684619816904732;-0.45383531008865863;0.8132468325848101
1;-0.276984830272772;-0.45208653519601244;0.7774597251956119
2;-0.28564277708828995;-0.45029537472244513;0.8195589635451042
3;-0.2944203736798807;-0.44846757711040075;0.7654407686871413
4;-0.3032929149745974;-0.4466132606302398;0.8447859580564272
5;-0.31223640026262145;-0.4447477279068023;0.7691780915598534
6;-0.32122861786249957;-0.44286525138593463;0.8159896893122675
7;-0.33024873807025223;-0.4410114681099101;0.8937489130203963
8;-0.33927737582138656;-0.4391376286793655;0.852655100292971
9;-0.34829523036676935;-0.4373363645056536;0.8443736112072322
10;-0.35728524137866924;-0.43550573465918824;0.931389596896111
11;-0.3662315248595991;-0.4337625194870708;0.9478811329295296
12;-0.3751192908364911;-0.4320486942665537;0.9618793691907914
13;-0.3839333530996858;-0.4304459120669165;0.9238529193826912
14;-0.39266080591102837;-0.4287864283182201;0.9901908483437428
15;-0.40128608310380787;-0.42733994299600875;0.964273185129156
16;-0.4097972938282048;-0.4257638631861279;1.0082396159031712
17;-0.41818123997027895;-0.42439004090409727;1.0329286921513432
18;-0.42642525016432004;-0.4230765962873816;1.0471073842187615
19;-0.4345153255756599;-0.4219332714494653;1.0502083211913247
20;-0.44244238348021553;-0.4207012327197822;1.0879044480202098
21;-0.4501977486886738;-0.4196526923135272;1.0889528066170504
22;-0.4577723326075144;-0.41869366804966035;1.102556237118093
23;-0.46515675924634864;-0.4178261333232288;1.1391674786408716
24;-0.4723430421830691;-0.41706292793108823;1.1290510201619977
25;-0.4793224892026811;-0.4163953715127259;1.1418848271849813
26;-0.48608630165631594;-0.4158288961176308;1.1544092661784888
27;-0.49262558903492626;-0.4153654158951434;1.1666032292866375
28;-0.49893144015612284;-0.41500678091731447;1.1784493914177685
29;-0.5049950244700958;-0.4147547474630576;1.189934601674049
30;-0.5108069930714529;-0.4146429997021287;1.2274012643408059
31;-0.5163597669096472;-0.41457718725551856;1.2117921579130335
32;-0.5216448035676262;-0.41467953244489764;1.2735013685392136
33;-0.5266546190512662;-0.41487234523207595;1.2868618623621606
34;-0.5313822395213629;-0.41519220072618457;1.2762531386048441
35;-0.5358210724427761;-0.4155794036819097;1.2851348689167281
36;-0.5399648488655505;-0.4161187941655652;1.354968529354104
37;-0.54380818706778;-0.4167925149862814;1.3104616915904497
38;-0.5473457768200154;-0.41754323309707553;1.349141494691393
39;-0.5505731009845083;-0.4184315700867666;1.3322256808238062
40;-0.5534859196288716;-0.41942279183813946;1.3428097381464967
41;-0.5560802881479541;-0.42046792569590274;1.3004942310619927
42;-0.5583525956776842;-0.4217161391788653;1.3517609513993367
43;-0.5603004659666103;-0.4230800120714994;1.3733643929007493
44;-0.5619226401799986;-0.42517605192549823;1.4565653142685586
45;-0.5632150330478694;-0.4260719628150722;1.4605656445182422
46;-0.564177867153011;-0.42867150299604234;1.465334112754344
47;-0.5648077839348961;-0.42947429371416457;1.3407954401087463
48;-0.565106286399147;-0.4313661887884811;1.3466747404427335
49;-0.5650747425775384;-0.4340811953278553;1.5018342132448956
50;-0.5647186261022378;-0.4355170220460257;1.505745159153817
51;-0.5640406864312603;-0.43840504275545467;1.5165546266707355
52;-0.5630511709260418;-0.44003180450352886;1.4858341891522615
53;-0.5617585369190661;-0.4423970184581594;1.3720822094151683
54;-0.5601753904607897;-0.4449218456326781;1.5001156773622626
55;-0.5583147435185886;-0.4474957884414748;1.4730691774530322
56;-0.5561900701436143;-0.45012523856210296;1.3838237940208393
57;-0.5538175042544156;-0.4528522683281961;1.3871082148889837
58;-0.5512151910741608;-0.4556550432011217;1.4904851669219346
59;-0.5484002522738436;-0.4584908934269742;1.3927022330569963
60;-0.545391976431289;-0.46139056820595015;1.4999984432499467
61;-0.5422089419856768;-0.4643245558598193;1.5040855463753495
62;-0.5388695897789525;-0.4672939994090971;1.540219610948117
63;-0.5353920017097507;-0.47029739241488644;1.4675175155712656
64;-0.5317937410986702;-0.4733126024901294;1.46904637901693
65;-0.5280914549271233;-0.47633187813388245;1.5157298451614332
66;-0.5243008604990771;-0.4793708300080265;1.5490375790265174
67;-0.5204366603905787;-0.4824105630063413;1.55003196447622
68;-0.5165203809615493;-0.4865065761175924;1.5582318171876715
69;-0.5125577173735448;-0.48848120702961545;1.400862542843689
70;-0.5085673891876067;-0.49235233466213396;1.5673414766718796
71;-0.5045516588682921;-0.4944954604725834;1.5185495423967432
72;-0.5005190564589045;-0.4974865586657752;1.5479251259444773
73;-0.49649018993313976;-0.5014889454549011;1.5543062668202603
74;-0.4924713589565834;-0.5044314186688185;1.552857175843535
75;-0.48845259621968523;-0.5063380720731446;1.5412400946743579
76;-0.4844505315973139;-0.5100946293686792;1.5586693283132806
77;-0.4804707079454567;-0.5131423193580447;1.5473922887730645
78;-0.4764992015803495;-0.5150044127606642;1.4488682701062343
79;-0.47254006263604376;-0.5178767512602481;1.4958135079719652
80;-0.4686109093073199;-0.5215433869046082;1.5490969523509894
81;-0.4647176325355669;-0.5245047171152861;1.5377160985131244
82;-0.4608489773792227;-0.5263749814442479;1.4299437557527412
83;-0.4570263136642671;-0.5299713716521851;1.5401495772876426
84;-0.45324503367721675;-0.5320045789567336;1.4995018347709628
85;-0.44951682363283224;-0.5347776622079573;1.4124815532771962
86;-0.4458547310105935;-0.5375694320022706;1.486463484663399
87;-0.44227171121304565;-0.5403137724218848;1.3392665811997362
88;-0.43878131578524726;-0.5430540129411678;1.3334262781156236
89;-0.43539686270586264;-0.5457666778564706;1.385560986647314
90;-0.43213074778555266;-0.5484652949831645;1.4925100381060212
91;-0.4289938641799166;-0.5511181710387199;1.417007429213063
92;-0.42599547679073246;-0.553737132113447;1.308145759438969
93;-0.42314340709829873;-0.5563240324525558;1.3013715385529308
94;-0.42044785120127376;-0.5593558859958118;1.4904308020945845
95;-0.41790656622308187;-0.5613814623657083;1.4177216568056252
96;-0.4155219772416837;-0.5638625608096802;1.2799676795172203
97;-0.41329479840442707;-0.5662988762285188;1.4011602773495697
98;-0.41122666408708664;-0.5690768634279221;1.4726548067264382
99;-0.40931302810917275;-0.5710949340314713;1.3507686522432043
100;-0.40755472584601005;-0.5737788471907841;1.46315665907587
101;-0.4059488009050737;-0.5758064767056541;1.2403467244740214
102;-0.4044964378024066;-0.5781288820059822;1.2317531940802875
103;-0.4032013221867149;-0.5804247145898799;1.3155473421518618
104;-0.4020709127114027;-0.5827238637345806;1.2138354673038725
105;-0.4011169530897516;-0.5849814058326815;1.2479154417480522
106;-0.40035665586097824;-0.5872298502245619;1.3197690682038852
107;-0.399812698859125;-0.5894425872222605;1.2774871929619103
108;-0.3995132107352955;-0.5916114323766176;1.2673894709662077
109;-0.39949104894278403;-0.5937205369420724;1.2049157381410636
110;-0.3997829345021581;-0.5957626452663508;1.154293035228542
111;-0.4004269326364797;-0.5977003310582596;1.3079259523261655
112;-0.40146088666364577;-0.5995304652613941;1.2539016166076824
113;-0.40291982076006316;-0.6012277729708848;1.158002050606334
114;-0.40483566920871805;-0.6028384498840631;1.3594961489549497
115;-0.40722999720637176;-0.6041549242581032;1.0986843820083778
116;-0.41011882645342485;-0.6053622546006372;1.2025183088561338
117;-0.41351131297209853;-0.6063792769351053;1.1885580162776535
118;-0.4174103092817937;-0.6071950371074054;1.0625733246249547
119;-0.42181310935358407;-0.6078303596686274;1.193614144032021
120;-0.42671384720124006;-0.608269200190547;1.273897513880497
121;-0.4321032995510392;-0.6084902367143323;1.158596701263865
122;-0.4379714808041392;-0.608523453556216;1.092413899705052
123;-0.44430766331002086;-0.6083609204225023;1.0204458506533949
124;-0.45110069762970184;-0.6080020885761205;1.0609042192454219
125;-0.4583390033275852;-0.6074494258991424;1.0577561776741762
126;-0.4660103927512385;-0.6067039445960828;0.9717875470507163
127;-0.4741017770225268;-0.6057653144349138;1.0356841925907552
128;-0.48259883771673273;-0.6046363911344633;0.9994032433585893
129;-0.4914857265833024;-0.6033190801336354;0.9740730425212901
130;-0.5007448053815206;-0.6018162161132292;0.9580011706981897
131;-0.5103564376625576;-0.6001313677719013;0.9366956472124317
132;-0.5202988403868872;-0.5982693061374852;0.9150783542689575
133;-0.5305478604918068;-0.5962331001996857;0.8396956470605503
134;-0.5410772491179654;-0.5940379613728348;0.9476815958966344
135;-0.5518584521688216;-0.5916842907465997;0.8588867119609274
136;-0.5628606056037067;-0.5891837503323962;0.8134714320706876
137;-0.5740507294212739;-0.5865471976480274;0.8635680267898879
138;-0.5853937326265205;-0.5837866830905136;0.8007882766005086
139;-0.596852885978454;-0.5809145831714607;0.8089439264929639
140;-0.6083897503137455;-0.5779477910766256;0.7762297726094594
141;-0.6199647707521165;-0.5748950993677762;0.7569204960700981
142;-0.6315370821117456;-0.5717864438787901;0.6990363965243913
143;-0.6430658399443223;-0.5686154981168461;0.6504485814397425
144;-0.6545099510867161;-0.5654171055320706;0.6573376501560084
145;-0.665828731618896;-0.5622064253153511;0.6497365228951685
146;-0.6769823136572329;-0.5589970213235594;0.6653121302347447
147;-0.6879322786583946;-0.555801564171805;0.6252320102078384
148;-0.6986414128385108;-0.5526635105196264;0.6307926759980618
149;-0.7090751896190344;-0.5495539313602701;0.591518924935444
150;-0.7192015484143675;-0.5465194733301051;0.5688216807398394
151;-0.7289911880787314;-0.5435733547993086;0.567996517301719
152;-0.7384181930066112;-0.5407207603698094;0.5575630859406312
153;-0.7474602406431194;-0.5379763538731452;0.5479675902343877
154;-0.7560988793666185;-0.5353472809828766;0.5184527668928063
155;-0.7643195006665129;-0.5328645644754427;0.5826567172721695
156;-0.7721118250256207;-0.5305006990183683;0.5780323921138043
157;-0.7794698304407008;-0.5282628229468341;0.5170900835424235
158;-0.7863914490557429;-0.52618041325346;0.5110129119930273
159;-0.7928785138339217;-0.52424439868418;0.5327067966109865
160;-0.7989366533258204;-0.522461161596594;0.5636417400565714
161;-0.804574987913014;-0.5207934185564012;0.4959836792833764
162;-0.8098056234059343;-0.5192758589474747;0.4580552620968956
163;-0.8146432617209556;-0.5178992235028252;0.5202482781082378
164;-0.8191048642163613;-0.5166399476604802;0.5270337239812053
165;-0.8232091223842832;-0.515501012220053;0.45025766349129825
166;-0.8269759900143447;-0.5144788031588228;0.44648786040326194
167;-0.8304262528744499;-0.513563113422355;0.4374712318345251
168;-0.8335811170955969;-0.5127426498205155;0.5175333748667807
169;-0.8364618741346153;-0.5120135695130065;0.5093011785504976
170;-0.8390895534944337;-0.5113593397125236;0.508094314143779
171;-0.8414846414159547;-0.510771811033752;0.4167788343096669
172;-0.8436668790703001;-0.5102525757839161;0.5115444409210655
173;-0.8456551006954002;-0.509787790574147;0.427875943349349
174;-0.8474670931366847;-0.5093888098333037;0.5428218811409022
175;-0.8491194892486803;-0.5090033723044959;0.4244059137122682
176;-0.8506277649197992;-0.5086708114890759;0.5079449122321074
177;-0.8520062442157432;-0.5083681006538909;0.4161695684499934
178;-0.8532680948167968;-0.508091762166454;0.4202517612207406
179;-0.8544254120335117;-0.5078508801872702;0.5406450086162184
180;-0.8554891943422193;-0.5076159947593866;0.5403806482430129
181;-0.8564693905067307;-0.5073852357398205;0.41708003375631775
182;-0.8573750762242045;-0.5071791697181769;0.4606780523956485
183;-0.8582144773118261;-0.506982074734116;0.4603960411281953
184;-0.8589950370798713;-0.5067925196669044;0.5051085956164476
185;-0.8597234839391811;-0.5066085926075136;0.505024292740831
186;-0.8604059218038319;-0.5064315447549222;0.5009564479060886
187;-0.8610478308821115;-0.5062540542590415;0.500968139564958
188;-0.8616541162789224;-0.5060754254446754;0.45972670811203165
189;-0.8622293073664282;-0.5059069501708523;0.5397825130636509
190;-0.8627773760712205;-0.5057308738040414;0.5398694609114101
191;-0.863301764555618;-0.5055478887451966;0.4597853510448403
192;-0.8638057239265893;-0.5053757932799416;0.5401127636638178
193;-0.8642919096834647;-0.505190903226568;0.4049221098112241
194;-0.8647627376751257;-0.5050099066257692;0.40370491126044983
195;-0.8652204001963373;-0.5048317635608999;0.5406292036848945
196;-0.8656665296289343;-0.5046431459460691;0.46042114505198406
197;-0.8661025810131523;-0.5044576847979847;0.4606115323469344
198;-0.8665297219017085;-0.504271262746982;0.46081917136681405
199;-0.8669488490366837;-0.5040843198706019;0.5071474813561415
200;-0.8673606073654923;-0.5038974468475395;0.4032431682830143
201;-0.8677654047860921;-0.5037110725649698;0.5077599538857112
202;-0.868163437391945;-0.5035260569663447;0.4617930216398799
203;-0.8685547101129643;-0.503343074781107;0.4620652438087265
204;-0.8689390607404459;-0.503162903413778;0.46234617861616156
205;-0.869316188752447;-0.5029863898574275;0.40268251050284487
206;-0.8696856721522335;-0.5028142293360905;0.46292857205976445
207;-0.8700470101339735;-0.5026473917010001;0.40258433288715245
208;-0.8703996400408479;-0.5024865646843901;0.40255987838009477
209;-0.8707429663348003;-0.5023325231043654;0.5104612001263623
210;-0.8710763983883449;-0.5021860207557154;0.46413552055019536
211;-0.8713994123766026;-0.5020477845347326;0.5069934291264058
212;-0.8717114549197;-0.5019180386303662;0.46473697507519673
213;-0.8720120980800974;-0.5017975774445759;0.46503216631271027
214;-0.872301049978676;-0.5016867057078975;0.5079998322077683
215;-0.8725781547863267;-0.5015856627239621;0.5464132101274276
216;-0.8728432322174384;-0.5014942089123151;0.4072917670855165
217;-0.8730963612693909;-0.5014127970737698;0.5129692527275134
218;-0.8733377745484483;-0.5013410869858306;0.40775120229353934
219;-0.8735678876262984;-0.5012789782299228;0.5095350878730195
220;-0.8737872135219789;-0.5012255667564149;0.4084241951767147
221;-0.8739964610290551;-0.5011810397433373;0.510075441937929
222;-0.8741964257310038;-0.5011438079403042;0.46729183361789806
223;-0.8743881072985586;-0.5011151741503699;0.5486041487795257
224;-0.8745724800205619;-0.5010904348840551;0.4676532843703861
225;-0.8747506810620449;-0.5010729092410685;0.5109968273436679
226;-0.8749239018093843;-0.5010605243991064;0.5492525928680612
227;-0.8750932800858081;-0.5010483195406318;0.40953676396669103
228;-0.8752600126067719;-0.5010415233658705;0.5115364281860221
229;-0.8754252297522018;-0.5010342677360378;0.4682895659543467
230;-0.8755900196761374;-0.5010297679185642;0.5118230554073399
231;-0.8757553801065655;-0.501026021962824;0.550083298379918
232;-0.8759221418081848;-0.5010152082213613;0.4102426556604196
233;-0.8760910257273147;-0.5010060356538902;0.5150651995277398
234;-0.8762625899020259;-0.5009942800189505;0.5150548331600234
235;-0.8764372149855126;-0.5009794072326393;0.4105691008842177
236;-0.8766150990111318;-0.5009631413591057;0.5123609272268845
237;-0.876796239093983;-0.5009387822279733;0.4107530234004475
238;-0.8769804453657554;-0.500912566132538;0.5149052962192562
239;-0.8771673405837568;-0.5008823129028855;0.5148472262579851
240;-0.8773563737384774;-0.5008508786678098;0.5124999106956891
241;-0.8775468235734789;-0.5008101370800495;0.4685579827907643
242;-0.8777378258570584;-0.5007687175272939;0.41112522362020787
243;-0.8779283913449811;-0.5007242223942161;0.5145691645144048
244;-0.8781174292986295;-0.5006781645981555;0.4116324902452094
245;-0.8783037737610908;-0.5006280156432219;0.4684503536396625
246;-0.8784862096362231;-0.5005785768672114;0.4119260150403642
247;-0.8786635001196172;-0.5005268034392873;0.40718867064452413
248;-0.8788344212437122;-0.5004784198979702;0.51246023680879
249;-0.8789977630161318;-0.500424242147134;0.40749556209528714
250;-0.8791523781607808;-0.5003748341944287;0.41250764662540806
251;-0.8792971915346903;-0.5003253407160929;0.41161618273621403
252;-0.8794312272991149;-0.5002794580370237;0.5139297039158595
253;-0.8795536444600884;-0.5002407967849436;0.5123289193533977
254;-0.8796636904101333;-0.5001966881982405;0.46820806007689686
255;-0.8797607963892826;-0.5001651407910545;0.5122660428472547
256;-0.8798445603680136;-0.5001389091987565;0.5508213271572862
257;-0.8799146313140107;-0.5001023140175596;0.41342115305891414
258;-0.8799708577873949;-0.5000774150007814;0.4681295302958216
259;-0.880013288962489;-0.5000630823119327;0.5121291002602839
260;-0.8800420511797993;-0.5000440289617607;0.46809404418100486
261;-0.8800574514416811;-0.5000339476461794;0.46807652213860873
262;-0.8800599802431104;-0.5000326183756578;0.5120186389951376
263;-0.8800501740310838;-0.5000270557557613;0.40915472413463794
264;-0.8800287108625261;-0.5000279997777237;0.4119805111012006
265;-0.8799964395034646;-0.5000374702867149;0.5119030344806255
266;-0.8799541877756373;-0.5000411602715756;0.4119816373758175
267;-0.8799030539600514;-0.5000608840608828;0.5504311925936802
268;-0.8798440632882305;-0.5000731362950707;0.5503906618951537
269;-0.8797781614370845;-0.5000794164076271;0.4142144068996949
270;-0.879706427496053;-0.5000931184039039;0.5132493279261813
271;-0.8796299834526804;-0.5001086133136827;0.5132272690421201
272;-0.8795499547317259;-0.5001241303186048;0.41189549865685227
273;-0.8794674548324153;-0.5001391456800018;0.46783577570671664
274;-0.8793835721802506;-0.5001532374651944;0.4678145428435019
275;-0.8792995414005164;-0.5001726917859051;0.5501138136362675
276;-0.8792163507085673;-0.5001832391194613;0.5500778060830093
277;-0.8791347282893786;-0.5001857013121251;0.46775626422629446
278;-0.879055535524877;-0.5001921572857153;0.4117270352389997
279;-0.8789797543998491;-0.5002011459451421;0.549979807178187
280;-0.878907848113895;-0.5001970842530823;0.467712433534186
281;-0.8788404070271534;-0.5001953239121749;0.46770238708598433
282;-0.8787779196384986;-0.5001906997323344;0.5131153576027969
283;-0.8787208699095476;-0.5001848390477979;0.5113099248000477
284;-0.8786694542289396;-0.5001734767026043;0.41388430000303966
285;-0.878624033954105;-0.5001629507686449;0.5498438901031522
286;-0.8785844481472298;-0.5001454143904355;0.4089701646727367
287;-0.8785506692238438;-0.500128284898987;0.40894418054920423
288;-0.8785226662331512;-0.500110025196885;0.5112683891399268
289;-0.8785003503250965;-0.5000903264287998;0.5498048067679256
290;-0.8784832139498725;-0.5000683144978718;0.408893715870674
291;-0.8784709117191735;-0.5000468086636876;0.5132795742632278
292;-0.8784631728510554;-0.5000253671716972;0.5112851305539475
293;-0.8784594733759379;-0.5000043399978098;0.46781842853819966
294;-0.8784594176494658;-0.49998414930136054;0.4137774219164997
295;-0.8784625443050335;-0.49996541918073867;0.5134096667111285
296;-0.8784685350678827;-0.49994784353773203;0.5113328119980098
297;-0.8784768832875707;-0.4999333012619978;0.41162955212856067
298;-0.8784873308666608;-0.4999199845382074;0.511361986642322
299;-0.8784995564926745;-0.49990988685539417;0.5113766341517695
300;-0.8785132051739137;-0.49990342037722796;0.5135693275125376
301;-0.8785280989885942;-0.499899140320171;0.4680567101671318
302;-0.8785441574136432;-0.49989757907582016;0.4140592791529616
303;-0.8785613170770505;-0.499899470830028;0.46810951758318586
304;-0.8785796185171415;-0.4999039517039577;0.46813258240102995
305;-0.8785991727915115;-0.4999110996999875;0.41188107054451173
306;-0.8786201795488313;-0.49992042215805793;0.4142884525295555
307;-0.8786428411557797;-0.49993241238781944;0.4681847014762667
308;-0.8786674472935382;-0.49994578631985026;0.40954222196595513
309;-0.8786944623418573;-0.49995906361483244;0.5498621834614614
310;-0.8787240312647709;-0.4999766198263057;0.4096762895953122
311;-0.8787564717409442;-0.4999931812254685;0.4120585714122872
312;-0.8787922633097123;-0.500008335120075;0.5498311454980547
313;-0.8788316689836491;-0.5000246781573461;0.5498163351537158
314;-0.8788747508537722;-0.5000412689181077;0.5135940688915686
315;-0.8789217147721883;-0.5000553324133847;0.4148671682878453
316;-0.8789726407614644;-0.5000680592635472;0.41216403610392927
317;-0.8790275464355362;-0.5000787778137408;0.41218058273862745
318;-0.8790864247059527;-0.5000872605688232;0.5113021036929117
319;-0.8791490863166346;-0.5000935993643854;0.5112764247718427
320;-0.8792151652295832;-0.500097357693118;0.4680923632780901
321;-0.8792842705604631;-0.5000985983311117;0.5133547831958072
322;-0.879355983365806;-0.5000976401935797;0.5111946250423292
323;-0.8794296349349258;-0.5000936139664498;0.41226042041506616
324;-0.8795045650000585;-0.500087707762482;0.4106066451515268
325;-0.8795800244837217;-0.5000796409748468;0.4106687438132788
326;-0.8796552165735086;-0.5000698540533894;0.4155380243231739
327;-0.8797294303253971;-0.5000597805002224;0.5494731746715692
328;-0.8798016354305925;-0.5000458573035151;0.4156503326148341
329;-0.8798709151852993;-0.5000321151882556;0.46793012081640284
330;-0.879936423204222;-0.5000185609708505;0.41575734116636276
331;-0.8799974633588811;-0.5000063281146424;0.5493792485003477
332;-0.880053224278176;-0.4999927343458487;0.5493590883465693
333;-0.8801027581813046;-0.4999775835379805;0.467897403353446
334;-0.8801454148640724;-0.4999657961406134;0.4111590264322519
335;-0.8801807986522334;-0.49995709106898323;0.5493081144561043
336;-0.8802082024075966;-0.49994572323685005;0.5129850095747354
337;-0.8802272459021916;-0.4999383626443691;0.4678942484429147
338;-0.8802376602960291;-0.4999329631722108;0.4678973513800492
339;-0.8802393354252926;-0.49993000208416283;0.4161104753287569
340;-0.8802324315883281;-0.49993029626232766;0.5492572860345748
341;-0.880216772707898;-0.4999293679649766;0.41245973972366123
342;-0.8801925522495211;-0.4999323767119129;0.412464131375878
343;-0.8801601200708333;-0.49993762260638125;0.4161551391023396
344;-0.880119826692801;-0.49994422445258224;0.513027448389445
345;-0.8800721968662724;-0.49995281567738675;0.41135631017404806
346;-0.8800178082617496;-0.4999627142724897;0.4113398159150733
347;-0.8799572804868265;-0.4999737442771899;0.46796921481993614
348;-0.879891380595873;-0.4999857076518761;0.41607955338764235
349;-0.8798208405351722;-0.499998215462906;0.4112530348503698
350;-0.8797464214320898;-0.500011052657324;0.5131489635954095
351;-0.8796689724289786;-0.5000236889346429;0.41116564779445486
352;-0.8795893166316864;-0.5000360324930567;0.4111138801979314
353;-0.8795082405379855;-0.5000478969510336;0.4124047257982797
354;-0.8794266070900867;-0.500058274511297;0.415802793455881
355;-0.8793452923086953;-0.5000669663348389;0.5110367810448752
356;-0.8792648513796111;-0.5000764355197375;0.4123685390642131
357;-0.8791860023690885;-0.5000826857686351;0.41079049267843226
358;-0.8791093959234966;-0.5000872076041358;0.41553695597818197
359;-0.8790355862428032;-0.5000902002456855;0.4154647581951134
360;-0.8789650276026486;-0.5000917188920745;0.410562806892929
361;-0.8788981276368502;-0.5000910554315797;0.4104845299608646
362;-0.8788351821424499;-0.5000891377293075;0.468333638066577
363;-0.8787765021714515;-0.5000840292366648;0.41516896907906553
364;-0.8787221952674402;-0.5000794206385136;0.41232458996166177
365;-0.878672357669666;-0.5000724710032164;0.41233003001124324
366;-0.8786270129774798;-0.5000644331052799;0.46855430948030086
367;-0.8785861772682193;-0.5000543053317519;0.4148846439984497
368;-0.878549689071132;-0.5000460525633881;0.41236578092670984
369;-0.878517429729723;-0.5000356446003775;0.4098842179417841
370;-0.8784895645730488;-0.5000177391960686;0.5500737419075752
371;-0.8784656297247017;-0.5000129775791001;0.5119067039861168
372;-0.8784451996909572;-0.5000086481735666;0.5146658321876411
373;-0.8784280460166358;-0.5000009054261112;0.46910239274603394
374;-0.87841412099006;-0.4999896563821987;0.5121633241344359
375;-0.8784033951882333;-0.4999789839849147;0.5504371175178376
376;-0.8783952692814999;-0.4999856377830999;0.41259987416377986
377;-0.8783897707356934;-0.49997890538666157;0.5124367378303971
378;-0.8783866043773985;-0.4999838030301349;0.4695847097564543
379;-0.8783857107403712;-0.4999856004294044;0.5155415239305272
380;-0.8783870743006205;-0.4999891693876801;0.41276992123492084
381;-0.8783907212361124;-0.4999944695417998;0.4128147425596248
382;-0.8783967171137788;-0.5000013430909429;0.41285985875225384
383;-0.8784055098764492;-0.49999869033516187;0.5510625681315138
384;-0.878416835366891;-0.5000190770069872;0.5161823990719394
385;-0.8784308640141592;-0.5000287292763388;0.4090834709344666
386;-0.8784480684531095;-0.5000295896018003;0.5512897054900611
387;-0.8784682187282808;-0.5000516942286508;0.47047853467397815
388;-0.8784917875904679;-0.5000523646993601;0.551435675852
389;-0.878518840789961;-0.5000634733527841;0.5515069385504585
390;-0.8785490747057261;-0.5000843187832864;0.4132034207533919
391;-0.8785828342597951;-0.5000836002065899;0.5516462690613385
392;-0.8786197014919139;-0.50010210768758;0.47093373249544124
393;-0.8786598824562151;-0.5000991651699157;0.5517821197639471
394;-0.8787028484745838;-0.5001132347884357;0.41367806570009624
395;-0.8787482707455812;-0.5001181153410108;0.413387577246459
396;-0.8787957749674543;-0.5001201060067703;0.4712806369720828
397;-0.8788452344592922;-0.5001111315179484;0.5520495785327704
398;-0.8788957881405808;-0.50011776908182;0.4134947410663776
399;-0.8789467897115328;-0.5001157388152213;0.4135235350448935
400;-0.8789975875000655;-0.5001107211154312;0.40839533856577237
401;-0.8790474467826281;-0.5001053424131569;0.41359103504020656
402;-0.8790956146214286;-0.5000984697666835;0.5182910697688372
403;-0.8791413348823096;-0.5000903552891709;0.40821387608452797
404;-0.8791838160939531;-0.5000825778636777;0.41369506594624395
405;-0.879222656763389;-0.5000658512929138;0.5526315375069316
406;-0.8792567417628254;-0.500065772809945;0.41376769928032586
407;-0.8792857615894318;-0.500049485414412;0.5528022348322774
408;-0.8793087369650494;-0.500049414392387;0.4128818463220866
409;-0.8793250882738204;-0.5000437029255118;0.4138834723188889
410;-0.8793345297763238;-0.5000345111641041;0.515452237824796
411;-0.8793365564012998;-0.500033079548498;0.4126208638878335
412;-0.8793308753283379;-0.5000310646584911;0.4140094726202931
413;-0.8793173746598891;-0.5000288594488619;0.4124167432122595
414;-0.8792959808916136;-0.5000298914677276;0.47328801033637424
415;-0.8792668040113474;-0.5000307774561017;0.41218473333134265
416;-0.879230176251982;-0.5000308711607824;0.5163166843896664
417;-0.8791863759755192;-0.5000354277726671;0.5164884734060393
418;-0.8791356238172514;-0.5000445705935997;0.4117790210708341
419;-0.8790788236275346;-0.5000425344582835;0.5542530095845557
420;-0.8790160498865429;-0.5000600789518457;0.4063226829534222
421;-0.878947957415007;-0.5000681377398433;0.41130039816916797
422;-0.8788752049426066;-0.5000780249611756;0.5223885038514517
423;-0.8787985294525823;-0.5000870928895311;0.4057584408602436
424;-0.8787188918445372;-0.5000917177449418;0.5179863100465733
425;-0.8786368809102238;-0.5001046429656792;0.41055255766793153
426;-0.8785532573791375;-0.5001137487191031;0.5238380294720588
427;-0.8784688181947847;-0.500120549530483;0.410137617913527
428;-0.8783842947048183;-0.5001278327490499;0.4151076780913818
429;-0.8783004059606009;-0.5001332187482295;0.4769147725876559
430;-0.8782178195026316;-0.5001372468305759;0.4041882746237938
431;-0.8781371538192182;-0.5001399261418331;0.40394352969997327
432;-0.8780595194005736;-0.5001263137825355;0.5572867158225434
433;-0.8779848155744385;-0.5001401331844039;0.4087876202935612
434;-0.8779136491111281;-0.5001328523499871;0.5213641131274166
435;-0.8778463391334501;-0.5001295596918143;0.5218031249972249
436;-0.8777829314662874;-0.5001312647165483;0.4798973055160555
437;-0.877723623840423;-0.5001252751832783;0.4078643873045873
438;-0.8776685336073193;-0.5001192641147447;0.4809507559105509
439;-0.8776177184195538;-0.500111781630398;0.4074160014378362
440;-0.877571153796224;-0.5001049764446139;0.4017197803994911
441;-0.8775289958481207;-0.500090261650972;0.524867700008143
442;-0.877491504618937;-0.5000707055579057;0.5613011250032885
443;-0.8774579121759531;-0.5000824195175781;0.4010337742071054
444;-0.877428106143979;-0.5000750475749884;0.4063792863383455
445;-0.8774019489041376;-0.5000693149273575;0.41897948733604806
446;-0.8773798503637742;-0.5000451341116152;0.5633677290125886
447;-0.8773616147838912;-0.500041401782022;0.5639226946889546
448;-0.8773466905176324;-0.5000522153989027;0.5293517823761251
449;-0.8773349856514817;-0.5000514994733307;0.5300644738273972
450;-0.8773264408045195;-0.5000522701644181;0.5307932884244972
451;-0.8773210311884135;-0.5000545051600376;0.5315375528572861
452;-0.8773191460690752;-0.5000445406943645;0.5669028486294083
453;-0.8773207825126401;-0.5000493838666786;0.5675362139068467
454;-0.8773254294010315;-0.5000758195346255;0.3990570556520381
455;-0.8773332236348681;-0.5000818666106817;0.4047215131496792
456;-0.8773447973634141;-0.5000696835713767;0.5695022641719922
457;-0.8773597094748337;-0.5000966492032103;0.4952004912125786
458;-0.877378552542052;-0.5000855217316444;0.5708645019169254
459;-0.877400843460416;-0.5001123626006345;0.4043525858807976
460;-0.8774271088881489;-0.5001005812282479;0.5722661970801326
461;-0.877456896679949;-0.5001206595698078;0.5397124535818676
462;-0.8774904786960047;-0.5001126697239793;0.573707474382811
463;-0.877527266251219;-0.5001304043652908;0.5414955019123553
464;-0.8775669111885142;-0.5001374720596901;0.5557702300090891
465;-0.8776090784773554;-0.500138746371239;0.42912863829618497
466;-0.8776533182280448;-0.5001393393659261;0.3980103346672381
467;-0.877699231350365;-0.5001326066906651;0.5452278592813594
468;-0.8777461344342208;-0.5001328057484844;0.5607007610620172
469;-0.8777934331085184;-0.500124470343112;0.5471915414580706
470;-0.8778403140481932;-0.5001217258856165;0.43256903776602496
471;-0.8778859958840185;-0.5001146631381277;0.4041080158878104
472;-0.8779296720611635;-0.5001064517059359;0.40416181754531233
473;-0.8779705880913632;-0.5000944957296244;0.5513639494777691
474;-0.8780083296378874;-0.5000725551588401;0.5834064885697163
475;-0.8780416538718692;-0.5000764496394613;0.5535969000970968
476;-0.8780698098227744;-0.5000676398718462;0.5547557576853328
477;-0.8780920395386977;-0.5000625221050634;0.39841843010611244
478;-0.8781077698653359;-0.5000539078161471;0.5749756769120802
479;-0.8781164898970286;-0.5000474205063804;0.40499042800040497
480;-0.8781182727027128;-0.5000266154273241;0.5892874903042888
481;-0.8781123354781831;-0.5000358664185066;0.5610420153916077
482;-0.8780984668848874;-0.5000356496784147;0.39928472784685254
483;-0.8780766641094666;-0.5000321730298483;0.5638171580952417
484;-0.8780470026510744;-0.5000338749319673;0.4457246313671597
485;-0.8780101831490761;-0.5000203917077864;0.5949832649105753
486;-0.8779660140050802;-0.5000385970660072;0.4482135209844781
487;-0.8779149290702699;-0.5000435230138717;0.4007655128018537
488;-0.8778579872296353;-0.5000328260760701;0.5988158880651235
489;-0.877795272575348;-0.500053822026703;0.5731878556964725
490;-0.8777275520012537;-0.5000607687223384;0.5390576931650102
491;-0.8776556165089996;-0.500067691654251;0.6004375844607635
492;-0.8775802997187229;-0.5000747874611855;0.543268093525425
493;-0.877502465331998;-0.5000816713634515;0.4585136834247532
494;-0.8774230217460772;-0.5000874492755825;0.41085062926747284
495;-0.8773428196184894;-0.5000934130981497;0.6102995147062144
496;-0.8772625999824246;-0.5000996647621757;0.5862938612277256
497;-0.8771833085331957;-0.5001015524974254;0.5548562025382837
498;-0.8771057096548671;-0.5001041907355619;0.4071132611327646
499;-0.8770305143274137;-0.5001048689291283;0.407952393563895
500;-0.8769583663210436;-0.5001035409178095;0.6239725467853475
501;-0.8768898196690403;-0.5001012341392721;0.6268711903258237
502;-0.8768253406829931;-0.500097457035474;0.6298189596549395
503;-0.8767650953936362;-0.5000966840096053;0.6016663632430681
504;-0.8767095980729058;-0.5000859551723218;0.6358498198367541
505;-0.8766588023170108;-0.5000838817840465;0.6064013113651743
506;-0.876613122296112;-0.5000691658220084;0.42203958705842515
507;-0.8765725274889167;-0.5000618024732683;0.4870980041596693
508;-0.8765370292594934;-0.5000512433178845;0.4245637868676533
509;-0.8765061836061336;-0.500050962058736;0.6161898924378879
510;-0.876480171481806;-0.5000351011211173;0.4943961309510243
511;-0.876458874589113;-0.5000253591492658;0.42866328372512896
512;-0.8764421001189718;-0.5000181593456225;0.43010514450664217
513;-0.8764296560819784;-0.5000121037851987;0.43158076850602234
514;-0.8764213293573645;-0.5000089775604409;0.4261517400646574
515;-0.8764169615298065;-0.5000058503650393;0.6709938564411221
516;-0.8764164439333416;-0.5000042704315324;0.6742407739208173
517;-0.8764197084638308;-0.5000044041931972;0.6124257625187968
518;-0.8764267810049764;-0.5000043085863488;0.4393766044730808
519;-0.876437637304969;-0.5000091804274532;0.6839212932794068
520;-0.87645234501824;-0.5000137972266925;0.621558756828709
521;-0.8764710274549963;-0.5000191197466894;0.43732310775349503
522;-0.8764938332562395;-0.5000243373991611;0.4459693805150807
523;-0.8765208606194167;-0.5000331728264954;0.6305672011059356
524;-0.8765522480966492;-0.500040533177962;0.6335349168804962
