0;-0.49365234375;-0.4400634765625;2.8547849703856425
1;-0.495361328125;-0.44287109375;2.841181537341422
2;-0.49755859375;-0.4476318359375;2.8535390963746363
3;-0.50048828125;-0.4500732421875;2.9126876132813466
4;-0.50244140625;-0.452880859375;2.849933565155757
5;-0.505859375;-0.4544677734375;2.8558920071688507
6;-0.508056640625;-0.456787109375;2.754240053680674
7;-0.5107421875;-0.4593505859375;2.7567686956742037
8;-0.51123046875;-0.4627685546875;2.71663988077647
9;-0.51318359375;-0.465087890625;2.7279571001774485
10;-0.5146484375;-0.4669189453125;2.7037215970360173
11;-0.51708984375;-0.4676513671875;2.7623397708231834
12;-0.51806640625;-0.4698486328125;2.721459521556183
13;-0.51806640625;-0.4722900390625;2.6971090571583205
14;-0.5185546875;-0.4737548828125;2.718185231216688
15;-0.520263671875;-0.4769287109375;2.6959409742148543
16;-0.52197265625;-0.4774169921875;2.704999532805857
17;-0.52294921875;-0.4786376953125;2.7149512118251273
18;-0.5244140625;-0.47998046875;2.7586618531887894
19;-0.524169921875;-0.482177734375;2.718677362589603
20;-0.523681640625;-0.4842529296875;2.718426805654727
21;-0.52392578125;-0.4854736328125;2.7288869165050182
22;-0.524658203125;-0.4857177734375;2.7395709168190585
23;-0.525390625;-0.486572265625;2.6907345832565324
24;-0.526611328125;-0.4873046875;2.7468080725450084
25;-0.526611328125;-0.4876708984375;2.781468337655735
26;-0.52734375;-0.4884033203125;2.7034112948914513
27;-0.52685546875;-0.4893798828125;2.709930989862148
28;-0.527099609375;-0.4906005859375;2.784211415156639
29;-0.526611328125;-0.491455078125;2.769851816082982
30;-0.5263671875;-0.4921875;2.865960786298327
31;-0.5263671875;-0.4927978515625;2.8216191274662457
32;-0.526611328125;-0.492919921875;2.819679348153749
33;-0.527099609375;-0.494140625;2.8654094496258575
34;-0.5263671875;-0.4947509765625;2.959067139790851
35;-0.526611328125;-0.4952392578125;2.895375343271016
36;-0.527099609375;-0.4959716796875;2.9271849863265036
37;-0.526611328125;-0.4962158203125;2.943250698302761
38;-0.52734375;-0.49755859375;2.939978196616623
39;-0.528076171875;-0.4979248046875;2.9045935152680062
40;-0.527587890625;-0.4979248046875;2.937989037717155
41;-0.52783203125;-0.4993896484375;2.903490465632266
42;-0.528564453125;-0.5;2.9331503933205263
43;-0.529296875;-0.5010986328125;2.8854799755477503
44;-0.531005859375;-0.5009765625;2.884027255567883
45;-0.531982421875;-0.502197265625;2.8621452430617524
46;-0.532470703125;-0.50146484375;2.8244874856418005
47;-0.534912109375;-0.5025634765625;2.7970078454274057
48;-0.537109375;-0.503662109375;2.7864130350486023
49;-0.540283203125;-0.50537109375;2.8157976879367217
50;-0.54150390625;-0.5059814453125;2.912702592653134
51;-0.54296875;-0.5062255859375;2.9095912119048384
52;-0.546142578125;-0.5081787109375;2.966185366614307
53;-0.548828125;-0.5089111328125;2.8875125449251833
54;-0.550537109375;-0.508544921875;2.802196967637231
55;-0.55322265625;-0.5098876953125;2.7839600748947726
56;-0.5576171875;-0.5115966796875;2.6433930200344364
57;-0.560302734375;-0.5142822265625;2.601482239758089
58;-0.562744140625;-0.51611328125;2.493940510381517
59;-0.56494140625;-0.5196533203125;2.4342185044845146
60;-0.568115234375;-0.52001953125;2.4326149323776245
61;-0.5712890625;-0.521728515625;2.3991555368948254
62;-0.573974609375;-0.5234375;2.3543336756648108
63;-0.57666015625;-0.5260009765625;2.242795946876187
64;-0.57861328125;-0.52783203125;2.1853677094254604
65;-0.580078125;-0.5318603515625;2.152626884410319
66;-0.582763671875;-0.533935546875;2.1417342482598283
67;-0.58447265625;-0.537353515625;2.190027900682861
68;-0.585693359375;-0.54150390625;2.160737001931612
69;-0.586181640625;-0.5460205078125;2.177437872404167
70;-0.5869140625;-0.5509033203125;2.1746316667511656
71;-0.587158203125;-0.55419921875;2.159782649336376
72;-0.58740234375;-0.55859375;2.201448531829836
73;-0.587158203125;-0.563232421875;2.3780884863876848
74;-0.58642578125;-0.56689453125;2.3412347528958235
75;-0.5859375;-0.5709228515625;2.216763819963189
76;-0.584228515625;-0.5743408203125;2.2324464998715565
77;-0.58203125;-0.5802001953125;2.234307784297056
78;-0.5810546875;-0.5860595703125;2.3442823247702917
79;-0.580322265625;-0.5924072265625;2.2515945926114096
80;-0.577880859375;-0.59619140625;2.263462874761386
81;-0.575439453125;-0.600341796875;2.228039265889488
82;-0.5751953125;-0.60546875;2.265476765878382
83;-0.574462890625;-0.6104736328125;2.3785683932171993
84;-0.572998046875;-0.613525390625;2.4133991584571324
85;-0.5732421875;-0.619873046875;2.3638447191419347
86;-0.57275390625;-0.622802734375;2.358887355930238
87;-0.573486328125;-0.6246337890625;2.320046424277843
88;-0.57421875;-0.6280517578125;2.2709315010711344
89;-0.574951171875;-0.629638671875;2.186906189450728
90;-0.578125;-0.63134765625;2.1717429796179606
91;-0.579345703125;-0.6312255859375;2.175793969545504
92;-0.581787109375;-0.6318359375;2.180551109878985
93;-0.58544921875;-0.631591796875;2.1107278931960973
94;-0.590087890625;-0.632080078125;2.054871401690352
95;-0.593017578125;-0.6324462890625;2.062589108725361
96;-0.595947265625;-0.6318359375;2.0487964448084255
97;-0.59912109375;-0.63134765625;2.0316643030075676
98;-0.602783203125;-0.6314697265625;1.9738058038955262
99;-0.60595703125;-0.631103515625;1.9464023045672147
100;-0.60791015625;-0.6314697265625;1.9773678736424167
101;-0.609130859375;-0.6304931640625;1.9616679046534529
102;-0.613037109375;-0.62890625;2.032105916886648
103;-0.61767578125;-0.6273193359375;1.9974044718996171
104;-0.6201171875;-0.6248779296875;2.067078311907388
105;-0.623291015625;-0.6236572265625;2.0764083095177592
106;-0.626708984375;-0.623046875;2.1071515224214075
107;-0.629638671875;-0.6212158203125;2.081373758576934
108;-0.631103515625;-0.6207275390625;2.1575372205354837
109;-0.634033203125;-0.619140625;2.1851202060424537
110;-0.637451171875;-0.6175537109375;2.2251852721970313
111;-0.63916015625;-0.6177978515625;2.2184747560578213
112;-0.640380859375;-0.6168212890625;2.262394572059614
113;-0.643798828125;-0.6177978515625;2.2938222400082675
114;-0.645751953125;-0.6180419921875;2.295358269334844
115;-0.647216796875;-0.618408203125;2.3003636298782313
116;-0.649658203125;-0.6181640625;2.322234988423125
117;-0.65185546875;-0.6175537109375;2.302726359691303
118;-0.65625;-0.6175537109375;2.3222125388314354
119;-0.658447265625;-0.617919921875;2.392291452890292
120;-0.6611328125;-0.6190185546875;2.371271444945329
121;-0.664306640625;-0.6177978515625;2.328336387053278
122;-0.667236328125;-0.6180419921875;2.400201777243544
123;-0.672119140625;-0.6158447265625;2.4008414126052036
124;-0.67724609375;-0.615966796875;2.3928416733654734
125;-0.681884765625;-0.6146240234375;2.47136789755386
126;-0.686767578125;-0.61181640625;2.4768477047002673
127;-0.68994140625;-0.6107177734375;2.529035232428545
128;-0.694091796875;-0.6087646484375;2.584425218251862
129;-0.698486328125;-0.606689453125;2.6808170635984023
130;-0.703369140625;-0.6033935546875;2.7904081591706253
131;-0.707763671875;-0.6046142578125;2.899756905938372
132;-0.709228515625;-0.60400390625;2.843054481062552
133;-0.70947265625;-0.6051025390625;2.8275267274127778
134;-0.708251953125;-0.6070556640625;2.8429540560243107
135;-0.70703125;-0.6080322265625;2.930709028574635
136;-0.70263671875;-0.6103515625;3.006346233965564
137;-0.698974609375;-0.6136474609375;3.0420227613359816
138;-0.69287109375;-0.618408203125;3.2045961708425508
139;-0.684814453125;-0.6239013671875;3.0859233715082444
140;-0.67724609375;-0.6278076171875;3.1414464893723646
141;-0.66845703125;-0.6329345703125;3.1547452207825115
142;-0.66259765625;-0.6390380859375;3.172463287222947
143;-0.654052734375;-0.642822265625;3.292976352431901
144;-0.6455078125;-0.6468505859375;3.2809660451059077
145;-0.635009765625;-0.6519775390625;3.2839740820412886
146;-0.624755859375;-0.6568603515625;3.2803461171547097
147;-0.6142578125;-0.662353515625;3.2240960224330544
148;-0.6025390625;-0.666259765625;3.193261157117138
149;-0.59326171875;-0.6707763671875;3.1821765160381843
150;-0.583740234375;-0.67626953125;3.1917059225317472
151;-0.57861328125;-0.6802978515625;3.217297605149245
152;-0.572021484375;-0.685546875;3.263535491831074
153;-0.566650390625;-0.6881103515625;3.3625532949988832
154;-0.559814453125;-0.6927490234375;3.4656799741643636
155;-0.554931640625;-0.6944580078125;3.4106845824827268
156;-0.550537109375;-0.6971435546875;3.3693014263451513
157;-0.546142578125;-0.7005615234375;3.3740565170644308
158;-0.5419921875;-0.702880859375;3.3044155326941205
159;-0.532470703125;-0.705078125;3.2333043595569144
160;-0.528076171875;-0.7098388671875;3.208666273331329
161;-0.524169921875;-0.712646484375;3.200783515897647
162;-0.51806640625;-0.7154541015625;3.1326055605550267
163;-0.512451171875;-0.71875;3.0884568935377543
164;-0.508056640625;-0.72119140625;3.0880061842606255
165;-0.503662109375;-0.7239990234375;3.102966332544616
166;-0.49951171875;-0.7265625;3.165204121357382
167;-0.4951171875;-0.72900390625;3.107180956691651
168;-0.489990234375;-0.73046875;3.1406936008347746
169;-0.486572265625;-0.7332763671875;3.110587784838808
170;-0.482666015625;-0.736328125;3.1699222392309006
171;-0.47802734375;-0.738037109375;3.2095487745773363
172;-0.4736328125;-0.7398681640625;3.2434338486258247
173;-0.469970703125;-0.7423095703125;3.225635875096411
174;-0.46875;-0.74365234375;3.2792727582544936
175;-0.466064453125;-0.7449951171875;3.194594403260274
176;-0.463623046875;-0.745849609375;3.2476957872274386
177;-0.46337890625;-0.7467041015625;3.324314623585274
178;-0.462646484375;-0.748046875;3.3149276145696556
179;-0.462890625;-0.748291015625;3.25471930618257
180;-0.46337890625;-0.7479248046875;3.198882929670421
181;-0.46435546875;-0.7479248046875;3.2395537836505084
182;-0.46484375;-0.7479248046875;3.287948955557273
183;-0.466064453125;-0.7469482421875;3.2582461752489538
184;-0.468994140625;-0.745361328125;3.2175486019675152
185;-0.471923828125;-0.7440185546875;3.1800639548559517
186;-0.477783203125;-0.742431640625;3.220192516236562
187;-0.480712890625;-0.74169921875;3.1751189534149242
188;-0.482666015625;-0.7398681640625;3.125495782817639
189;-0.4873046875;-0.7376708984375;3.1153078773958782
190;-0.491455078125;-0.7353515625;3.134126602212772
191;-0.496826171875;-0.7333984375;3.191743846740777
192;-0.501220703125;-0.73193359375;3.239864570907896
193;-0.5048828125;-0.7293701171875;3.239031226452063
194;-0.51220703125;-0.7264404296875;3.3183397231067326
195;-0.517822265625;-0.723876953125;3.369975604661576
196;-0.521728515625;-0.7215576171875;3.4164200362023305
197;-0.526123046875;-0.7193603515625;3.5307742042419847
198;-0.53076171875;-0.716552734375;3.491912508818428
199;-0.5361328125;-0.714111328125;3.5220201761822603
200;-0.541259765625;-0.7115478515625;3.415404529593463
201;-0.54736328125;-0.70849609375;3.4139578613826447
202;-0.552734375;-0.7059326171875;3.4824872021227335
203;-0.557373046875;-0.702880859375;3.4515348278548124
204;-0.56494140625;-0.7000732421875;3.3393688327483293
205;-0.569580078125;-0.697509765625;3.3292956544040457
206;-0.574951171875;-0.69580078125;3.2347482634989637
207;-0.57763671875;-0.69482421875;3.216213859132317
208;-0.580322265625;-0.6927490234375;3.2190552563175983
209;-0.585205078125;-0.6904296875;3.0391103903703733
210;-0.590576171875;-0.687744140625;3.0090600587331005
211;-0.59375;-0.686279296875;2.9555531535993276
212;-0.5966796875;-0.684326171875;2.9298500890951944
213;-0.599365234375;-0.6826171875;2.9219891917639402
214;-0.60400390625;-0.68115234375;2.834937822702788
215;-0.606689453125;-0.6796875;2.7830859208761307
216;-0.610595703125;-0.6771240234375;2.796417734430128
217;-0.6162109375;-0.6751708984375;2.7612244041354383
218;-0.61962890625;-0.672607421875;2.7354944510920602
219;-0.6240234375;-0.669677734375;2.7477098110395004
220;-0.6318359375;-0.6669921875;2.684342051154842
221;-0.63623046875;-0.6649169921875;2.5562941464005147
222;-0.640625;-0.6611328125;2.5064576355735224
223;-0.647705078125;-0.6583251953125;2.4970240124627465
224;-0.65380859375;-0.655029296875;2.490186174595802
225;-0.659912109375;-0.6533203125;2.5110978073028436
226;-0.6640625;-0.6512451171875;2.4548934674766576
227;-0.66650390625;-0.649658203125;2.4399725601246725
228;-0.6689453125;-0.6480712890625;2.444305737544038
229;-0.67236328125;-0.64697265625;2.497147861341166
230;-0.676025390625;-0.645263671875;2.3885022906436464
231;-0.67822265625;-0.6435546875;2.368138664500271
232;-0.68115234375;-0.6424560546875;2.346926037210456
233;-0.6826171875;-0.6417236328125;2.403564490918891
234;-0.6845703125;-0.6409912109375;2.4109531868927516
235;-0.6845703125;-0.640380859375;2.3864722098875393
236;-0.685302734375;-0.638916015625;2.3575382836806043
237;-0.6865234375;-0.638916015625;2.3238683443252413
238;-0.687255859375;-0.638671875;2.371009978289269
239;-0.687255859375;-0.6383056640625;2.3535540918544093
240;-0.685791015625;-0.6383056640625;2.334950221121798
241;-0.685546875;-0.6390380859375;2.4118645077399212
242;-0.6845703125;-0.6390380859375;2.3426614109766946
243;-0.68212890625;-0.6400146484375;2.3861612293980023
244;-0.679931640625;-0.640869140625;2.380880815298108
245;-0.676025390625;-0.6424560546875;2.372136859679788
246;-0.673583984375;-0.64404296875;2.396873200278722
247;-0.6689453125;-0.64599609375;2.463707423952141
248;-0.662353515625;-0.6484375;2.47572292997697
249;-0.656494140625;-0.6514892578125;2.4737602608810048
250;-0.651611328125;-0.6549072265625;2.518053165000709
251;-0.646484375;-0.6578369140625;2.5177238479943336
252;-0.64111328125;-0.6610107421875;2.4661250548716094
253;-0.6337890625;-0.6630859375;2.4501912629228673
254;-0.628662109375;-0.666259765625;2.4653540941958245
255;-0.62158203125;-0.66943359375;2.4557244314289313
256;-0.614501953125;-0.6729736328125;2.4563646829883194
257;-0.60693359375;-0.6768798828125;2.473676373435454
258;-0.59619140625;-0.6805419921875;2.5182488884313234
259;-0.585693359375;-0.6851806640625;2.5374964025511617
260;-0.5771484375;-0.69091796875;2.5390894326392934
261;-0.56787109375;-0.695556640625;2.547303193151077
262;-0.559814453125;-0.699951171875;2.575289296756784
263;-0.549072265625;-0.703857421875;2.637245701605486
264;-0.540771484375;-0.7093505859375;2.7016696443263286
265;-0.53271484375;-0.7135009765625;2.678110264913641
266;-0.52490234375;-0.7183837890625;2.7347919813316213
267;-0.519287109375;-0.7215576171875;2.702459648206249
268;-0.510498046875;-0.7244873046875;2.715573534792131
269;-0.501953125;-0.7288818359375;2.752500066629007
270;-0.491943359375;-0.7332763671875;2.847003542132868
271;-0.483154296875;-0.73828125;2.8594321798047297
272;-0.4775390625;-0.7423095703125;2.875134758871368
273;-0.470458984375;-0.7459716796875;2.946474390888198
274;-0.461669921875;-0.7491455078125;3.1153584333927373
275;-0.45263671875;-0.7532958984375;3.072956010426903
276;-0.443359375;-0.757568359375;3.1084109968738605
277;-0.433837890625;-0.7618408203125;3.1061463534686733
278;-0.428955078125;-0.766845703125;3.095670721560707
279;-0.41943359375;-0.7694091796875;3.0730312503959554
280;-0.4130859375;-0.7734375;3.0998636102219743
281;-0.40576171875;-0.77783203125;3.207257753318363
282;-0.397705078125;-0.781494140625;3.204060923715884
283;-0.388427734375;-0.7850341796875;3.257831065943883
284;-0.381591796875;-0.7891845703125;3.27991784173295
285;-0.375;-0.792724609375;3.2554215915173788
286;-0.366455078125;-0.7958984375;3.263254372649773
287;-0.3583984375;-0.800048828125;3.3315495971024625
288;-0.354248046875;-0.804443359375;3.3800064152343445
289;-0.3466796875;-0.8070068359375;3.4496050731856784
290;-0.3427734375;-0.80908203125;3.5700801702767073
291;-0.337890625;-0.812744140625;3.7223999307854023
292;-0.33251953125;-0.814453125;3.595225060757386
293;-0.32763671875;-0.8175048828125;3.5142786040681906
294;-0.322021484375;-0.81982421875;3.4369332249992746
295;-0.31787109375;-0.822509765625;3.3617502116661795
296;-0.31396484375;-0.8243408203125;3.340193847686217
297;-0.310302734375;-0.8262939453125;3.304606642574507
298;-0.30615234375;-0.82763671875;3.262581152401307
299;-0.302978515625;-0.8289794921875;3.283248754220869
300;-0.30029296875;-0.83056640625;3.2886186341844263
301;-0.299560546875;-0.8314208984375;3.240409634948463
302;-0.298583984375;-0.8326416015625;3.2414652532767163
303;-0.296142578125;-0.833740234375;3.279438649261582
304;-0.2958984375;-0.833984375;3.2806245969820735
305;-0.29541015625;-0.8338623046875;3.27345997109374
306;-0.295654296875;-0.8336181640625;3.295725029873764
307;-0.295654296875;-0.8333740234375;3.3398186151683733
308;-0.297607421875;-0.832763671875;3.4135776515486795
309;-0.30126953125;-0.8321533203125;3.569579141267562
310;-0.30322265625;-0.83056640625;3.557222222276031
311;-0.30615234375;-0.8284912109375;3.6102222867445546
312;-0.31005859375;-0.8262939453125;3.676964317091693
313;-0.31591796875;-0.8236083984375;3.750684021693173
314;-0.321044921875;-0.8212890625;3.834857631462615
315;-0.32666015625;-0.8187255859375;3.976712301484489
316;-0.3330078125;-0.8143310546875;3.983256345884885
317;-0.34130859375;-0.81103515625;4.051746079195829
318;-0.3486328125;-0.80810546875;4.249254644643338
319;-0.3544921875;-0.804443359375;4.214963278545744
320;-0.36474609375;-0.800048828125;4.475692170974487
321;-0.3759765625;-0.79443359375;4.4079081845647865
322;-0.385986328125;-0.78955078125;4.4195063068218685
323;-0.39501953125;-0.7850341796875;4.629693825080747
324;-0.40576171875;-0.7794189453125;4.781242165601971
325;-0.41552734375;-0.775634765625;4.854678673565242
326;-0.423583984375;-0.771484375;4.826695325189766
327;-0.43505859375;-0.7652587890625;4.7288684274059385
328;-0.443115234375;-0.7620849609375;4.704861753215015
329;-0.45068359375;-0.757568359375;4.632121274926507
330;-0.459716796875;-0.753173828125;4.65264189846396
331;-0.470458984375;-0.7476806640625;4.788955372031877
332;-0.477783203125;-0.7440185546875;4.867487296719085
333;-0.483642578125;-0.741943359375;4.877236654363718
334;-0.489013671875;-0.7391357421875;4.8731226519806095
335;-0.494873046875;-0.7352294921875;4.98597545663145
336;-0.5029296875;-0.7322998046875;4.91721998967668
337;-0.507568359375;-0.7296142578125;4.926155357537892
338;-0.513916015625;-0.7265625;5.05595355184103
339;-0.520263671875;-0.722900390625;5.067155238785401
340;-0.52490234375;-0.720703125;5.148441153403296
341;-0.53173828125;-0.7166748046875;5.213332161985237
342;-0.54052734375;-0.712646484375;5.393011937316819
343;-0.547119140625;-0.709716796875;5.378394206504303
344;-0.5546875;-0.7054443359375;5.307809055687195
345;-0.564697265625;-0.700439453125;5.163825232054069
346;-0.572509765625;-0.696533203125;5.121175217815112
347;-0.583740234375;-0.691162109375;5.157475082958925
348;-0.593994140625;-0.6859130859375;5.0976314833180565
349;-0.60546875;-0.6802978515625;5.038240808539731
350;-0.614990234375;-0.6759033203125;5.023355855439048
351;-0.624755859375;-0.6705322265625;5.000611818016175
352;-0.6357421875;-0.6656494140625;4.9930020744105805
353;-0.646728515625;-0.65966796875;4.895336777747632
354;-0.662109375;-0.6514892578125;4.766342868883189
355;-0.67431640625;-0.64599609375;4.752172327977441
356;-0.6875;-0.6395263671875;4.734014836453965
357;-0.6962890625;-0.6346435546875;4.72681921358177
358;-0.709716796875;-0.6280517578125;4.668329299098676
359;-0.718505859375;-0.6236572265625;4.705197981615248
360;-0.729736328125;-0.6185302734375;4.70039485413226
361;-0.738525390625;-0.61328125;4.732022127514853
362;-0.748291015625;-0.6090087890625;4.825346219825446
363;-0.756103515625;-0.6044921875;4.813535907822573
364;-0.76220703125;-0.6011962890625;4.938896739744495
365;-0.771484375;-0.597412109375;4.968898100852729
366;-0.77734375;-0.5943603515625;5.024492455703551
367;-0.78271484375;-0.5916748046875;5.044127907427464
368;-0.786865234375;-0.5906982421875;5.087786137131073
369;-0.789794921875;-0.5887451171875;5.127366677220559
370;-0.79345703125;-0.586669921875;5.233336457917394
371;-0.7978515625;-0.5849609375;5.264344534830579
372;-0.801025390625;-0.583740234375;5.270858025455264
373;-0.802734375;-0.58154296875;5.2986319835364775
374;-0.805908203125;-0.5799560546875;5.393242218292802
375;-0.807373046875;-0.578857421875;5.431153171976145
376;-0.809326171875;-0.577880859375;5.423240828461673
377;-0.809326171875;-0.576904296875;5.41409995142104
378;-0.810546875;-0.57763671875;5.37542607459079
379;-0.810546875;-0.5772705078125;5.481727160225626
380;-0.810302734375;-0.57666015625;5.39947652061608
381;-0.810302734375;-0.5770263671875;5.466140212202197
382;-0.809814453125;-0.5772705078125;5.416304417181053
383;-0.80908203125;-0.5771484375;5.4359174404747534
384;-0.806884765625;-0.57763671875;5.5065023010916025
385;-0.80517578125;-0.57861328125;5.50172964474488
386;-0.8037109375;-0.5797119140625;5.585321453868822
387;-0.801513671875;-0.580322265625;5.724320074808193
388;-0.7978515625;-0.5810546875;5.714222693391352
389;-0.794921875;-0.58203125;5.846691034437965
390;-0.794189453125;-0.584228515625;6.096154002549114
391;-0.79248046875;-0.5850830078125;6.262612638341916
392;-0.7890625;-0.585205078125;6.45645861457751
393;-0.78662109375;-0.5869140625;6.582984360762839
394;-0.7841796875;-0.5888671875;6.473981614812
395;-0.780029296875;-0.590087890625;6.365693910706672
396;-0.7763671875;-0.5914306640625;6.36146815845257
397;-0.7734375;-0.5933837890625;6.326562388990479
398;-0.77001953125;-0.5947265625;6.467945035459393
399;-0.764892578125;-0.597900390625;6.470530876559608
400;-0.7626953125;-0.599853515625;6.406585078868988
401;-0.7587890625;-0.6021728515625;6.130906790295658
402;-0.755126953125;-0.6036376953125;6.065682957808504
403;-0.752197265625;-0.60546875;5.942270629277702
404;-0.748779296875;-0.6065673828125;5.855646267523513
405;-0.744384765625;-0.6083984375;5.636090552584647
406;-0.7412109375;-0.6103515625;5.4602214560247715
407;-0.738037109375;-0.6123046875;5.3426171241104585
408;-0.735107421875;-0.6138916015625;5.23763266810078
409;-0.730712890625;-0.6158447265625;5.1293285872418295
410;-0.727294921875;-0.6170654296875;4.942490163261013
411;-0.723388671875;-0.619140625;4.881758430088977
412;-0.7197265625;-0.620849609375;4.716229114389205
413;-0.716796875;-0.62353515625;4.607033135027377
414;-0.710205078125;-0.6246337890625;4.5070641968555085
415;-0.703857421875;-0.626953125;4.466620831073377
416;-0.69873046875;-0.6298828125;4.360410815467616
417;-0.692138671875;-0.63330078125;4.247711603200761
418;-0.685791015625;-0.6361083984375;4.166893922616114
419;-0.68017578125;-0.639404296875;4.111659091886477
420;-0.67333984375;-0.6424560546875;4.082969060791411
421;-0.66455078125;-0.645751953125;3.995501898840525
422;-0.658447265625;-0.649169921875;3.9316419764281876
423;-0.6494140625;-0.6529541015625;3.900783557716233
424;-0.64306640625;-0.657470703125;3.8600567819000338
425;-0.635498046875;-0.6605224609375;3.816765510824921
426;-0.6259765625;-0.6656494140625;3.776773485369897
427;-0.616455078125;-0.66943359375;3.7027445907787606
428;-0.608154296875;-0.674560546875;3.6639016695458824
429;-0.596923828125;-0.678466796875;3.6421930993189324
430;-0.586669921875;-0.6839599609375;3.639245273227382
431;-0.5771484375;-0.6890869140625;3.646887759919086
432;-0.5634765625;-0.694091796875;3.63000080501495
433;-0.55224609375;-0.7003173828125;3.639816348696426
434;-0.54345703125;-0.7064208984375;3.668331478105545
435;-0.537353515625;-0.7110595703125;3.7245401017425195
436;-0.529052734375;-0.7138671875;3.807576109753034
437;-0.523193359375;-0.717529296875;3.8057578529661606
438;-0.51611328125;-0.72119140625;3.886291184245793
439;-0.5087890625;-0.7242431640625;3.9679701670729486
440;-0.503173828125;-0.7274169921875;4.024271757209159
441;-0.5;-0.7305908203125;4.184556195794399
442;-0.493896484375;-0.732177734375;4.360229501579605
443;-0.48876953125;-0.734375;4.5982527702996725
444;-0.483642578125;-0.73583984375;4.785604630859009
445;-0.479736328125;-0.7386474609375;5.066542752681883
446;-0.4755859375;-0.7410888671875;4.929701603326637
447;-0.471923828125;-0.7425537109375;4.635502485277515
448;-0.4697265625;-0.7432861328125;4.5490666209809705
449;-0.468505859375;-0.7445068359375;4.427867722443348
450;-0.467529296875;-0.7452392578125;4.4804391022360095
451;-0.467529296875;-0.7459716796875;4.507461380443627
452;-0.46826171875;-0.74560546875;4.501292709063961
453;-0.468505859375;-0.7452392578125;4.577883458052848
454;-0.469482421875;-0.7445068359375;4.593550948268527
455;-0.470947265625;-0.7435302734375;4.593931540785096
456;-0.471923828125;-0.7421875;4.729081857077043
457;-0.47509765625;-0.7412109375;4.822272935487038
458;-0.47802734375;-0.73974609375;4.992871450994799
459;-0.48046875;-0.7386474609375;5.302371634293142
460;-0.484130859375;-0.7359619140625;5.446306057602826
461;-0.488037109375;-0.73388671875;5.690754476808861
462;-0.490966796875;-0.7322998046875;5.985731264513973
463;-0.494384765625;-0.7315673828125;6.725982708344978
464;-0.495361328125;-0.7303466796875;6.336376622265817
465;-0.496826171875;-0.7291259765625;5.869376377734007
466;-0.499267578125;-0.7276611328125;5.584870937059208
467;-0.502685546875;-0.7264404296875;5.32112432297163
468;-0.50439453125;-0.7255859375;5.196667310255186
469;-0.504638671875;-0.7239990234375;4.8784087064087664
470;-0.506103515625;-0.7236328125;4.729186584264193
471;-0.508056640625;-0.723876953125;4.61553070142183
472;-0.5087890625;-0.7237548828125;4.583316932935657
473;-0.509765625;-0.7218017578125;4.319421391949765
474;-0.5107421875;-0.72021484375;4.177262148504671
475;-0.514892578125;-0.71875;4.075504755169368
476;-0.51806640625;-0.7176513671875;3.9593268136445885
477;-0.52392578125;-0.714111328125;3.876651269383995
478;-0.529052734375;-0.711669921875;3.7273692746760423
479;-0.5380859375;-0.7088623046875;3.6649159121625394
480;-0.544189453125;-0.70556640625;3.6470634724975555
481;-0.55126953125;-0.7027587890625;3.6433432689816816
482;-0.557373046875;-0.6981201171875;3.5886473355271704
483;-0.566162109375;-0.6942138671875;3.5523015483787805
484;-0.57373046875;-0.6905517578125;3.543465203783903
485;-0.581787109375;-0.6861572265625;3.6766645530183815
486;-0.58984375;-0.6829833984375;3.480879354540769
487;-0.59716796875;-0.6795654296875;3.416922244998607
488;-0.6044921875;-0.6763916015625;3.4056582836797045
489;-0.611083984375;-0.6727294921875;3.3252171389078677
490;-0.618896484375;-0.67041015625;3.335701701363263
491;-0.62353515625;-0.666748046875;3.298778683654788
492;-0.630126953125;-0.6630859375;3.293827093567182
493;-0.637939453125;-0.659912109375;3.2996028639875603
494;-0.64453125;-0.657470703125;3.3841662646154242
495;-0.649658203125;-0.6546630859375;3.444034437644393
496;-0.655029296875;-0.6517333984375;3.472640736494654
497;-0.66162109375;-0.6490478515625;3.5612194296442796
498;-0.666259765625;-0.6461181640625;3.5984967935340704
499;-0.671142578125;-0.644287109375;3.6534886846640946
500;-0.67431640625;-0.642578125;3.415112718783734
501;-0.677734375;-0.6416015625;3.43884626959496
502;-0.679443359375;-0.64111328125;3.311728064116201
503;-0.679443359375;-0.6409912109375;3.2828657706727156
504;-0.679443359375;-0.6409912109375;3.2927593137858793
505;-0.6787109375;-0.64111328125;3.3313217813997698
506;-0.67724609375;-0.641357421875;3.40030157240185
507;-0.67431640625;-0.6422119140625;3.392435912523679
508;-0.670654296875;-0.6435546875;3.3810333621764297
509;-0.668212890625;-0.6451416015625;3.3874235253143095
510;-0.66357421875;-0.647216796875;3.275496772749649
511;-0.657470703125;-0.64892578125;3.1955896314852845
512;-0.651123046875;-0.6519775390625;3.1310963542188848
513;-0.643798828125;-0.65478515625;3.0882808711495175
514;-0.640625;-0.6588134765625;3.062464122272937
515;-0.633544921875;-0.660888671875;3.092307617082886
516;-0.6279296875;-0.6639404296875;3.0254021302914316
517;-0.619384765625;-0.667236328125;3.018465615246287
518;-0.6123046875;-0.6705322265625;2.9820413085411612
519;-0.603271484375;-0.6739501953125;2.988449032981893
520;-0.593994140625;-0.678466796875;2.972198606051231
521;-0.584716796875;-0.6817626953125;2.9353495989811047
522;-0.575439453125;-0.6875;2.905580417566976
523;-0.565185546875;-0.6929931640625;2.877348139579626
524;-0.55712890625;-0.6966552734375;2.8763462788873446
525;-0.55029296875;-0.7017822265625;2.8901422477726224
526;-0.5439453125;-0.7047119140625;2.898703070531916
527;-0.537841796875;-0.7080078125;2.884917307024415
528;-0.531982421875;-0.7113037109375;2.9607762677259326
529;-0.528076171875;-0.7139892578125;2.8997397423799667
530;-0.526123046875;-0.7166748046875;2.8451958446503838
531;-0.52392578125;-0.7178955078125;2.797874244176462
532;-0.522705078125;-0.717529296875;2.7793777165293005
533;-0.52197265625;-0.718017578125;2.7781545548002935
534;-0.522216796875;-0.7186279296875;2.7951200135964087
535;-0.525390625;-0.7181396484375;2.8833735570989494
536;-0.526611328125;-0.7177734375;2.87641606070164
537;-0.529052734375;-0.716796875;2.9136973585295975
538;-0.532958984375;-0.7159423828125;2.873066223621358
539;-0.535888671875;-0.7142333984375;2.89014358201186
540;-0.540771484375;-0.7117919921875;2.9094714101670607
541;-0.54541015625;-0.7091064453125;2.898340431879491
542;-0.552978515625;-0.7060546875;2.928807465690527
543;-0.558837890625;-0.703369140625;2.9342072064571734
544;-0.562744140625;-0.7000732421875;2.9797900855440265
545;-0.568359375;-0.697998046875;2.9582787361191003
546;-0.572021484375;-0.6971435546875;2.965401933364251
547;-0.5751953125;-0.6939697265625;3.0093353914783636
548;-0.581298828125;-0.6915283203125;3.011354333131594
549;-0.58544921875;-0.689208984375;3.0423011315280855
550;-0.590087890625;-0.6876220703125;3.132864994764279
551;-0.5927734375;-0.6859130859375;3.117065675060459
552;-0.593505859375;-0.684814453125;3.106887679341342
553;-0.593994140625;-0.6845703125;3.142665905286156
554;-0.593505859375;-0.6845703125;3.166301990055734
555;-0.592529296875;-0.684814453125;3.1656247135227487
556;-0.590576171875;-0.685302734375;3.1379935638938607
557;-0.587890625;-0.6851806640625;3.134619301246106
558;-0.585205078125;-0.6865234375;3.142908891419342
559;-0.580322265625;-0.6878662109375;3.1746258184637166
560;-0.576171875;-0.6900634765625;3.2289966963230547
561;-0.570556640625;-0.69287109375;3.190622306053073
562;-0.5654296875;-0.6951904296875;3.1132159213020136
563;-0.558349609375;-0.69775390625;3.0877045220769985
564;-0.55224609375;-0.70068359375;3.053343976792238
565;-0.547119140625;-0.7044677734375;3.024319842100167
566;-0.5400390625;-0.707763671875;2.9985819305188572
567;-0.535400390625;-0.710205078125;3.0250216211518626
568;-0.530517578125;-0.7137451171875;2.985330141755324
569;-0.52490234375;-0.71533203125;2.917448266012319
570;-0.521728515625;-0.718017578125;2.91150850528705
571;-0.51953125;-0.7203369140625;2.836119969578907
572;-0.515380859375;-0.7213134765625;2.8066499289197786
573;-0.51220703125;-0.7222900390625;2.839606486256867
574;-0.510009765625;-0.7242431640625;2.779181703210447
575;-0.5087890625;-0.7257080078125;2.7176267503483316
576;-0.508544921875;-0.725830078125;2.747818105084331
577;-0.50927734375;-0.7257080078125;2.66699339174055
578;-0.509521484375;-0.725830078125;2.610186747353745
579;-0.51025390625;-0.7254638671875;2.595079521366752
580;-0.511962890625;-0.724853515625;2.56588273085975
581;-0.513427734375;-0.7244873046875;2.577910192496203
582;-0.517578125;-0.723876953125;2.550480615814369
583;-0.52001953125;-0.7225341796875;2.5163822676767635
584;-0.523193359375;-0.721435546875;2.4734399372913463
585;-0.52587890625;-0.718994140625;2.4512356416735335
586;-0.529296875;-0.7177734375;2.467800944597095
587;-0.53271484375;-0.716796875;2.523779408885669
588;-0.534912109375;-0.71484375;2.469174060164741
589;-0.540283203125;-0.7130126953125;2.4729694032881877
590;-0.54248046875;-0.7115478515625;2.4428411867808033
591;-0.546875;-0.70947265625;2.393076859785845
592;-0.550537109375;-0.7076416015625;2.3860407612038403
593;-0.552978515625;-0.7069091796875;2.3936837924607794
594;-0.554443359375;-0.704833984375;2.46142347806342
595;-0.556884765625;-0.7037353515625;2.523163676318618
596;-0.559814453125;-0.7022705078125;2.428880777870295
597;-0.5625;-0.700439453125;2.405228150985204
598;-0.563232421875;-0.698974609375;2.4128275748922956
599;-0.564453125;-0.6998291015625;2.3978914312553483
600;-0.565185546875;-0.699951171875;2.3829797969559374
601;-0.565185546875;-0.6988525390625;2.387587125413555
602;-0.564453125;-0.6990966796875;2.396171296661602
603;-0.5634765625;-0.7001953125;2.399329440229996
604;-0.561767578125;-0.70068359375;2.3712783499299697
605;-0.559814453125;-0.7003173828125;2.3887822268684538
606;-0.55908203125;-0.701416015625;2.3852234125339318
607;-0.55712890625;-0.7022705078125;2.328963385930737
608;-0.5546875;-0.7032470703125;2.320997663723688
609;-0.552978515625;-0.7032470703125;2.268529175939208
610;-0.551025390625;-0.7042236328125;2.2647152470831826
611;-0.550048828125;-0.70556640625;2.31973075146632
612;-0.549560546875;-0.7059326171875;2.3130544179226855
613;-0.548828125;-0.7069091796875;2.2834941119380803
614;-0.548828125;-0.7069091796875;2.2292390506294457
615;-0.54833984375;-0.7069091796875;2.263250312603427
616;-0.547607421875;-0.707275390625;2.2558496538461106
617;-0.5478515625;-0.70703125;2.3133222020788677
618;-0.54736328125;-0.70654296875;2.331330146729888
619;-0.54833984375;-0.7060546875;2.218653619073615
620;-0.54931640625;-0.706298828125;2.231703309049027
621;-0.550048828125;-0.7056884765625;2.2689961416576256
622;-0.55126953125;-0.7049560546875;2.168539498584495
623;-0.552001953125;-0.702880859375;2.078068933431813
624;-0.556884765625;-0.700927734375;2.0123372341195083
625;-0.560302734375;-0.7012939453125;1.991234572944816
626;-0.56298828125;-0.6988525390625;2.023273016549911
627;-0.564453125;-0.697509765625;2.133685223484718
628;-0.56787109375;-0.696533203125;2.0470582389634253
629;-0.572509765625;-0.6943359375;1.961735708201769
630;-0.574951171875;-0.693359375;1.8960702077814595
631;-0.578369140625;-0.690673828125;1.8733714726917006
632;-0.58349609375;-0.689453125;1.8121308179857385
633;-0.5849609375;-0.68896484375;1.781395380472693
634;-0.587646484375;-0.686279296875;1.8050946778070824
635;-0.5908203125;-0.685791015625;1.766093758091106
636;-0.5947265625;-0.68408203125;1.7903177682907156
637;-0.59521484375;-0.6826171875;1.8041382661054635
638;-0.595458984375;-0.682373046875;1.8042731156001184
639;-0.59423828125;-0.6824951171875;1.796537459224969
640;-0.596435546875;-0.68212890625;1.7895304683778386
641;-0.597900390625;-0.6817626953125;1.800419178968702
642;-0.597412109375;-0.6815185546875;1.7638490739633232
643;-0.59765625;-0.6807861328125;1.8036129051875605
644;-0.597412109375;-0.680908203125;1.8089475919506484
645;-0.597900390625;-0.6807861328125;1.8032455743320446
646;-0.596923828125;-0.681396484375;1.8880999879721454
647;-0.597412109375;-0.6822509765625;1.777227753908461
648;-0.596435546875;-0.682373046875;1.7474287947203506
649;-0.5947265625;-0.6826171875;1.7524155094090528
650;-0.59423828125;-0.683349609375;1.7924897684194654
651;-0.593017578125;-0.68408203125;1.8445980520344707
652;-0.5908203125;-0.6846923828125;2.007001800378175
653;-0.589111328125;-0.6859130859375;1.9415172994216217
654;-0.5869140625;-0.6865234375;2.006255512547753
655;-0.583251953125;-0.688232421875;1.8899543444035947
656;-0.58203125;-0.6895751953125;1.8887982670991705
657;-0.578369140625;-0.69091796875;1.9514822062102821
658;-0.574951171875;-0.6922607421875;1.9818440265367194
659;-0.57177734375;-0.694091796875;1.979902804637861
660;-0.56640625;-0.695556640625;1.9726479331870317
661;-0.562255859375;-0.6973876953125;2.023694408658334
662;-0.55859375;-0.701416015625;2.0889630896169566
663;-0.554931640625;-0.702392578125;2.1469389285372107
664;-0.55078125;-0.7049560546875;2.3040060606084043
665;-0.545166015625;-0.7071533203125;2.410601434613997
666;-0.540283203125;-0.709228515625;2.3272451686333953
667;-0.53662109375;-0.7122802734375;2.4125053450638076
668;-0.533203125;-0.7144775390625;2.331333800558541
669;-0.531005859375;-0.716064453125;2.2825643774295346
670;-0.52880859375;-0.7177734375;2.318508866414119
671;-0.5244140625;-0.71875;2.3494770916417558
672;-0.521484375;-0.719970703125;2.4184958588179852
673;-0.518798828125;-0.7213134765625;2.417556841086027
674;-0.516357421875;-0.7232666015625;2.4849718698565733
675;-0.515380859375;-0.724853515625;2.685102548643973
676;-0.513916015625;-0.7254638671875;2.6081259663642467
677;-0.512451171875;-0.7259521484375;2.6300577640235696
678;-0.512451171875;-0.72607421875;2.623012841532794
679;-0.51220703125;-0.7269287109375;2.65826913500992
680;-0.51220703125;-0.7266845703125;2.783938469493231
681;-0.51220703125;-0.7271728515625;2.72275246265638
682;-0.51220703125;-0.726806640625;2.6979636314782853
683;-0.512939453125;-0.7266845703125;2.796880030892293
684;-0.51318359375;-0.7265625;2.892080731926093
685;-0.51416015625;-0.72607421875;2.9451930339554324
686;-0.51611328125;-0.7254638671875;2.9618938944113693
687;-0.517578125;-0.7254638671875;3.0124459495368
688;-0.518310546875;-0.7244873046875;3.0329340472163087
689;-0.51953125;-0.7236328125;3.068748061724909
690;-0.521240234375;-0.7227783203125;3.1194333681800583
691;-0.522216796875;-0.72216796875;3.0238494017698327
692;-0.525146484375;-0.7205810546875;3.082076769915303
693;-0.527099609375;-0.72021484375;2.9708461969618636
694;-0.52880859375;-0.7198486328125;2.8131528310398966
695;-0.529541015625;-0.71875;2.777068767367345
696;-0.531005859375;-0.718017578125;2.718322876365258
697;-0.531982421875;-0.7176513671875;2.792729359701041
698;-0.5322265625;-0.71728515625;2.6893442399299867
699;-0.532470703125;-0.71728515625;2.6304811798899235
700;-0.532470703125;-0.7174072265625;2.643583033043397
701;-0.532958984375;-0.7171630859375;2.6076954526464746
702;-0.533447265625;-0.7169189453125;2.624679449324261
703;-0.53271484375;-0.717041015625;2.619887107956057
704;-0.53369140625;-0.717041015625;2.517514332766746
705;-0.53466796875;-0.716796875;2.371793790618434
706;-0.533203125;-0.716552734375;2.3331375162517602
707;-0.531982421875;-0.7174072265625;2.399781615799079
708;-0.532470703125;-0.718505859375;2.2727616429547126
709;-0.53125;-0.7181396484375;2.229101777852568
710;-0.5302734375;-0.7181396484375;2.188487258566682
711;-0.529052734375;-0.71875;2.15932169406987
712;-0.52734375;-0.71923828125;2.1639123325523544
713;-0.52392578125;-0.7205810546875;2.165198299326077
714;-0.5224609375;-0.721923828125;2.1469715435068295
715;-0.518310546875;-0.7230224609375;2.152403295089932
716;-0.5166015625;-0.7249755859375;2.1632704942734367
717;-0.514404296875;-0.725830078125;2.133827708615854
718;-0.51123046875;-0.7266845703125;2.098461165806604
719;-0.508544921875;-0.7281494140625;2.1007160971018255
720;-0.50537109375;-0.729248046875;2.1059440835463077
721;-0.500732421875;-0.7308349609375;2.117483713061516
722;-0.498291015625;-0.7335205078125;2.1406994342815047
723;-0.493408203125;-0.734375;2.0935288635944174
724;-0.4912109375;-0.7373046875;2.1045522782088244
725;-0.486572265625;-0.7384033203125;2.094005532969896
726;-0.484619140625;-0.740234375;2.093807651738989
727;-0.48095703125;-0.7415771484375;2.148450828244678
728;-0.478515625;-0.7431640625;2.1083718553979236
729;-0.47705078125;-0.7442626953125;2.115768399142999
730;-0.4736328125;-0.745361328125;2.1367913019107743
731;-0.47021484375;-0.7462158203125;2.1757139078583996
732;-0.46728515625;-0.747802734375;2.3001241545316007
733;-0.465087890625;-0.7498779296875;2.2061384889083526
734;-0.4619140625;-0.7510986328125;2.2121551185907897
735;-0.458740234375;-0.751708984375;2.204730136536874
736;-0.455078125;-0.752685546875;2.2385249428925937
737;-0.452392578125;-0.754150390625;2.199757434122103
738;-0.450927734375;-0.7548828125;2.1895550748875343
739;-0.44970703125;-0.755615234375;2.205965148157047
740;-0.44921875;-0.7552490234375;2.2592024307137306
741;-0.44970703125;-0.755615234375;2.3044848959088737
742;-0.449951171875;-0.755126953125;2.31064024766961
743;-0.450439453125;-0.756103515625;2.278429311284244
744;-0.45068359375;-0.7559814453125;2.2945387760661258
745;-0.451416015625;-0.7557373046875;2.346930767400833
746;-0.45166015625;-0.75634765625;2.4134696133705797
747;-0.45166015625;-0.755859375;2.4521760444384184
748;-0.454833984375;-0.7545166015625;2.4855399699710645
749;-0.458251953125;-0.7523193359375;2.5044844621358564
750;-0.460205078125;-0.7506103515625;2.4967783336274816
751;-0.462646484375;-0.748779296875;2.5643959900208055
752;-0.4658203125;-0.7484130859375;2.6083346125391222
753;-0.46923828125;-0.7471923828125;2.650506752424184
754;-0.4716796875;-0.7454833984375;2.647860570572581
755;-0.475341796875;-0.744384765625;2.6374878841903056
756;-0.4765625;-0.7427978515625;2.692901063850928
757;-0.47900390625;-0.7423095703125;2.7867120743891785
758;-0.48291015625;-0.7412109375;2.7770480761616145
759;-0.484375;-0.7401123046875;2.817681822258701
760;-0.48681640625;-0.7392578125;2.856961824126837
761;-0.488525390625;-0.7386474609375;2.912200966835541
762;-0.488525390625;-0.7376708984375;2.902354023064549
763;-0.489990234375;-0.73681640625;2.969429927249207
764;-0.49072265625;-0.7362060546875;2.9225473293226933
765;-0.491943359375;-0.7349853515625;2.9247033422560453
766;-0.49267578125;-0.734130859375;3.0000897883756226
767;-0.4931640625;-0.7337646484375;2.914719722672535
768;-0.493408203125;-0.734130859375;2.9074220297108035
769;-0.49462890625;-0.733642578125;2.9464260601484096
770;-0.49560546875;-0.7335205078125;2.9119017833595895
771;-0.49658203125;-0.7332763671875;2.8327281671736304
772;-0.49755859375;-0.732666015625;2.838060720468692
773;-0.498779296875;-0.73193359375;2.889626298489648
774;-0.5;-0.7315673828125;2.904539746720745
775;-0.50244140625;-0.7310791015625;2.9622987769292317
776;-0.504150390625;-0.7305908203125;2.847814091780757
777;-0.50634765625;-0.7296142578125;2.742597807381651
778;-0.5087890625;-0.7288818359375;2.705509599398923
779;-0.510009765625;-0.7274169921875;2.637934880880402
780;-0.512939453125;-0.7259521484375;2.5867053608335597
781;-0.514892578125;-0.724853515625;2.543124654621314
782;-0.52001953125;-0.72314453125;2.5477083069821
783;-0.523681640625;-0.7215576171875;2.533905188320411
784;-0.526123046875;-0.720458984375;2.5119549996878567
785;-0.53076171875;-0.7176513671875;2.4539483898548324
786;-0.53564453125;-0.716064453125;2.4475344061721587
787;-0.541015625;-0.712158203125;2.4781483202546415
788;-0.549072265625;-0.7081298828125;2.485075746515716
789;-0.5537109375;-0.7059326171875;2.573994865996175
790;-0.559814453125;-0.7020263671875;2.6142639892663126
791;-0.566162109375;-0.699951171875;2.6822664999412282
792;-0.571044921875;-0.69677734375;2.668287909132591
793;-0.576416015625;-0.693359375;2.6627972512360274
794;-0.584228515625;-0.69140625;2.752644628697687
795;-0.5888671875;-0.6884765625;2.787780357346112
796;-0.59375;-0.6859130859375;2.815521094993931
797;-0.598388671875;-0.68359375;2.794033115268642
798;-0.602783203125;-0.68115234375;2.812207467877713
799;-0.605224609375;-0.6802978515625;2.760345072985552
800;-0.608154296875;-0.6785888671875;2.751775403252021
801;-0.611083984375;-0.6776123046875;2.7893312101427914
802;-0.61083984375;-0.6767578125;2.737503765255262
803;-0.611328125;-0.6766357421875;2.764784393838257
804;-0.611572265625;-0.6768798828125;2.840353377199917
805;-0.610107421875;-0.6767578125;2.879067854451127
806;-0.609375;-0.6771240234375;2.778404393244342
807;-0.60888671875;-0.6778564453125;2.8022162695880035
808;-0.606201171875;-0.6783447265625;2.824324526299619
809;-0.603759765625;-0.6785888671875;2.81275817873017
810;-0.60205078125;-0.679931640625;2.771953693091061
811;-0.59912109375;-0.6815185546875;2.648079153302875
812;-0.595947265625;-0.6822509765625;2.576161231803279
813;-0.593017578125;-0.683837890625;2.6274958394456043
814;-0.590087890625;-0.6851806640625;2.4993688137843164
815;-0.5869140625;-0.68701171875;2.4278004318616873
816;-0.583251953125;-0.6898193359375;2.390554768349784
817;-0.580078125;-0.69091796875;2.3758680386793447
818;-0.57763671875;-0.693115234375;2.411143117741142
819;-0.574462890625;-0.6932373046875;2.3953185022268153
820;-0.572509765625;-0.6951904296875;2.4182753248665025
821;-0.568603515625;-0.697265625;2.392506184432579
822;-0.5654296875;-0.6976318359375;2.3626061670416085
823;-0.56201171875;-0.6990966796875;2.309724074766698
824;-0.55615234375;-0.7003173828125;2.3145441648038547
825;-0.552978515625;-0.7021484375;2.3116704296114348
826;-0.54736328125;-0.7044677734375;2.2978376732569283
827;-0.542724609375;-0.706787109375;2.3048095593894096
828;-0.538330078125;-0.7093505859375;2.295803252893839
829;-0.533203125;-0.7115478515625;2.29176800755
830;-0.53125;-0.714111328125;2.251217824763663
831;-0.52587890625;-0.7174072265625;2.225397588450549
832;-0.52001953125;-0.7191162109375;2.234727241448698
833;-0.515380859375;-0.7216796875;2.272753817333045
834;-0.510986328125;-0.7239990234375;2.260082927286487
835;-0.505615234375;-0.725341796875;2.291819657874203
836;-0.501953125;-0.728515625;2.2735210008230573
837;-0.499267578125;-0.730712890625;2.2945519859403882
838;-0.49365234375;-0.732421875;2.340422020790697
839;-0.49169921875;-0.73388671875;2.435414273185812
840;-0.4892578125;-0.736328125;2.4762443730964323
841;-0.48779296875;-0.7371826171875;2.5246066591577243
842;-0.48583984375;-0.73828125;2.642724522899178
843;-0.482177734375;-0.739013671875;2.692855316808909
844;-0.480224609375;-0.7398681640625;2.665382436767098
845;-0.47900390625;-0.741455078125;2.6938515965095733
846;-0.476806640625;-0.7427978515625;2.7920618093997005
847;-0.47412109375;-0.743408203125;2.9095015651839105
848;-0.473388671875;-0.744384765625;2.846246639294997
849;-0.4716796875;-0.744873046875;2.802766267397203
850;-0.47021484375;-0.7447509765625;2.8228451914012433
851;-0.46923828125;-0.7449951171875;2.9748385775636863
852;-0.46875;-0.745361328125;3.0417080185623173
853;-0.46728515625;-0.74560546875;2.95948377341356
854;-0.465576171875;-0.74658203125;2.9825080114385814
855;-0.46533203125;-0.74755859375;2.9403726806448036
856;-0.46484375;-0.7481689453125;2.895602798912805
857;-0.464111328125;-0.74853515625;2.7496058438019557
858;-0.463134765625;-0.749755859375;2.7321276310989875
859;-0.463623046875;-0.7498779296875;2.7214471515757204
860;-0.464599609375;-0.7493896484375;2.6056054038320786
861;-0.465576171875;-0.75;2.5882657551159305
862;-0.465087890625;-0.74951171875;2.605232478937844
863;-0.4658203125;-0.74853515625;2.6633114317376076
864;-0.466796875;-0.7484130859375;2.587922994423964
865;-0.46826171875;-0.7481689453125;2.531175407528737
866;-0.4697265625;-0.7471923828125;2.5305352824070337
867;-0.4716796875;-0.746337890625;2.3845256151062704
868;-0.47314453125;-0.7464599609375;2.3221276915097158
869;-0.474853515625;-0.7454833984375;2.2909179202673857
870;-0.476806640625;-0.74462890625;2.29065420253573
871;-0.47900390625;-0.743408203125;2.319535777558038
872;-0.482177734375;-0.7418212890625;2.3085159358934932
873;-0.48583984375;-0.7398681640625;2.284925360857584
874;-0.488525390625;-0.73876953125;2.214519328870295
875;-0.490966796875;-0.738037109375;2.2729739748621185
876;-0.492431640625;-0.7366943359375;2.2811528812998465
877;-0.496337890625;-0.7353515625;2.1389468725154734
878;-0.49853515625;-0.73388671875;2.062422455264398
879;-0.502197265625;-0.732666015625;2.0221016680445527
880;-0.50390625;-0.7315673828125;2.0224394900349103
881;-0.50537109375;-0.731201171875;2.0025045810527207
882;-0.507080078125;-0.7296142578125;1.937686334500486
883;-0.509521484375;-0.728759765625;1.9168670426453498
884;-0.512451171875;-0.7276611328125;1.8981998718513988
885;-0.514892578125;-0.725830078125;1.8693243744331387
886;-0.51904296875;-0.72412109375;1.8230999508777763
887;-0.521484375;-0.722900390625;1.801901051384319
888;-0.525390625;-0.7205810546875;1.7988489801841994
889;-0.529296875;-0.7188720703125;1.8043020588878076
890;-0.531982421875;-0.717529296875;1.7859957205175638
891;-0.536865234375;-0.71484375;1.8004222274510664
892;-0.541259765625;-0.712646484375;1.8065247072670165
893;-0.54638671875;-0.7109375;1.8060931069173733
894;-0.54931640625;-0.709228515625;1.8038081943450996
895;-0.55517578125;-0.7059326171875;1.8100600882673648
896;-0.559814453125;-0.7034912109375;1.8573456805125321
897;-0.564453125;-0.701904296875;1.8896358626534675
898;-0.56982421875;-0.69873046875;1.8188799797148771
899;-0.57763671875;-0.6951904296875;1.855124896146615
900;-0.583740234375;-0.6920166015625;1.7928138904862603
901;-0.588134765625;-0.689453125;1.8019311208812894
902;-0.59375;-0.68603515625;1.7482785225640687
903;-0.60107421875;-0.682373046875;1.7248509095569649
904;-0.6083984375;-0.6787109375;1.6570136974710488
905;-0.6162109375;-0.6749267578125;1.6476620729703704
906;-0.625;-0.670654296875;1.6303504664938406
907;-0.633056640625;-0.666748046875;1.6529717184216863
908;-0.635986328125;-0.6644287109375;1.576480535199732
909;-0.642578125;-0.6611328125;1.556483607671737
910;-0.650390625;-0.656982421875;1.6368455815482685
911;-0.65673828125;-0.6536865234375;1.5440339026051297
912;-0.6630859375;-0.6507568359375;1.47947017039868
913;-0.66748046875;-0.6484375;1.4345726891490431
914;-0.67236328125;-0.6461181640625;1.3542103790256437
915;-0.67529296875;-0.64404296875;1.3259941722860769
916;-0.678466796875;-0.64208984375;1.349568446164789
917;-0.679931640625;-0.6414794921875;1.3030665375561912
918;-0.681884765625;-0.640380859375;1.2684420773310214
919;-0.684326171875;-0.63916015625;1.2624395192365239
920;-0.68505859375;-0.6392822265625;1.2767312701856086
921;-0.685791015625;-0.6383056640625;1.3284730285029305
922;-0.6875;-0.637451171875;1.3837226755836454
923;-0.688720703125;-0.6375732421875;1.3661400465343219
924;-0.68896484375;-0.63818359375;1.2968978725338467
925;-0.6904296875;-0.637451171875;1.2789795782890054
926;-0.689697265625;-0.6373291015625;1.2996377251749662
927;-0.68994140625;-0.63720703125;1.2980727155772378
928;-0.691162109375;-0.63720703125;1.2531543749864824
929;-0.691162109375;-0.6373291015625;1.2421271263251088
930;-0.692138671875;-0.6363525390625;1.2437746374828875
931;-0.690673828125;-0.63623046875;1.2556665138818088
932;-0.689453125;-0.635009765625;1.2790593425492771
933;-0.68896484375;-0.6361083984375;1.3192002915960628
934;-0.687255859375;-0.6368408203125;1.4160505135850725
935;-0.68603515625;-0.6370849609375;1.453883895907775
936;-0.684814453125;-0.6380615234375;1.510316479746563
937;-0.683349609375;-0.6390380859375;1.5192900183946874
938;-0.682373046875;-0.6397705078125;1.4554157973770638
939;-0.6806640625;-0.6405029296875;1.4794353779720726
940;-0.678466796875;-0.641357421875;1.47304227037756
941;-0.67529296875;-0.64306640625;1.4163366813922162
942;-0.672119140625;-0.644287109375;1.4041424659841155
943;-0.6689453125;-0.647216796875;1.4604887210376265
944;-0.66357421875;-0.6484375;1.4286142943570688
945;-0.658203125;-0.6502685546875;1.3902165205411923
946;-0.65380859375;-0.6529541015625;1.3728614584213117
947;-0.64990234375;-0.655517578125;1.374789675902219
948;-0.64501953125;-0.6572265625;1.3953839417279699
949;-0.639404296875;-0.66015625;1.420190794014733
950;-0.635009765625;-0.662109375;1.4112295008725684
951;-0.63134765625;-0.664306640625;1.3932939305138459
952;-0.624755859375;-0.6668701171875;1.3903749661088385
953;-0.62060546875;-0.669189453125;1.392717171538334
954;-0.61572265625;-0.6719970703125;1.3980850871163104
955;-0.609619140625;-0.6739501953125;1.4052227500213692
956;-0.603759765625;-0.67626953125;1.4140782807792451
957;-0.5986328125;-0.6790771484375;1.4253500875795848
958;-0.5947265625;-0.6820068359375;1.4400487586311366
959;-0.58984375;-0.6837158203125;1.4621881860331767
960;-0.586181640625;-0.685546875;1.5075837685506368
961;-0.580322265625;-0.68798828125;1.490653220827395
962;-0.576171875;-0.690673828125;1.5067578227093876
963;-0.572021484375;-0.692626953125;1.544956087201995
964;-0.568603515625;-0.6939697265625;1.5666112673975037
965;-0.565673828125;-0.6959228515625;1.5982287578713779
966;-0.5634765625;-0.697265625;1.6822441249249904
967;-0.56298828125;-0.697509765625;1.7577752304670167
968;-0.5625;-0.6982421875;1.8291257720020206
969;-0.56103515625;-0.69921875;1.7656734597962838
970;-0.5615234375;-0.6995849609375;1.7545745888988753
971;-0.560546875;-0.7001953125;1.7050967103057635
972;-0.560302734375;-0.7000732421875;1.7708820936168017
973;-0.560546875;-0.7000732421875;1.665135033769156
974;-0.56005859375;-0.70068359375;1.6194080639073518
975;-0.56005859375;-0.7001953125;1.589472924836699
976;-0.560546875;-0.6998291015625;1.5764875099631108
977;-0.561279296875;-0.6998291015625;1.6211902300767318
978;-0.56103515625;-0.699462890625;1.6354768697617903
979;-0.561279296875;-0.6988525390625;1.6256914042642612
980;-0.56201171875;-0.6983642578125;1.672164207749114
981;-0.56201171875;-0.69775390625;1.6108968170958644
982;-0.5625;-0.697021484375;1.6454384526301111
983;-0.56298828125;-0.6976318359375;1.6062973436471468
984;-0.56201171875;-0.6976318359375;1.6333382701752381
985;-0.56201171875;-0.697021484375;1.65428273092333
986;-0.564208984375;-0.6962890625;1.6632853111908255
987;-0.565185546875;-0.6964111328125;1.6770542802763442
988;-0.56689453125;-0.696044921875;1.8049369824315795
989;-0.569091796875;-0.695556640625;1.9397470158694632
990;-0.57080078125;-0.6953125;1.8257327650996809
991;-0.572998046875;-0.69384765625;1.8319484409536586
992;-0.577392578125;-0.69189453125;1.737916601099674
993;-0.580322265625;-0.690673828125;1.8185084447998627
994;-0.583740234375;-0.6890869140625;1.8129455391479945
995;-0.5869140625;-0.6875;1.6450380152378896
996;-0.590576171875;-0.6856689453125;1.636780382459303
997;-0.594482421875;-0.68359375;1.5755617594874287
998;-0.59912109375;-0.6806640625;1.4994302414659202
999;-0.60302734375;-0.6785888671875;1.501398466918343
1000;-0.608154296875;-0.677001953125;1.4878125816337329
