0;-0.5407553088065549;-0.4621387491889232;1.5014491358137727
1;-0.543113754926584;-0.42233803006939874;1.5751896703603254
2;-0.5457517292555362;-0.42434342371797895;1.6182115105937949
3;-0.5485484388551084;-0.42555077716949885;1.6847413574682188
4;-0.5511270192680837;-0.46155889902677805;1.4744696743725272
5;-0.5537475570560197;-0.4264537218272454;1.6513905361947865
6;-0.5562946795346078;-0.4262634338242464;1.5216985757220578
7;-0.5586712273917555;-0.4281818462520905;1.6217019618609356
8;-0.5607877915952931;-0.4283862703347277;1.4946387542175017
9;-0.5625472367112822;-0.43620225690388187;1.5868575717860596
10;-0.5639463370041069;-0.4319403652227271;1.5692310084436953
11;-0.56485382656284;-0.460603367993926;1.4009851198564218
12;-0.5653593343749116;-0.43512237576274215;1.5291676656257778
13;-0.5653643072526123;-0.46162930479549263;1.375965548248118
14;-0.5649407406360214;-0.440155946497679;1.4429568714209027
15;-0.5640328721523113;-0.4634380643731171;1.3502443260707468
16;-0.5627271317322873;-0.4429650741397765;1.370521527998599
17;-0.5609830404985988;-0.46597846682310184;1.3244572878253282
18;-0.5588538167564054;-0.46144040114059176;1.3456375725402134
19;-0.5563928379315647;-0.4561596875606253;1.3891849750076786
20;-0.5536160169641015;-0.47095706320771746;1.2869157410830094
21;-0.5506275988575402;-0.4558129775697405;1.3181427976868652
22;-0.5474334447532408;-0.4646577326838865;1.326216467863915
23;-0.5441066348086168;-0.4621582773208015;1.2635762587991577
24;-0.5407033145855258;-0.464186435071374;1.2408087861214103
25;-0.5372170452020338;-0.4806515209224809;1.2309720189733788
26;-0.533698314948894;-0.47937936467819137;1.2406904972871775
27;-0.5301849858133879;-0.4816001713778266;1.2297728435534085
28;-0.526703541761744;-0.4824059047115352;1.2123858115335244
29;-0.5233291496692511;-0.4775327975875486;1.1221376618805656
30;-0.5200485391535071;-0.4898381361789791;1.186762309340376
31;-0.5168789981215653;-0.4914525383317412;1.1794175801728828
32;-0.5138232320205449;-0.4926225744768367;1.1509280949990315
33;-0.5109060220255498;-0.4944509689589662;1.166122171612055
34;-0.5081310645141419;-0.4946410797815501;1.1695029981892968
35;-0.5054850106384852;-0.4957102216344363;1.13474507492311
36;-0.5029767883876785;-0.49834161177884867;1.1492851814155605
37;-0.5005929339886948;-0.4987854240848338;1.1512971140523625
38;-0.4982963908116152;-0.5043727226410759;1.0810897559592973
39;-0.49612260999623514;-0.49603806884687063;0.9483922631641325
40;-0.49406874236500664;-0.49639098525228;0.9316082284188824
41;-0.4920999441095469;-0.5033176459671299;1.1319876100566393
42;-0.49022447655931445;-0.4999719020951508;0.9112646624374365
43;-0.48842790470809877;-0.5050241187245426;1.1208434973560673
44;-0.48669811318761996;-0.5058172592933261;1.1176695620182304
45;-0.48503710706475944;-0.5034087400778848;0.8786970161313179
46;-0.48345615072497705;-0.5044877002349298;0.868531617431041
47;-0.4819328190336313;-0.5137272089868594;1.056918263554698
48;-0.48050760893282496;-0.5184418866219695;1.0011241656308032
49;-0.4791617608531726;-0.5106511144855106;1.1010409501927356
50;-0.4779504112718088;-0.5087050680047159;0.8290980877946281
51;-0.47687888024288944;-0.518742252989927;1.03043387084419
52;-0.4759800169316123;-0.5199455698162704;1.0225817262745536
53;-0.47529679809308006;-0.5115379473663572;0.79833834568471
54;-0.4748983200105584;-0.5254273383377744;0.9507184802720652
55;-0.4747685536670174;-0.5232574341739299;0.9949100074785681
56;-0.47489857953097975;-0.5207915553406429;1.0109694442399704
57;-0.47525590157069153;-0.5160713309391706;1.0537030705528418
58;-0.47592680797180964;-0.5146838264782541;0.7401997720512933
59;-0.4768265856075309;-0.5124001928930031;1.0552246174575028
60;-0.47804867931222583;-0.5269352770236206;0.9342035322380022
61;-0.4796648239055745;-0.5293553828790926;0.8658079258621136
62;-0.4816012195254945;-0.5275755314459425;0.9057594397446067
63;-0.48380273846012856;-0.524491236231498;0.9204631346978257
64;-0.486260719594836;-0.5246595225151197;0.9057697096273502
65;-0.48888221864145753;-0.5180396310773725;0.9676837947037727
66;-0.4917494458188654;-0.5134986848195886;0.6375497064752687
67;-0.49476493996839144;-0.5181890210435767;0.9421221729824889
68;-0.4979787040770719;-0.5243419936445278;0.8465736485547339
69;-0.5012602831164492;-0.5115212378420393;0.9597309374463813
70;-0.5047084372840341;-0.5103778077207777;0.5927379866078664
71;-0.508343715504862;-0.5246788692189299;0.7221951437003742
72;-0.5120667785745219;-0.5225231667994535;0.7915573320390167
73;-0.515895844929306;-0.5228520920263138;0.6971110560574858
74;-0.5196668219960998;-0.519589923857406;0.8540862927376485
75;-0.5234788125607958;-0.5208383605886122;0.7559173753806344
76;-0.5273366108323099;-0.5204665654894585;0.6638565324505906
77;-0.5311096713498843;-0.5213175456327958;0.8207615382331425
78;-0.5349040817383192;-0.5008824664098804;0.5310775183395106
79;-0.5386492287623271;-0.523057039861116;0.8006979433888115
80;-0.5423802145504345;-0.5241722717211972;0.791354506106781
81;-0.5462199284161146;-0.5198021763050072;0.6678200519697464
82;-0.5501716507491781;-0.5161157656038061;0.6954475106782474
83;-0.5540432152424959;-0.5234511502028207;0.824459501796754
84;-0.5578706126992511;-0.5252938072004629;0.8170369060733156
85;-0.5617659943975304;-0.4898881188112393;0.5040144923605486
86;-0.5657636171257168;-0.5166420782551722;0.6380207054505641
87;-0.5698545276562995;-0.5116230255664188;0.6701348940564025
88;-0.5739217226401525;-0.5138842074912675;0.5795753665377124
89;-0.5779344046152572;-0.4829886689119663;0.4950733529868171
90;-0.5818733459728697;-0.5136412544907298;0.5721575341539492
91;-0.5857152042926879;-0.4799493454947974;0.4925139503910768
92;-0.5894533489141562;-0.5386517047886902;0.7157106795474535
93;-0.5930501562615127;-0.477320805151819;0.4891189207432648
94;-0.5966205913937725;-0.5069470017788019;0.6559697364539101
95;-0.6001623091738842;-0.5065336991980091;0.6558178889469987
96;-0.6034668718941537;-0.536902112030798;0.7575997250264456
97;-0.6067617408213153;-0.5059737237472424;0.6567878636478202
98;-0.6099695235568735;-0.5150640196518781;0.5612868205555153
99;-0.6132338759435276;-0.5057974509139904;0.6592868599769857
100;-0.6164859086103678;-0.5164139467261846;0.5629258123426739
101;-0.6198750969000624;-0.5059812922037975;0.6630453159575878
102;-0.6233482152171611;-0.4658435965375228;0.503166419534145
103;-0.6268528482386837;-0.5470897802178769;0.7029361418366826
104;-0.630397542004683;-0.5478708948157196;0.7041935689603407
105;-0.6342003882820241;-0.5061410700700978;0.6732525858812473
106;-0.6381825762980745;-0.5198787321907232;0.5750881060031132
107;-0.6424109790716077;-0.5180815547234122;0.6380735263086095
108;-0.6469032005946154;-0.5063146815302025;0.6825155742319502
109;-0.6515539353641006;-0.5211909314289511;0.5843617962663463
110;-0.6562893956659352;-0.5379532992125733;0.7600920425063324
111;-0.6610819124413942;-0.4499108018256882;0.5238690437363271
112;-0.6660009804561169;-0.5060269214966298;0.6962329903967107
113;-0.6708162032749401;-0.4432594710246081;0.5303745638711163
114;-0.6756208034048248;-0.5328365411444842;0.7766331139714726
115;-0.680149949532399;-0.440877654230889;0.5337873668151394
116;-0.6845209774833099;-0.5180768152625124;0.6708839670690472
117;-0.6886454488486067;-0.5177169392683572;0.6744823606398743
118;-0.6923705134920068;-0.5177794667118153;0.6191319226216687
119;-0.6956839044560514;-0.5037751907873523;0.7196278506726859
120;-0.6982316757564636;-0.4300867592462533;0.5387610845084091
121;-0.7000053695307575;-0.4293290619102306;0.5379678502043619
122;-0.7013377508704057;-0.5055563303339031;0.725462919055231
123;-0.7022296002775097;-0.5066016243447938;0.7264236188640902
124;-0.7029569778528852;-0.5362608133510283;0.7829327980315601
125;-0.7028845052329169;-0.4318742849486382;0.5304903908398688
126;-0.7026367095100075;-0.5100354956621538;0.8292016889747519
127;-0.7016711443304777;-0.4301999796020687;0.5185677190497714
128;-0.7003578016014904;-0.5213078659380885;0.6267157064876238
129;-0.6988460564955229;-0.5263989507082316;0.684096646870562
130;-0.6970436689184307;-0.5233452728325193;0.6227291078286474
131;-0.6950956815377657;-0.5166930555755541;0.720262963452237
132;-0.6930421588771997;-0.5057971474524211;0.8409131394874101
133;-0.6903718268933077;-0.43939580159175173;0.48967147142557765
134;-0.6876230535277507;-0.5057605960867091;0.8445716183633438
135;-0.684900047723776;-0.5346951337329705;0.6747767462386364
136;-0.6816207343971882;-0.44379535521727254;0.4745748661880381
137;-0.6783235571425439;-0.5323759089717155;0.610624943535207
138;-0.6751424592247145;-0.5258618140737242;0.7148904353854182
139;-0.671482285895964;-0.4459606807484691;0.45619872455334276
140;-0.6679028534349388;-0.5363022854446013;0.6097916189452779
141;-0.6643983598565134;-0.5376560737564453;0.6102010128625355
142;-0.660683969301371;-0.5091742666332043;0.8638200721048228
143;-0.6571491999539081;-0.5311261800827356;0.7212326487347174
144;-0.6531168630267669;-0.4587010556336547;0.450274656117182
145;-0.649079236026715;-0.5325104363872661;0.8225505032774447
146;-0.6450677531698288;-0.5439212573911538;0.6168876936273651
147;-0.6406676529504148;-0.5148496504746062;0.8782844266269937
148;-0.6357805490605747;-0.4633044210126262;0.43909229638559977
149;-0.6309338653621481;-0.5475365021518503;0.6238686943422304
150;-0.6259240279935697;-0.5380872087467133;0.8390612867487828
151;-0.6204609468934286;-0.474094093503095;0.44603144696569463
152;-0.614669136359887;-0.5255931535962032;0.8924509280130348
153;-0.6085873286700682;-0.5284813861652257;0.895081125578263
154;-0.6028210427698372;-0.5511402660580212;0.7136949847242055
155;-0.59679603866837;-0.4808830437450273;0.440928921134357
156;-0.5911812963752198;-0.552265526873588;0.7211804429037425
157;-0.585436906683258;-0.48608850791823816;0.4424920082392396
158;-0.5797228888977424;-0.4886815592123007;0.44331087242935796
159;-0.5741942048758177;-0.49129022936711697;0.4441224652153358
160;-0.5690014774493459;-0.497657130746725;0.45094009704712135
161;-0.5642868729780538;-0.49620710709632376;0.4456531985275973
162;-0.5606108617999165;-0.5524106911902432;0.7383177988991465
163;-0.5575500696680544;-0.4999231663383143;0.4470075692029407
164;-0.5556566416675289;-0.5360147146714102;0.7905489004116377
165;-0.554924693516019;-0.5486849962261229;0.7418128162540212
166;-0.5548893888814698;-0.5524530906337904;0.9099256698189988
167;-0.5556724559774214;-0.5014526267934639;0.44936594832064525
168;-0.5573600307404657;-0.5042749717490496;0.4541441874752292
169;-0.5599792172244483;-0.5495462428439405;0.9045560378016643
170;-0.5635642937260517;-0.5480291340686543;0.9018162336828665
171;-0.5683298162251532;-0.5443952104226989;0.6546441849591482
172;-0.5739453117796246;-0.49255115968085894;0.45316101142669574
173;-0.5803619381737929;-0.489402672634438;0.45422703053638236
174;-0.587681299775941;-0.5320896302126928;0.648059698250331
175;-0.5955820136231454;-0.4821850426023446;0.45670113366059795
176;-0.6041772051653045;-0.4891989934512794;0.770915155044179
177;-0.6132899402141055;-0.5001233942833265;0.7182095990062796
178;-0.6227627785759519;-0.49510406081619507;0.714057173085558
179;-0.6324580906139291;-0.4737144041566833;0.7578279725889698
180;-0.6422666241160505;-0.5147151414694744;0.8097515810669819
181;-0.652135127990341;-0.5001123062183774;0.6234006922144293
182;-0.6619326990161711;-0.4571473855889251;0.46368054011800786
183;-0.6716472645350003;-0.4533320549726749;0.4635602544728178
184;-0.6812684742917775;-0.4497296606798276;0.46300831199289927
185;-0.690840948934948;-0.48498268575771036;0.602183289689401
186;-0.7002783483148626;-0.44316324987951944;0.4603937581881492
187;-0.709605636188297;-0.4590944338777233;0.6623273772618161
188;-0.7189320524386069;-0.4846421798014591;0.743863031351616
189;-0.7282833411525971;-0.4797630742163283;0.7780319937377007
190;-0.7374329024057077;-0.47136874391226263;0.5671331318790023
191;-0.7465442395872183;-0.4746408230942853;0.7605307038316016
192;-0.7555676823079307;-0.47260712813061284;0.7518404912060337
193;-0.7641581374355028;-0.44600333187630725;0.6153669149744689
194;-0.7724812741037868;-0.47272179811624804;0.6890954746173616
195;-0.7802027381381635;-0.4193184158582009;0.4294093151824061
196;-0.7875008318601375;-0.47152168932445043;0.6719637721190637
197;-0.7943119248592818;-0.4674969142430465;0.7113858178803738
198;-0.8002240419581623;-0.44448604921380286;0.5763777463162205
199;-0.8051707358235243;-0.4456657332225348;0.5693583887352615
200;-0.8093626002445848;-0.47449484267016395;0.6423756589102806
201;-0.8124648018710388;-0.4311994757962807;0.3927329100678627
202;-0.8144378586433954;-0.4309352238020099;0.6018143864161842
203;-0.8153600091575686;-0.45641320481597547;0.5453803527925521
204;-0.8155212924099506;-0.4851424508647329;0.6214295838397343
205;-0.8147460321424256;-0.4650374332027514;0.5361234887118185
206;-0.8132373336099404;-0.49012758178288607;0.4608447720159975
207;-0.8111391314183501;-0.494955031502584;0.45809586559717175
208;-0.8085117442093189;-0.4633704552132628;0.373334637522056
209;-0.8055675938645995;-0.48575425643421183;0.5231880152452597
210;-0.8026769050031386;-0.5022284993479342;0.6661253238322683
211;-0.8000176244387834;-0.5159690280876713;0.6090906655594485
212;-0.7975466591325807;-0.5008785541994565;0.5179934532263453
213;-0.7954904346898948;-0.5233778627009237;0.45347877413016524
214;-0.7938507266135673;-0.509326962308747;0.5163696431932877
215;-0.792789491318608;-0.5305001744213508;0.45596447121378103
216;-0.7922033906193591;-0.49664343396258737;0.3833250390620201
217;-0.7923543985317227;-0.5360928198366554;0.6211698406079664
218;-0.7931097607186599;-0.5378819889377138;0.4625107290179009
219;-0.7945627887183391;-0.5247960712120504;0.6974379293077488
220;-0.7963665886814384;-0.5075349328013719;0.3930210912778933
221;-0.7984796272400843;-0.5158282950980685;0.3931206007932412
222;-0.8008100370316718;-0.5106671993853164;0.3990986837181214
223;-0.803590678690246;-0.522482488584285;0.7202825498862544
224;-0.8064731854582152;-0.5269233069315907;0.5201337767023082
225;-0.8092697392518422;-0.5092219840807876;0.554697136488945
226;-0.8120602742046061;-0.5270935570471665;0.5211405549393023
227;-0.8150594537850394;-0.5150233777774342;0.7423730539047023
228;-0.8179260313374133;-0.5148174495713642;0.41922138649341756
229;-0.8208390692765742;-0.5388267706611949;0.4954193784339884
230;-0.8237758786672487;-0.5379951475935141;0.49781873689327505
231;-0.8267181322771713;-0.5371413133631415;0.5000027989595822
232;-0.8294873664441489;-0.5256871886003913;0.5208595766162003
233;-0.8320830230334497;-0.5254507645462003;0.5202353935538268
234;-0.834705384386933;-0.49695954797394193;0.769595702315089
235;-0.8371487215510585;-0.5248410077367374;0.5184908311716727
236;-0.839263194752022;-0.5108941420050319;0.5378758517463322
237;-0.8414641000431724;-0.5170537271007198;0.677609747106211
238;-0.8433484835483729;-0.511222509083054;0.5332492629107308
239;-0.8452298866529333;-0.4835696292416519;0.7768166485378296
240;-0.8471853938223692;-0.5110670567680496;0.676127453637996
241;-0.8489843712884626;-0.5190636799535168;0.4587136253535282
242;-0.8504861910748218;-0.5111046975586462;0.523080946044962
243;-0.8518722569307613;-0.5184007013867171;0.46272683503014467
244;-0.8531581734989679;-0.5212130132484147;0.503830615597562
245;-0.8541874322386447;-0.5116924200390219;0.5148713570754515
246;-0.8551353356949711;-0.46698617545358595;0.7703127272435383
247;-0.8558499676195948;-0.512211380291145;0.5091650790253786
248;-0.8565083226242922;-0.5201562142561813;0.4945044374619586
249;-0.8570808451190343;-0.5146961477632467;0.46731326228261916
250;-0.8576046681287229;-0.5197505705329344;0.4892377019459311
251;-0.8579830450974166;-0.45639454410761626;0.7552864041945567
252;-0.8582043713046325;-0.45467680812865463;0.7513452661350642
253;-0.8585035279115948;-0.5158658837676307;0.4928383316122027
254;-0.8587390370627036;-0.5137030912302936;0.4689943624209949
255;-0.8589521858950954;-0.5153529353998212;0.47181750959456925
256;-0.8589156081493878;-0.44935508850308886;0.7327618142410836
257;-0.8587147705034043;-0.5129115667933686;0.47720667194530253
258;-0.8585163645722172;-0.5120760745539212;0.4668754524536691
259;-0.8580296963390304;-0.4464160397153142;0.7161862201824426
260;-0.8575937462461803;-0.5126603268021123;0.46717180637734756
261;-0.8571761613527754;-0.5141395739121746;0.45235036334899004
262;-0.8568046491027363;-0.5101509173150507;0.46183031394927776
263;-0.8565198736869817;-0.5066515763278947;0.45862825149430764
264;-0.8561275903147761;-0.5117645038796784;0.45073354563450674
265;-0.8556463323572763;-0.5116588150514213;0.4467259172222505
266;-0.855270062957548;-0.5094723131642416;0.4559008630424951
267;-0.8547530253102972;-0.47294506734878156;0.5607444485190682
268;-0.8543394044758752;-0.507459325963661;0.4499539440817105
269;-0.8540371114808241;-0.5077865920117897;0.44863874014757765
270;-0.8537955837673349;-0.5013586449911297;0.4272666656479174
271;-0.853467780669677;-0.5105441966641964;0.42227777454684823
272;-0.8529103137584102;-0.4687549300994981;0.5287175342849957
273;-0.8517593354466539;-0.4361231906968324;0.6232896522197717
274;-0.8503712803883983;-0.4683448378611099;0.5162585413219969
275;-0.849124679244297;-0.5032732360445222;0.4328649624765698
276;-0.8480084398646264;-0.5026390144609431;0.4303971171829357
277;-0.8465573256918155;-0.46942778846342237;0.4984792359894087
278;-0.8452335394082084;-0.5020875675012463;0.4250005265616613
279;-0.8439380568793575;-0.5051625930783037;0.3772740307602821
280;-0.8426450624300814;-0.4964374090134123;0.38339693885885906
281;-0.8414592731685293;-0.5007162614414258;0.41766005459009814
282;-0.8393789754718821;-0.4457985307410292;0.5691424962176216
283;-0.8373663329285924;-0.5038846810134707;0.36372015519648704
284;-0.8353764135444879;-0.496137824250039;0.3690924114719717
285;-0.8334514788322578;-0.5034982879080186;0.35787368272913167
286;-0.8316673407878376;-0.4993440485163249;0.40693398509165957
287;-0.8289019072850905;-0.45511799617534243;0.546682804672833
288;-0.8263386936335653;-0.49852897244155575;0.4052076288570092
289;-0.8238922387329805;-0.5031172831583559;0.3481757648507482
290;-0.820465063451165;-0.46264751677271027;0.5361986704104056
291;-0.8172423833609466;-0.5030515900398169;0.34435257195074753
292;-0.8142844837346616;-0.49840568304252136;0.39934426929328337
293;-0.8114375042883223;-0.4983727891185308;0.34662511939282037
294;-0.8087081516044514;-0.5054692536839329;0.35831757313117796
295;-0.8061755739587755;-0.5029626307885338;0.3387330590506348
296;-0.8037587350211985;-0.5054425087232043;0.356581039939608
297;-0.8002977773110603;-0.48117397554372726;0.5201135804908192
298;-0.7971422440708313;-0.5028294632864829;0.33617315280589366
299;-0.794331003940123;-0.4989066174796692;0.38926587730260276
300;-0.7918443673696104;-0.49883277713018126;0.3884387948898287
301;-0.7883410902231688;-0.491661855147702;0.5154064238583067
302;-0.7844820857371062;-0.5041081188694968;0.4234153447244333
303;-0.781103590337836;-0.49842481173165476;0.38624229470595384
304;-0.7780601604816566;-0.5042743598406898;0.35539387521479326
305;-0.7746656187245733;-0.5104714017752222;0.42257111992404384
306;-0.7709809987008468;-0.512628184808041;0.42253560469572227
307;-0.767062430955002;-0.5151332903914108;0.4226076382263553
308;-0.7636364967572005;-0.5006221878223146;0.3350996587516303
309;-0.7607088694146953;-0.5008906219079369;0.35875049771268275
310;-0.7583331773191244;-0.4976569536308091;0.33725945491405185
311;-0.756402719561242;-0.49909373332971274;0.36084905439998427
312;-0.7536494010643063;-0.5284646839856358;0.5128827919460863
313;-0.7502361081908022;-0.5315018637430177;0.5129564763829675
314;-0.7475895819439201;-0.4917776021172907;0.37854587767216985
315;-0.7456533717835958;-0.49066260067695;0.37746548878066
316;-0.7443688293613121;-0.48892855719186984;0.3804044903163678
317;-0.7429552959813358;-0.5328318540400223;0.4261145564826955
318;-0.7409963087926602;-0.5450543298803306;0.5123877604009167
319;-0.7396991792757777;-0.49414307127612905;0.3328516876490909
320;-0.7390093811987395;-0.49311324526866324;0.332094158093458
321;-0.7389704195004209;-0.4833712113024947;0.34673137956110367
322;-0.7395196119681504;-0.48029002267384613;0.36952211150429837
323;-0.7405838819684689;-0.47942711802520843;0.36139694019373714
324;-0.7411027392594256;-0.553825935131172;0.5068460552614036
325;-0.7416143023787226;-0.5382242222472781;0.42530518719737653
326;-0.7426844752163165;-0.4739002454457049;0.35711674640798785
327;-0.743722127430884;-0.5385630643813902;0.4241685563426365
328;-0.7447602058152353;-0.5387532287778828;0.4236121791033446
329;-0.746232879033415;-0.46917366726276766;0.3383416774747031
330;-0.7480420366622857;-0.46649529190383493;0.3968574782086861
331;-0.750075628441082;-0.4646842885189115;0.40013791048558034
332;-0.7516467306137504;-0.5552962261829085;0.4928012282994023
333;-0.7533488211335543;-0.4616331355270848;0.4076280533044735
334;-0.7550271575626236;-0.4625921106372387;0.36478748595325683
335;-0.7565537508730542;-0.47677889135082124;0.3130088340679916
336;-0.7578357164260405;-0.4611420402448469;0.3204134477635068
337;-0.7588358606664687;-0.47668835715707025;0.3144975084238293
338;-0.7593031361137195;-0.5483496459998887;0.49387610972047513
339;-0.7594284216347116;-0.4635234443367117;0.30462683663015944
340;-0.7591839075545588;-0.46359940036560365;0.3137456632273491
341;-0.7585913154723773;-0.4621905279084833;0.45000407816303545
342;-0.7577292680276924;-0.5317601056382865;0.4507885241420785
343;-0.756639145246955;-0.5316448399881367;0.4560264114211523
344;-0.7552173973796171;-0.5417500579717929;0.5146754667942577
345;-0.7534747374722902;-0.5414449068372731;0.5194331797238161
346;-0.7515495775308045;-0.4850338544876691;0.3444917575311547
347;-0.7493472494306563;-0.4757780528922068;0.30984724899612326
348;-0.746945917549849;-0.5340057657689936;0.4839642301030297
349;-0.744359471201465;-0.4786083865462252;0.4383046059789544
350;-0.7416019500730362;-0.481364031185884;0.32715327569598196
351;-0.738787653505714;-0.4834278711560186;0.4472240105447586
352;-0.7360062466847992;-0.49571279507164934;0.37056042500966424
353;-0.7330566612146581;-0.5394978083530736;0.5070186215760204
354;-0.7301918573701185;-0.5005300086840064;0.37688978709864307
355;-0.7274489899289058;-0.4906674178155831;0.5171087058924797
356;-0.7249394754788572;-0.4988300316801892;0.33037863640313436
357;-0.7227676290160072;-0.5016366338965447;0.331847302822213
358;-0.7204306284295039;-0.5450272933742444;0.5665383702047975
359;-0.7185977985648011;-0.5052954777518962;0.4621307283280668
360;-0.7173603364015483;-0.5083689616206071;0.34339871193223137
361;-0.716811564174164;-0.5104739189037385;0.33481181867667287
362;-0.7170216656575561;-0.5120345475662741;0.33482810495839166
363;-0.7180392533007436;-0.51326587653526;0.3345820573869661
364;-0.7197464206372143;-0.5196349885463136;0.37993389594120275
365;-0.7223061604873744;-0.5092921061907627;0.5056573977497121
366;-0.7256628372948272;-0.5147554341013552;0.33254060273128916
367;-0.7295986921523916;-0.5201530573202485;0.3732449835198467
368;-0.7332630898901449;-0.5375001522438321;0.5551147962809468
369;-0.7375813425428313;-0.5074434472109278;0.4906171624167577
370;-0.7416065956725387;-0.5482726717710383;0.4963428644797152
371;-0.746110636599437;-0.5046203842370734;0.48297473855743156
372;-0.7507524782071169;-0.5154938440271877;0.36015745178160496
373;-0.7555834283783536;-0.5071897403646433;0.32420871981348687
374;-0.7604760640006061;-0.5054493176557628;0.33014483892511304
375;-0.7652882722698701;-0.5051507398263634;0.41831474599484875
376;-0.7699195453063987;-0.5038539351558118;0.4159532024799075
377;-0.7741462988319107;-0.5089235057352299;0.34941576769946536
378;-0.778062916135116;-0.5016375073852244;0.41206891641191057
379;-0.7805831889372283;-0.5139460467556385;0.5309775591720893
380;-0.7828256690154044;-0.49786335473590737;0.32281584804429064
381;-0.7847809300408478;-0.49704633656218966;0.32173085226456444
382;-0.7864558937013644;-0.49640889280987593;0.32068787862010295
383;-0.7877193135739426;-0.5044700540845003;0.34164169124502586
384;-0.7887512054025421;-0.49788872394611916;0.40638541855397525
385;-0.7896028769519992;-0.49535625769849545;0.3178525388107851
386;-0.7894802425774361;-0.5319321789746965;0.46932409124750696
387;-0.7893045897388454;-0.4975972557838133;0.4059229669566149
388;-0.7891242726065312;-0.4952999007434733;0.308988191604741
389;-0.7888094487175926;-0.5039504470080053;0.33803066662037207
390;-0.7885243535574626;-0.49772014809505616;0.40636641768257575
391;-0.7874612019800262;-0.5324049665559761;0.46766516096978783
392;-0.7865276612386689;-0.49787047685014785;0.4070048843211528
393;-0.7846288023417427;-0.5073849842811214;0.5183474288835661
394;-0.7829856398498385;-0.4950694655348393;0.30640016948122073
395;-0.7815792427118328;-0.49467073909364945;0.31292173898419406
396;-0.7792738965969552;-0.5106916622298131;0.5171191516400806
397;-0.7772841062139928;-0.4875844896996234;0.4651271567264007
398;-0.7744641028236746;-0.5140185500037249;0.516512521395132
399;-0.7719752824876496;-0.4972857503055871;0.41080534306411354
400;-0.769806366423384;-0.49401345474074954;0.30618891060205555
401;-0.7678925771743806;-0.4969753443518701;0.41226679786881426
402;-0.7654192635106667;-0.5439948903567039;0.4681329061744651
403;-0.7632474548987345;-0.4934540037742706;0.3065116849495335
404;-0.7613092538934024;-0.4966612545833722;0.41468392711015856
405;-0.7595870485015767;-0.48624977775962075;0.47278573651437505
406;-0.7578953956610451;-0.5056971612229872;0.34038517315747696
407;-0.7563500480717531;-0.4864976533563178;0.4749035293691032
408;-0.7549111717654712;-0.4930004411220231;0.31421027236407895
409;-0.7535345948433292;-0.4871828505236735;0.47697120893598344
410;-0.7521941621468674;-0.49351001829203306;0.31455849660475554
411;-0.7508641562365792;-0.49408148886145237;0.30759151821546526
412;-0.7495032073497616;-0.4989360496634874;0.4211314963980849
413;-0.7480186625148528;-0.5078572373949052;0.3428859124850676
414;-0.7464991180851122;-0.5003136696896645;0.4223485481094741
415;-0.7448704350773987;-0.5089276040259613;0.3433892127449756
416;-0.7431504608047271;-0.5095416886821784;0.3436031728275345
417;-0.7413569470734033;-0.5102004706061863;0.34379656859274654
418;-0.7395650712011329;-0.5035468170200968;0.4239921773997237
419;-0.7378012865096091;-0.49918448459836073;0.31000713441450944
420;-0.7353000126578133;-0.5243241556377932;0.5098226236818464
421;-0.7328465909170723;-0.5127449080503838;0.3444729468309833
422;-0.7297677777131844;-0.5242976767661349;0.5084812319466001
423;-0.7264213573737843;-0.547175263868507;0.4676989420355733
424;-0.7232596741290287;-0.5012520437383968;0.3131348097971015
425;-0.719844648005177;-0.548459511496754;0.46692693209590397
426;-0.7166201432835702;-0.5013266210846282;0.3146196125496198
427;-0.7128562698697893;-0.5291013364768609;0.5055062023725172
428;-0.708882552613165;-0.5509220947114681;0.46598612648109583
429;-0.7051347108379777;-0.5009294846828802;0.32414588792522747
430;-0.7015896019913387;-0.49773044996675797;0.48447004101940816
431;-0.6978282277154136;-0.55412192315284;0.4654020866937527
432;-0.6942889358947976;-0.4975201196213003;0.4846849575951512
433;-0.6905322954395208;-0.5561017242707693;0.4652164142650006
434;-0.6870322241401435;-0.5001579875334123;0.31993763424036603
435;-0.6837800102400147;-0.5063331836924471;0.42658876345783925
436;-0.6799883354672478;-0.5426879164680104;0.503058524920915
437;-0.6759934023262033;-0.5605355123110949;0.4652647812808479
438;-0.67221696132408;-0.517285589667905;0.3487961658288945
439;-0.6687397006464175;-0.5057983956343329;0.4275364800174464
440;-0.6655551113648948;-0.4987143686954367;0.32199888303106206
441;-0.6626537220085363;-0.4956489822382257;0.4865752653691211
442;-0.6595138461989574;-0.5680085335053057;0.46585428129698836
443;-0.6566721038157181;-0.49814434319870055;0.3223184904155535
444;-0.654028127389497;-0.5192808000230886;0.35007057057884217
445;-0.651578305714112;-0.5196464810863193;0.3502465160385867
446;-0.6494067492899218;-0.4946698107080138;0.4882997735577673
447;-0.647483376428095;-0.49713318023584396;0.3294576372234439
448;-0.6450249276587378;-0.5622423510332237;0.5034752387169643
449;-0.6424381115728052;-0.5758822101789033;0.46720330281496525
450;-0.6402152105483456;-0.4934918672866487;0.4901470849496531
451;-0.6382724797444659;-0.5213556071026093;0.35111808333157535
452;-0.6359885344312688;-0.5699613299625791;0.5036980522983217
453;-0.634087833255541;-0.5216573194526583;0.3512781492904268
454;-0.6326224817834661;-0.5032062930049465;0.4326938571870187
455;-0.6314931446342488;-0.49280285661231116;0.32724123804770955
456;-0.6306408865007233;-0.4923893825151108;0.31917337939410084
457;-0.6295820340983727;-0.5781488561606121;0.5033873642471253
458;-0.628813670929636;-0.49035371629546354;0.32526181512871266
459;-0.6282610472869772;-0.4898777489561128;0.3167572626233217
460;-0.627603086354247;-0.5812752185391158;0.5027096989427295
461;-0.6271363753723133;-0.48801867021677614;0.3145282258948423
462;-0.6266638935459159;-0.5833160807035457;0.502018186236532
463;-0.6265100859385835;-0.5165302853151372;0.3488784415378766
464;-0.6266184009422135;-0.5153960059774584;0.34814415965693424
465;-0.6266973752560354;-0.47938894678276184;0.5004357430837385
466;-0.6268330136561978;-0.585757287970091;0.5001625546591093
467;-0.6268439772187224;-0.4810742132072811;0.3042194621457882
468;-0.6266314507542093;-0.4800784377525437;0.3020023371476105
469;-0.6265206441956426;-0.5857367092160642;0.49879683008930975
470;-0.6260846153765349;-0.4784352236285869;0.29726257633580133
471;-0.6253642834948865;-0.4846351342787654;0.43572170055398485
472;-0.624157497197471;-0.4769189533574605;0.3004725558958268
473;-0.6223648961029441;-0.4736136451257377;0.5028862240869814
474;-0.6203412452550228;-0.5053713557832644;0.33711171787117733
475;-0.6180541402287569;-0.5053233040336687;0.33617534331056553
476;-0.6160677882416037;-0.5793886021281454;0.5003131902343355
477;-0.6134377220447491;-0.48005085662989044;0.288688365870551
478;-0.6112480391139843;-0.5768478965220674;0.5032571700484709
479;-0.608423739139872;-0.4817251019665908;0.28488580856491363
480;-0.605021068079163;-0.4828122947218643;0.28328100776644727
481;-0.6022828932651221;-0.5729524490705878;0.5105259560811399
482;-0.599369072629788;-0.5062954928133434;0.335857437671372
483;-0.5960179701330809;-0.49097024142752227;0.43707344913154067
484;-0.5921851835462535;-0.48620466369162424;0.5072431307282472
485;-0.5880579978376484;-0.4897199254904592;0.27881634636274955
486;-0.5836944560529875;-0.4905524344225583;0.5095706277210152
487;-0.5804150037937071;-0.5540754561169534;0.49874620482697374
488;-0.5782476599459654;-0.5585349243912622;0.5409778699617868
489;-0.577119180253468;-0.5562176758021108;0.5466663064854755
490;-0.5757481105083201;-0.4964827445923137;0.28083690264201255
491;-0.5742711361334049;-0.49761919191655635;0.2779600071206122
492;-0.5727944857460743;-0.49816420896166114;0.27974602470958654
493;-0.5714119235992523;-0.4987939914127385;0.28175773809009996
494;-0.5702465194482738;-0.5023431579409942;0.4603038111514166
495;-0.5693141333540918;-0.5000275410337268;0.28640799491998514
496;-0.5687123526482978;-0.5031726580105726;0.46665423004185347
497;-0.5684725663332351;-0.503400471659118;0.47000325233208096
498;-0.5685614518621791;-0.501078275059952;0.2947494795979523
499;-0.5692109588395944;-0.5054765741710776;0.38991125388322434
500;-0.5701628316706748;-0.5008667226917821;0.30104539132546515
501;-0.5719577758057465;-0.5122516353026594;0.5787904686336276
502;-0.5739977042379463;-0.5013291535458057;0.4881150155297159
503;-0.5761946784072584;-0.4990029944994671;0.5505086355127331
504;-0.5785626293245522;-0.49745159665783656;0.31471262728326144
505;-0.5811433357872022;-0.49763725492835825;0.4997386460178842
506;-0.5838318263006562;-0.49490002847223846;0.3204453830278542
507;-0.5866222522796739;-0.49419267098466946;0.5642039808996953
508;-0.5897177779077759;-0.4897371296405542;0.43216729366603124
509;-0.5930923899930463;-0.48755474440246793;0.4366717800958432
510;-0.596497210104405;-0.4895994795373913;0.5755884517412326
511;-0.5999186928367679;-0.48794507746640714;0.5797066508298977
512;-0.6034385129165787;-0.48596587171150035;0.5289441209913921
513;-0.6069340691864005;-0.48466169048960384;0.5886607444337679
514;-0.6106237647843382;-0.46953077010065236;0.6461741728824455
515;-0.6143487697204028;-0.4805053198290686;0.5440096468326483
516;-0.6181968531534158;-0.46420164926576507;0.6550156912276797
517;-0.6219700598480941;-0.4760782647581584;0.36449959158805434
518;-0.6256225116683807;-0.4741427712879226;0.3707534125605296
519;-0.6290045595925571;-0.47513826539889914;0.625435383203643
520;-0.6321869056139242;-0.4720851353418447;0.5786718442959446
521;-0.6350765381094656;-0.46938240484264143;0.3946646897695213
522;-0.6376164884969312;-0.47005918665285634;0.5973624751941882
523;-0.6399153399220422;-0.44903283316634807;0.6944362729025457
524;-0.6417490086666409;-0.4667621791663184;0.42770626260157596
525;-0.643039496110478;-0.46650554335412975;0.4407577744716944
526;-0.6437136344562482;-0.46679275500647;0.45468974822559893
527;-0.6437565178035176;-0.47057048188871564;0.655446068496657
528;-0.6434969121396668;-0.44452873772111784;0.7346719880354893
529;-0.6425815059025054;-0.47059122074670096;0.500215141901393
530;-0.6412897292981452;-0.46081334753644587;0.6120508155518425
531;-0.6398572994151102;-0.43309786692669394;0.784361127131513
532;-0.6378413230827891;-0.4853657606092918;0.7641350537283005
533;-0.6356615417945677;-0.46693961329614075;0.6502105566695096
534;-0.6330806916244798;-0.4919185472887328;0.7829517663628609
535;-0.6302294471435579;-0.49569252656292917;0.7911431863066557
536;-0.6271764588385416;-0.4905759428847509;0.5997045869905673
537;-0.6241954872951788;-0.49928734031848104;0.7628493813901023
538;-0.6213973698030272;-0.503652132661279;0.7692605915597523
539;-0.619277954347369;-0.43319408889805966;0.8121708553215923
540;-0.6177612872065068;-0.43298890472821044;0.8124946801273999
541;-0.6161935578749852;-0.5132422048845414;0.6518289977024692
542;-0.6150329481666795;-0.494505452476139;0.719783835546291
543;-0.6141466218311673;-0.5212152510075271;0.7849987962578674
544;-0.6133474280005428;-0.5262992794986459;0.6764581364635389
545;-0.6128657482411719;-0.5319224719829014;0.8187845277325
546;-0.6126696849109814;-0.5330652548761795;0.6701655252567402
547;-0.6129930660995426;-0.4293219388681124;0.7924030895996593
548;-0.6137532431271155;-0.5389757726689834;0.8029395021692707
549;-0.6152352793420942;-0.5096750225512585;0.698168864117819
550;-0.6170692968677912;-0.4272447548364744;0.7685331790549362
551;-0.6195199287163236;-0.5382031217167802;0.7355787920993471
552;-0.622496860845872;-0.5424460630291625;0.760496316405255
553;-0.6259259917945476;-0.5481572871457032;0.6136207870071833
554;-0.6297795230161465;-0.5491606264550652;0.6095842212953332
555;-0.633701711394278;-0.4240874065501402;0.7074232973727188
556;-0.6380185916129852;-0.5492550540655206;0.566414871154254
557;-0.6422431997950768;-0.42332609055034565;0.6779285803411812
558;-0.646680730215597;-0.44404345537716633;0.6346014563785207
559;-0.6512986055765071;-0.5479273644554464;0.5276946437817616
560;-0.6556168243839756;-0.4247856983764289;0.6319916016167791
561;-0.660026341846046;-0.5459069087593207;0.4958752342916456
562;-0.664606868472376;-0.5041631357902068;0.48273477816228705
563;-0.6690733785156513;-0.5437634300678031;0.4666538752499889
564;-0.6734961411199685;-0.5016833447551355;0.45018639634594626
565;-0.6773212660534249;-0.42780843948948183;0.5586148133647546
566;-0.6809958813838488;-0.5180520321323727;0.4927061609043816
567;-0.6844278492898188;-0.5164715982123645;0.48021647703320036
568;-0.6874124364731019;-0.538811141226334;0.40642100462300623
569;-0.6900543464615807;-0.4981204562223268;0.38270608306435605
570;-0.6922885394470483;-0.51327424642683;0.44777341464694476
571;-0.6940906385940735;-0.5128194624213077;0.43854932608107167
572;-0.6954204777829649;-0.5082906570020934;0.4883126530281393
573;-0.6962286216458674;-0.5367176590054293;0.3609359203271162
574;-0.6966471073233165;-0.4484560957026427;0.41669311241976215
575;-0.6967483336923304;-0.513264083029605;0.40894035669970286
576;-0.6964310474732507;-0.43529472542047665;0.43556170941074945
577;-0.6957716506851037;-0.4366396944180635;0.42765527303434503
578;-0.6949371812555569;-0.5077592105708743;0.4581364147035165
579;-0.6940178773959428;-0.5146179630355612;0.3905019494423314
580;-0.6930665063146855;-0.5150272684007755;0.3875652275465279
581;-0.6920581586952677;-0.5363093830378041;0.29867586743030716
582;-0.6910816303457371;-0.5083182956246327;0.45065744546080666
583;-0.6901926712553202;-0.5083952150204548;0.45019727054753034
584;-0.6894068558975328;-0.5349508219321373;0.29210935896764967
585;-0.6886435985345672;-0.4438029499120559;0.3861704860887294
586;-0.6880385116891693;-0.533803779183355;0.2911581922990262
587;-0.6876156106318214;-0.45930510410220166;0.3569856522484933
588;-0.6873566824944739;-0.5327376419987873;0.2928029219131262
589;-0.6872291301790413;-0.5302977558906381;0.31309498014877823
590;-0.6872559911722402;-0.459907409162059;0.35667989293914404
591;-0.6875321344233157;-0.5031146796920817;0.4639363143109202
592;-0.68807682770636;-0.5019633006274169;0.4674677658261368
593;-0.6887494991441678;-0.5286106016851397;0.32567942126317906
594;-0.6895425245067134;-0.5281844260117976;0.3298911711062106
595;-0.6906534833263347;-0.5082138857190471;0.40874313046295063
596;-0.6920500215232089;-0.5017579400764278;0.31194332951976367
597;-0.6933132828882999;-0.44524986422285096;0.37994088976443996
598;-0.6946313449548067;-0.5270628324620914;0.34949922834756
599;-0.6959978570959888;-0.5270331097834227;0.354811228518747
600;-0.6975752966691828;-0.49062022401639915;0.5030134712306138
601;-0.6991758013927083;-0.5272486965534879;0.3655233026622977
602;-0.700795331914921;-0.5274757992290813;0.37081476064854346
603;-0.7026192757240257;-0.4981574142881418;0.4467471825597874
604;-0.7045921084691835;-0.4959815246153668;0.3496289063980398
605;-0.7065875831401172;-0.5289779615123144;0.36617627072382675
606;-0.708681311398114;-0.4941980402491106;0.4604209478607353
607;-0.7107053386179891;-0.5284365353924827;0.39475629559266945
608;-0.7127050018779895;-0.47733514004959415;0.5385593044608465
609;-0.71427592324498;-0.4584492348319015;0.4037450472145785
610;-0.7157856657937385;-0.4747510410396049;0.5458912054913463
611;-0.7172551440379775;-0.5276266105383347;0.4089465719768226
612;-0.7187728471546446;-0.5274489388758418;0.3923290093981353
613;-0.7202636028362921;-0.4868691622525719;0.48587869382280136
614;-0.7216077903628589;-0.470638458645495;0.5577250900477893
615;-0.7229562249241961;-0.525962579747439;0.4176176570658108
616;-0.7243836164482286;-0.5255389487293203;0.400017935894754
617;-0.7257384783026762;-0.48407839157842625;0.4949412502556788
618;-0.7268942898005306;-0.4677551648219453;0.565568168052661
619;-0.7281401507029803;-0.5243197554476052;0.4026728146119345
620;-0.729382753154704;-0.48750944836427224;0.39772885464405583
621;-0.7297358684209669;-0.4597433240411998;0.432971845345857
622;-0.730166269036883;-0.4877429959408765;0.3994322628770267
623;-0.729999354059745;-0.46636289236930245;0.4379788456727398
624;-0.729969883784499;-0.52233880596539;0.4210776670045898
625;-0.7300349367055764;-0.48891633511589194;0.40064901472284076
626;-0.7300831309819754;-0.4840760158358827;0.5016226909609764
627;-0.7301983079953183;-0.49044897335401916;0.40068146175284436
628;-0.7303583756290518;-0.4915812072558412;0.40048758498457837
629;-0.7298937517459815;-0.4751074452293968;0.4456385814400742
630;-0.7296073279449579;-0.5239560406592431;0.39892806376305756
631;-0.7285076403336672;-0.47982330659365124;0.4513836214025495
632;-0.7275073779988044;-0.4902764231767717;0.49696582702265224
633;-0.7257679453364259;-0.48562077989427965;0.45394357419109366
634;-0.724391297876587;-0.5252118293988975;0.3943849982631311
635;-0.7232765386637331;-0.5018747346314815;0.39539105013878717
636;-0.721682585230708;-0.49122990655846155;0.4483486023428682
637;-0.7203882675854645;-0.5054063104382954;0.39287901480178067
638;-0.7193816635771402;-0.5073596986257807;0.39151121523870513
639;-0.7183645639940646;-0.4812530992273939;0.5491577220808566
640;-0.7174726177371453;-0.502276816748918;0.48199803552834364
641;-0.7169187689511056;-0.5282908188953963;0.383909478751157
642;-0.7164095261608495;-0.5066863826814973;0.47763054465548915
643;-0.7157441647441625;-0.4895378037803926;0.5392241297411098
644;-0.7143359899601841;-0.5120374259073213;0.46080919436319234
645;-0.7132185593331639;-0.5238606896768077;0.39315085845996955
646;-0.7123191637267878;-0.5253363375922147;0.38023218027581485
647;-0.7113883503103506;-0.5178826620987148;0.46753866897883445
648;-0.7106779883281539;-0.5302415320793585;0.3735321785690008
649;-0.7094052238413671;-0.5137958657768625;0.4441211372563968
650;-0.7083211869970845;-0.5237827797471064;0.3859099491507929
651;-0.7073965305753968;-0.5239028813444847;0.38471914375539096
652;-0.7059156236051366;-0.5172838652604186;0.44477399482454405
653;-0.7038030876595764;-0.5212699927191209;0.4670849600844118
654;-0.7010703179013201;-0.5234884284474312;0.4683841718753816
655;-0.6976974977833786;-0.5266054349793303;0.46984673572036406
656;-0.6941203966610969;-0.5086721858806439;0.5178571298386158
657;-0.6909273824205586;-0.5385931268623724;0.37438213981084123
658;-0.6872044655199586;-0.532353249685753;0.4505492451530626
659;-0.6839414966643482;-0.5392969290885916;0.37519540864687906
660;-0.6808893739916996;-0.5293477936477616;0.45738791707216786
661;-0.6773330428005734;-0.5399658046101629;0.4559246551528098
662;-0.6742888800459547;-0.526781826632661;0.3646976131542856
663;-0.6717286682797048;-0.5261424494479489;0.3646302742880555
664;-0.6685307447788953;-0.5514077777825755;0.49126970939371695
665;-0.6655034003843993;-0.5109706259989182;0.5182326742595155
666;-0.6627053805595685;-0.5106941108936423;0.5188850925895809
667;-0.6603833005025265;-0.5285086859234465;0.4621089037186471
668;-0.6585354799535685;-0.5218023375029157;0.36504206738147293
669;-0.6561281458251746;-0.5582572408568673;0.5102538486892869
670;-0.6540413683413323;-0.5099422748979411;0.5227472535783627
671;-0.6524759321725198;-0.5265161394680724;0.4677224656593967
672;-0.6515768136754039;-0.5348436915175913;0.39331038437907617
673;-0.6509378562895738;-0.5086178357798627;0.5273288285922033
674;-0.6505291251372785;-0.5143936651735198;0.3682313846607894
675;-0.6503382829329701;-0.5078308974078526;0.5313996590700913
676;-0.6496687224489601;-0.5552000365362033;0.5480260868315708
677;-0.6486392673880419;-0.5546413719583425;0.5546273191319027
678;-0.6473271465225288;-0.5537610613370821;0.5226335886964368
679;-0.6457556938520532;-0.554903420660566;0.5290786700830646
680;-0.6439353404686803;-0.5565868678794389;0.5358704605891397
681;-0.6418704271448384;-0.5587746525953883;0.5430159593180302
682;-0.6402763328356027;-0.4961476313690439;0.5544366164023238
683;-0.6384488413518313;-0.5660993732719551;0.600816456148948
684;-0.637177012514824;-0.5074267788326838;0.5122925916586356
685;-0.6363160177042818;-0.48948922147718454;0.5696028916767001
686;-0.6355218512135437;-0.49276080198661276;0.39823299309998506
687;-0.6351390917766285;-0.5021032057472679;0.5302347087059547
688;-0.6344450699826081;-0.5731227659592574;0.6464234812205674
689;-0.6334513946927044;-0.5721949873759273;0.6109884179518963
690;-0.6322147026033816;-0.574193318061756;0.6203890667914742
691;-0.6313352903510099;-0.4964734034375276;0.5571515935598486
692;-0.6306822370927045;-0.47871644086913867;0.6141714076278468
693;-0.6298318676528105;-0.5803969230824259;0.6491964228077894
694;-0.629219596267546;-0.4836256263244376;0.41870891801884247
695;-0.6288137750590124;-0.4934862601501166;0.5855827746816356
696;-0.6283901520197072;-0.5838861748244879;0.7247292064017874
697;-0.6281344212714082;-0.4783375581859809;0.43287440867161064
698;-0.6280516063544107;-0.4781740984185272;0.4346878501827025
699;-0.6280420893908638;-0.4764158787133031;0.44017667878069644
700;-0.6280376919636533;-0.4759875876301858;0.4439183135010569
701;-0.6279838043125155;-0.476763064992667;0.44751795770496083
702;-0.6277615261522557;-0.4762069952939656;0.45153106502058515
703;-0.6273150713295761;-0.5058902499704537;0.5729168954739543
704;-0.6265997461968434;-0.47847017006296677;0.46068781326882413
705;-0.6255935572069415;-0.5076320050680883;0.5866901261230716
706;-0.6246711303387217;-0.581869142030822;0.7729046430491637
707;-0.6232494011269983;-0.47347865561488034;0.7060866970611472
708;-0.6216103550636766;-0.5108710389592745;0.6062772629055622
709;-0.6194361686500689;-0.47503264178047067;0.7155754268663197
710;-0.6168957431416946;-0.498361341170489;0.6792267131376317
711;-0.6141610561400255;-0.5148670629724573;0.6247051554278615
712;-0.6109679256940086;-0.48673758568489284;0.49099155139599704
713;-0.6082441634856497;-0.5593361538836128;0.8770359725090411
714;-0.6053209599581402;-0.5191440245063206;0.6423386371233273
715;-0.6022134044216751;-0.5204400651982942;0.6481106229547835
716;-0.5984494333953164;-0.4856113596730054;0.7468503624552509
717;-0.5945714614724291;-0.523226906226973;0.6596096356718202
718;-0.5905973505856099;-0.5246810048332229;0.6653773473464695
719;-0.5872485194467257;-0.5664802735497696;0.8628727134728995
720;-0.5837964628274988;-0.5273559893779491;0.6770349921306293
721;-0.5796960061222867;-0.49524068239693286;0.7694568132877053
722;-0.5762848241042546;-0.5640739830350774;0.8806606214322882
723;-0.5724007955838771;-0.5023822396767254;0.5426294697097507
724;-0.5682762328962476;-0.5208879125196411;0.7505442930027647
725;-0.563800946010003;-0.5050141263651078;0.5536015423814142
726;-0.5592363101748986;-0.5242002282236258;0.7612788968564408
727;-0.5553988594440281;-0.5408180957442493;0.9639508006232888
728;-0.5515605925847527;-0.5271969572743258;0.7720987981478198
729;-0.5475352576801407;-0.5115555972534568;0.8068721930067728
730;-0.543986774474076;-0.5371696449403696;0.739751468499239
731;-0.541453620589258;-0.5568775770332373;0.937167846282863
732;-0.5389462409125271;-0.5167346483775535;0.8202643404757872
733;-0.5370349172720721;-0.5378938643063571;0.7585374703185834
734;-0.535572334493568;-0.5331702475672784;0.8027191749769692
735;-0.5342077808807251;-0.5112491040699016;0.606883603090846
736;-0.5329624621786438;-0.5110501984099567;0.6207125507771907
737;-0.532636980796799;-0.5494151474812711;0.9720578810808037
738;-0.5330651860511446;-0.5478739414517813;0.9763096983107021
739;-0.5338114026588954;-0.5342426588405206;0.7850230061780092
740;-0.5347815805176436;-0.5332156861908276;0.7870718129499283
741;-0.5360856828390418;-0.5441004606226814;0.9851358605372172
742;-0.5373463667690579;-0.5287732896448712;0.8220852832072489
743;-0.5384977890090021;-0.5278696710110861;0.8218745603970758
744;-0.5396008142517957;-0.5418973272282577;0.9884150974239996
745;-0.5400076675374502;-0.5030586126450324;0.6128169023369208
746;-0.5397767625704704;-0.502578834066207;0.6100710524649496
747;-0.5392302896737409;-0.5141866459378387;0.8392899908326961
748;-0.5381615577743456;-0.5025411824806267;0.6037610649118377
749;-0.5367345801063483;-0.527382720766272;1.0428234678137713
750;-0.5351023474695469;-0.514301022095832;0.8334737802108398
751;-0.5331922921785777;-0.5041899387719688;0.6084592517436889
752;-0.5311972492910557;-0.5154148753674301;0.8294452464528252
753;-0.5291197488624624;-0.5055826077203533;0.5864956604481496
754;-0.5270882059935431;-0.5339701555471129;0.7679298917747441
755;-0.525126644409771;-0.5077611833723522;0.5957784695040533
756;-0.5233178391567636;-0.508776610402566;0.5926112294627865
757;-0.5216595867021595;-0.5383262386619024;0.761323690952344
758;-0.5202325679557965;-0.5107345659005951;0.5862792599458446
759;-0.5190646364262146;-0.5116382180626917;0.5831271814820136
760;-0.5180312938695967;-0.5368079572310718;0.7914406302581005
761;-0.5171526048099921;-0.5615161099775223;0.9741419128313696
762;-0.5164100815808033;-0.5456525290163577;0.7504869621991159
763;-0.5158123214271777;-0.564916280308619;0.9708425640822848
764;-0.5153473500220163;-0.5525764118661696;1.0249031513231572
765;-0.5149222204335157;-0.5438039597218612;0.7849222436847507
766;-0.5147372537032456;-0.513249527736281;0.5467513079214094
767;-0.5146255748506976;-0.5729947938655522;0.9633887692190773
768;-0.5145664478067;-0.5600697062302775;1.015776891236566
769;-0.5144638887385321;-0.5559420879958009;0.7371242764992535
770;-0.5142836428629983;-0.5574490871711353;0.7354771348457104
771;-0.5139935747098874;-0.5591490866152923;0.7338711682105875
772;-0.5134723272024209;-0.554229477202649;0.7793316085653164
773;-0.512693142036281;-0.5563815137237961;0.7786357223296957
774;-0.5118919142543374;-0.5162733842508418;0.5477770258231638
775;-0.5109133623104715;-0.5677351635541054;0.7273191946379778
776;-0.5096237612211926;-0.5638729488986596;0.7760248532599724
777;-0.5082240008744573;-0.5773930441614739;0.9879186504661387
778;-0.5067090592346435;-0.5985999990322984;0.9348238997356683
779;-0.5051209304499997;-0.5827159255892141;0.9796152266511127
780;-0.5034471854437065;-0.58124632148049;0.7168955977115437
781;-0.5017076008525359;-0.5245670145356885;0.5390184559665707
782;-0.4995794998844034;-0.5602350201538708;0.8020705706866242
783;-0.4973819542713373;-0.5247567637611111;0.5253792995231572
784;-0.4950921709373496;-0.5296504923184063;0.5352815389129418
785;-0.4924061670109174;-0.5676296815279456;0.7965858829888927
786;-0.48956177822430447;-0.5920405057739111;0.7575883634198525
787;-0.4869130479067846;-0.6270988364828038;0.8946781870369359
788;-0.48413564342787796;-0.598186401955406;0.7522820893001504
789;-0.4809909202439802;-0.57904345361097;0.7875189928651275
790;-0.4776719575111855;-0.5392635691245067;0.5179946506195948
791;-0.4746900685185632;-0.6372508724330769;0.8742340521228484
792;-0.47205644050270756;-0.6397889991882956;0.8691618591983876
793;-0.46908909553425315;-0.5912722050050809;0.7768065328304403
794;-0.4661440516369362;-0.6169728250439275;0.7339704539431482
795;-0.4632725430768687;-0.6201934931649299;0.7304986270467492
796;-0.4603081390571735;-0.5556199245961928;0.5135414822020952
797;-0.4572685452989146;-0.6044763636095503;0.7639269724739943
798;-0.454579609308434;-0.6300071406447755;0.7186731605509942
799;-0.45262295476113457;-0.632814174531003;0.6491141614866689
800;-0.4513651137874059;-0.6164000144279824;0.8692025258937812
801;-0.4508266331815641;-0.6159539999248067;0.8635805378009543
802;-0.4505907379471529;-0.5685162778265873;0.4878339149546964
803;-0.4508125859287941;-0.5698464641438457;0.48177524777774905
804;-0.4520102978772361;-0.6135943314812614;0.8449711917270148
805;-0.45442747781732107;-0.6385812941627302;0.6083482755672109
806;-0.45813213329269403;-0.6379199136651142;0.5997664115010191
807;-0.4629312568286143;-0.6401585353806389;0.6596796904467822
808;-0.46858137435713987;-0.5672036657665628;0.4402176665543669
809;-0.47532923922871734;-0.599450115062341;0.8063344749488648
810;-0.48329570509648945;-0.6332671574099902;0.6317369485124558
811;-0.49221325111002173;-0.5897122282314301;0.7885084682998778
812;-0.5019544262475467;-0.5564629045761451;0.41139731031880755
813;-0.5125239056399296;-0.6005238277463364;0.6514840822012178
814;-0.5241218055306243;-0.6139432645226149;0.7123828111560608
815;-0.5367206734101402;-0.6031065192535461;0.5171324465383027
816;-0.5497196939872211;-0.5360340067239314;0.39450479792975846
817;-0.5632637259534284;-0.5940654316580375;0.5736002635095114
818;-0.5769823049194749;-0.569596394139771;0.6172950756053054
819;-0.5907958633861963;-0.5743633746935823;0.6787980642872605
820;-0.604360700164966;-0.5147030564995072;0.4044930504984686
821;-0.6175225527638453;-0.5052134492675049;0.4092460525711348
822;-0.6303674114928947;-0.5590838245590708;0.5729596630338021
823;-0.642449445465794;-0.49468149814908496;0.4305344771097861
824;-0.6536006402464689;-0.5345119533453107;0.6947415240608193
825;-0.6637993914215063;-0.5359410049759259;0.5458589906094254
826;-0.6721967421716993;-0.4832957315045693;0.7682535818941223
827;-0.679412086699739;-0.5282297520463198;0.5816230330754985
828;-0.685210023143737;-0.5159555830198187;0.7510338699109932
829;-0.6896085263222997;-0.5142482577747434;0.7689842566457884
830;-0.6929065145057596;-0.5263102431557366;0.6907418320115921
831;-0.6951917613950636;-0.525486178547135;0.7111837406706554
832;-0.6964993484013446;-0.5087061990066692;0.7599275158208482
833;-0.6966634315013944;-0.478264580464358;0.6341319699919199
834;-0.6961137589663003;-0.5096203622343934;0.7954127640387592
835;-0.6949493397221811;-0.5106839666978984;0.8117918375447138
836;-0.6925930687409355;-0.48680802999146777;0.9222980541864696
837;-0.6891452598125967;-0.49030678146672224;0.933850236741778
838;-0.6850966853728677;-0.4936586940315047;0.7160656747267611
839;-0.6808655646141719;-0.5161241749645409;0.8648040024893602
840;-0.676587737908626;-0.5357360972038425;0.8520795338158429
841;-0.6719945460838028;-0.5017135631296429;0.7333460114194308
842;-0.6672166605927667;-0.5043920866583189;0.7347857530889474
843;-0.662651618385364;-0.5211323754786245;0.8976293242940927
844;-0.6581082245502371;-0.5095068155785863;0.7325749031310327
845;-0.6536757272097036;-0.508073569350968;0.7218464784466283
846;-0.6488560240980785;-0.5244036309286032;0.9920584411536236
847;-0.6442950035230245;-0.5494495730593687;0.9752437184365834
848;-0.6402297931818731;-0.513634620453007;0.707493518792608
849;-0.6366193820272681;-0.5532764609465821;0.9826012241130887
850;-0.6338333420201494;-0.5216832882971861;0.928113396319481
851;-0.6316137879805501;-0.5558294311935945;0.9899491252700207
852;-0.6295697336182937;-0.5413965837854584;1.011436208356653
853;-0.628305208153826;-0.5576066374979353;0.9979086716855925
854;-0.6277931627980273;-0.5134351305934013;0.6760406752467022
855;-0.6282815859873209;-0.551008315413107;0.8441276378398364
856;-0.6290784791337721;-0.5475076463637041;1.0266176735478882
857;-0.630844942850898;-0.5478786638600688;0.848458308112459
858;-0.6329577154032282;-0.5479454869284779;1.0351530186156548
859;-0.6358566661322529;-0.525243380770551;0.9306531570423187
860;-0.639501571475275;-0.5528523213203307;1.0321393618133523
861;-0.6435115790843489;-0.5052778641721255;0.6681574074185379
862;-0.6481359163918321;-0.5379293525845733;0.8649429884187436
863;-0.6528906782785859;-0.5023480133092337;0.668180842972314
864;-0.657822795458272;-0.5400865632828284;1.0610722434144568
865;-0.6629760685051189;-0.5379056552001888;1.0650444429258221
866;-0.6682631359748471;-0.511621088699775;0.9685850469445977
867;-0.673989560854175;-0.5364762407828266;1.0672141215078794
868;-0.6798364400347802;-0.5288971798652875;0.8903101141501782
869;-0.685943989630684;-0.5316639278883784;1.0761505210656543
870;-0.6920425186973493;-0.52622731190994;1.0831130810584444
871;-0.6982730883803077;-0.5273109255777613;1.0847516814138365
872;-0.7037739543268712;-0.49088148534082426;0.6824527597708834
873;-0.7086556033049505;-0.5064017309658182;1.00652573059222
874;-0.713146758574755;-0.5252495028850505;0.9197649082741839
875;-0.7168494624513447;-0.49900186565435356;0.7073800010271754
876;-0.7196751389133895;-0.4871000569500722;1.070497439766413
877;-0.7226179276814102;-0.5187377248580347;1.1073286034494516
878;-0.7256833799365386;-0.5179609652335968;1.1100016014667486
879;-0.7288844733459576;-0.5173417057900868;1.1121189774425912
880;-0.7315224751789723;-0.5209751114170285;1.0336008480690053
881;-0.7336818002902871;-0.515227645487998;0.7361904986784666
882;-0.7362882967506704;-0.5053164831664695;1.1103304973932782
883;-0.7388819618761875;-0.5392145303003206;0.9466700530716454
884;-0.74120075736575;-0.5228845297207161;0.7430312227301683
885;-0.7430933983151982;-0.5084839761116201;1.0708224578183503
886;-0.7445869397469062;-0.5108572162740065;1.064847615570715
887;-0.7461928786959436;-0.5439097999884921;0.9340888225531074
888;-0.748336151284898;-0.4938781919230215;1.0915685123042047
889;-0.7501606590427292;-0.5338266439116641;0.7368176614886244
890;-0.7515905247702576;-0.5314384991804948;0.7227556795925231
891;-0.7526390025254439;-0.5372704964484538;0.7294298870883662
892;-0.7529970607505747;-0.5225148549509631;1.009302697360565
893;-0.7528572368225128;-0.5448868817684664;0.9590099833899315
894;-0.7524781779419794;-0.547460327314598;0.8789279998635886
895;-0.7521687690551239;-0.47846939195652216;1.037523217616723
896;-0.7512303338550057;-0.5452895239191179;0.7088254226854678
897;-0.7496101388207601;-0.5432634540774821;0.695677519329935
898;-0.7473037745087732;-0.5518984398144308;0.9137396985646674
899;-0.7447888338889223;-0.4956477529020388;0.9942925937687409
900;-0.7418136156463876;-0.5508766360986384;0.8369342427715932
901;-0.7381281028500282;-0.5564781462135501;0.8963740655523819
902;-0.7336035449449194;-0.542500729024756;0.929995808798146
903;-0.7287582110637444;-0.5542848868056659;0.8268536112281455
904;-0.7234592920970058;-0.5559379833081196;0.6997408552438245
905;-0.7177876765964304;-0.5572717891681779;0.7012893525481612
906;-0.7118342223243176;-0.5587207541789826;0.7032930750009816
907;-0.7058451267659764;-0.5595371907342144;0.8242906380938395
908;-0.6997316111079622;-0.5582671027013011;0.7008180134335154
909;-0.693430650860797;-0.5017317019353656;0.956968257933434
910;-0.6871309404640893;-0.5607587742019365;0.9279342077473005
911;-0.6808032477914732;-0.5039610819120423;0.9560133726316069
912;-0.6745064489464994;-0.505146939810036;0.956034285824903
913;-0.6688705946739748;-0.5749302362613954;0.8977107781166911
914;-0.6640102459048212;-0.5608183118310368;0.7227340625044543
915;-0.6601474068657986;-0.5743736491159501;0.9041296426455074
916;-0.6574013491363009;-0.5618709072354715;0.7368667736442609
917;-0.6550495397898405;-0.5067625242022691;0.9604917254517394
918;-0.6531678902243141;-0.5059565953958185;0.9622688098911519
919;-0.6527805826017591;-0.5545142689352844;0.750313467350304
920;-0.6538606448597724;-0.5544761113706973;0.9648859845816269
921;-0.6564515674422541;-0.5506967803092748;0.970727383930671
922;-0.660593622998231;-0.5419736636453397;0.7669047011786193
923;-0.6662842240113178;-0.5490305848474324;0.9450328570038866
924;-0.6717248897304047;-0.47044941200361573;0.9722853132347237
925;-0.6783692110893299;-0.5216835262028766;0.7857530683613316
926;-0.6849011491762407;-0.4816937570126011;0.9893429275995514
927;-0.6907432474802997;-0.4603214143125022;0.9810344286101502
928;-0.6973141087557788;-0.5125861847057946;1.0261881827478543
929;-0.7040691008226816;-0.49827074966974166;0.8271826539316531
930;-0.7105389013163473;-0.49336133073848654;0.8390890978601705
931;-0.716432302788395;-0.4971022607732133;1.0529483487479037
932;-0.7213260248890437;-0.4936559145296172;1.0605312449142013
933;-0.7248436799230089;-0.4845253090330839;0.9629640572493816
934;-0.7265841844858225;-0.4863873618827708;0.8827694147543774
935;-0.7258096360536211;-0.4633646601074967;1.0157394354189693
936;-0.7226172564122189;-0.45238390632915115;0.9853623366723865
937;-0.718421468263562;-0.49839330733627596;1.0373877826413025
938;-0.7127359235481784;-0.4727682240678943;1.0001615303903908
939;-0.7058981705681915;-0.46502101095186493;0.9635288452625894
940;-0.6991900418687358;-0.5064772723481648;1.0142163312227106
941;-0.6922937696185629;-0.48687180674169833;0.9666780562846292
942;-0.6858479668685389;-0.503363363833061;0.8566952417145344
943;-0.6800811577497462;-0.5064256464459782;0.8389146660428912
944;-0.6752430971107832;-0.5122755982507675;0.8145446773546585
945;-0.6716305347898135;-0.5094484185204188;0.856920369250838
946;-0.6687486386595635;-0.4934032871175962;0.866230641570167
947;-0.6672196625169535;-0.5116584181329256;0.8099866934236756
948;-0.6670057456116545;-0.5124584330748136;0.9009626022209802
949;-0.6674000675121603;-0.49640880624745654;0.818062820811067
950;-0.6689547061901516;-0.517278337604761;0.8124603530521128
951;-0.6708862322531155;-0.5046264729350066;0.7897765791928755
952;-0.6733468111040982;-0.5091834057611425;0.6391270391996677
953;-0.6762797955771349;-0.5054672717748344;0.6804826248259925
954;-0.6795066908737986;-0.49978269489316873;0.7784977626006915
955;-0.6827450247357023;-0.5055123243650753;0.5881730706862711
956;-0.6858379699271624;-0.4997589324128239;0.6364538801603241
957;-0.688042880924467;-0.49664533149809864;0.7130537974949402
958;-0.6898001259630447;-0.49949979297008407;0.5595240328990235
959;-0.6909989568267334;-0.49798720957418807;0.5533748845671547
960;-0.6915842309531823;-0.4865726975504998;0.7051811062187658
961;-0.6914520045915713;-0.4960245330683409;0.5452394537704781
962;-0.6906430008318142;-0.4950994404600371;0.652123891620604
963;-0.6890215320422725;-0.48415391106406847;0.689339674879683
964;-0.6864710586674287;-0.4928840181349884;0.5444075369237292
965;-0.6830584351462049;-0.484576161117932;0.6853490529012869
966;-0.6781672887886454;-0.4977719520770315;0.6871930104854227
967;-0.67249847580988;-0.4987720910335892;0.5443853907285516
968;-0.6660200006761691;-0.4879669216214163;0.6876809054945902
969;-0.658822147097527;-0.5023990938019043;0.5494588077709606
970;-0.6508652556619006;-0.49190310439940627;0.6939994371385064
971;-0.6422002649397295;-0.4943298874533899;0.6984230164756156
972;-0.632285330009641;-0.505879090192259;0.7364762171074954
973;-0.6214173821380208;-0.5178116700712574;0.7173200430483466
974;-0.6103724936303501;-0.5145205436442102;0.6788201250551048
975;-0.5992359129357597;-0.5174799161387988;0.686119178134352
976;-0.5875476621262613;-0.5307766695285632;0.738655755963603
977;-0.5757691058028717;-0.5122614535677096;0.7397181446650254
978;-0.5643396581527721;-0.5288519935885626;0.6578504979027415
979;-0.5528411740731952;-0.5430522728075867;0.7637875115774742
980;-0.5419423084191789;-0.5340251447793599;0.6759477535717934
981;-0.5312698918568417;-0.5501786930146784;0.7822518502795451
982;-0.5213242102796728;-0.5356696326474614;0.7510899394558049
983;-0.5121508969471815;-0.5370859404121658;0.634355087128808
984;-0.5038217016463017;-0.5387012181613248;0.7727103765537637
985;-0.49611478198003994;-0.5597074601265897;0.8220351657045077
986;-0.48942317412383096;-0.542508219587413;0.7365876358583617
987;-0.48359456367892906;-0.5398557958216087;0.6677817820636377
988;-0.478760563564857;-0.5426454057039614;0.7576838384161135
989;-0.4745083877339804;-0.5343838751482917;0.8670470377960678
990;-0.4711351155799939;-0.5399932724976901;0.8401830377713622
991;-0.4686812423474897;-0.5406829884147141;0.7892636044392675
992;-0.4670759573395903;-0.5395400313279534;0.7997275845571508
993;-0.4662148049637467;-0.5357487837491112;0.7180296489547999
994;-0.46602208110618876;-0.5342163435424344;0.7239884738512071
995;-0.4662077610057176;-0.555197528236413;0.9285941610579503
996;-0.46702878051844304;-0.5307469652057217;0.7390860013366389
997;-0.4682166697073221;-0.5270161449907748;0.9598859579318307
998;-0.4700819396334332;-0.5266526170766407;0.7536986181252288
999;-0.4726495591255401;-0.5245396944268942;0.7641959422997845
1000;-0.4759117013392388;-0.522195831193306;0.7714049441078195
1001;-0.4798412934700629;-0.5222484007496893;0.890710579910101
1002;-0.48440574817578935;-0.5169816234123421;0.7807248147995283
1003;-0.48959177179533336;-0.5146753922483903;0.7914377157841943
1004;-0.4950811854531922;-0.5337086713108985;1.0215540882028247
1005;-0.5007875033076485;-0.5309816836023891;1.0133223135439478
1006;-0.5070263281321559;-0.5065036338367911;0.8075606693077462
1007;-0.5134485863994296;-0.5017867164754907;1.0587177392745015
1008;-0.5199586278177034;-0.5223214474953018;1.0286442228047976
1009;-0.5265150298404548;-0.5195107822872903;1.0319232251267065
1010;-0.5332138840833904;-0.49557722228945245;0.8195334999502584
1011;-0.5398774256134041;-0.49326917161906986;0.8205450830076362
1012;-0.5463395113488707;-0.4914641455256892;0.820773947776025
1013;-0.5524228219855871;-0.5094134138554675;1.0362535654459522
1014;-0.5580926370941425;-0.4880302628584053;0.811155014162889
1015;-0.563248061168709;-0.49117644008987965;0.9422841109666845
1016;-0.5679435349980101;-0.50434057539522;1.0532736436709669
1017;-0.5721797858614345;-0.5028017362153016;1.0301245766316909
1018;-0.576000314253504;-0.5020325182726224;1.0276019887845338
1019;-0.5794604851382903;-0.502582526652271;1.0440308574130692
1020;-0.5825914955742918;-0.5016951955488899;1.021815632183236
1021;-0.5854332757272122;-0.5021157987829102;1.018630085926005
1022;-0.5877770417553039;-0.4950170980748445;0.9143419613509762
1023;-0.5896587577257316;-0.4933575721692819;0.7792203599300521
1024;-0.5913377085942877;-0.5048802367053264;1.0081142302020045
1025;-0.5925923623382542;-0.49777897776546304;0.7698624366436383
1026;-0.5934114899849255;-0.5035062996360097;0.8939315248580821
1027;-0.5938472246274635;-0.5065391137196315;0.7694827927044794
1028;-0.5939365242970296;-0.5104639452236772;0.7644575677759503
1029;-0.5937262965086058;-0.4848847741930703;0.9977178014369361
1030;-0.593369936863486;-0.5170429987725368;0.993162303469041
1031;-0.5927281402282931;-0.507343204537015;0.9425586184901442
1032;-0.5918482317013314;-0.4916104905865783;0.9795834927476692
1033;-0.5907738932382725;-0.4942561445863561;0.9732738683444765
1034;-0.5895525239495752;-0.4971053692775592;0.9667823210805963
1035;-0.5883815252185354;-0.521681501425244;0.9552554370547186
1036;-0.5871484402245619;-0.5028280866762495;0.9531566325828108
1037;-0.5859783683486826;-0.5323607873213269;0.9482643853890941
1038;-0.585061173569272;-0.5445987443657451;0.6958262741801736
1039;-0.5844371162406125;-0.5475248521076078;0.6884743096402597
1040;-0.5839357542633788;-0.5382536269363909;0.9254849810537576
1041;-0.5836385505426039;-0.5306333559395578;0.915413744721902
1042;-0.5837140433650645;-0.5554014383789915;0.6648954116041403
1043;-0.5841428031791012;-0.557805253155208;0.656649368145868
1044;-0.5847134494877719;-0.5438493455375858;0.892999992118682
1045;-0.5854949579532781;-0.5646985307314196;0.7556310466005951
1046;-0.5866054674290991;-0.5650763372369658;0.6314400667024043
1047;-0.5880222803654738;-0.5715237206364908;0.6297314655146034
1048;-0.589665833299241;-0.5711580162452815;0.6148190821519086
1049;-0.5913244477914796;-0.5236092292811667;0.8447666396827771
1050;-0.5932332287649331;-0.5817190490463278;0.6053047762804418
1051;-0.5952827070449195;-0.5534685145359947;0.7795609335430927
1052;-0.5975983252254085;-0.5369356797443967;0.8291147206065952
1053;-0.6001288498363396;-0.5882859781291079;0.5771510530753365
1054;-0.6029330763954459;-0.5759325122145165;0.6780729128025633
1055;-0.6060412336599179;-0.5763457937305403;0.6708033984199075
1056;-0.6094775499488945;-0.5766548417834892;0.6638920282234958
1057;-0.6131157878646313;-0.5990740230169808;0.5530325374052913
1058;-0.6170282193461722;-0.5072590085857197;0.8050887207352557
1059;-0.6211276260600893;-0.6058633659061659;0.5492249576734247
1060;-0.6253927018233311;-0.6077482131224805;0.5447810750245248
1061;-0.6298104596963959;-0.5157407186283784;0.7574004088791975
1062;-0.6344751601255373;-0.5044439845958424;0.7734414540655162
1063;-0.6392724027641041;-0.6113887283454597;0.5331761762860097
1064;-0.6442709018036129;-0.4968416313487658;0.7674990931473451
1065;-0.6493374420146958;-0.609596436984083;0.5197747949762953
1066;-0.6544819551484778;-0.47900620791317;0.7858372277159046
1067;-0.6596976777395943;-0.6090445559529929;0.5129386198878892
1068;-0.665063658867425;-0.6104006835156243;0.5167440177466496
1069;-0.6705770868743595;-0.4911394010892123;0.7170094312147728
1070;-0.6762009995279943;-0.47397324263444734;0.759355101035426
1071;-0.6819146294177305;-0.6055355277994013;0.49807319276034046
1072;-0.6877150715181525;-0.6040553416478048;0.4938681103317565
1073;-0.6935868921202919;-0.6026871158250768;0.48941833114485855
1074;-0.6998006935954578;-0.5342079733157812;0.5909186894634524
1075;-0.7057942721410444;-0.468647424267559;0.682901759294156
1076;-0.7114301349416963;-0.46549490623321493;0.6762038045781258
1077;-0.7170426774819811;-0.5225539421325219;0.5790319014544087
1078;-0.7224707579028543;-0.5193230066380726;0.5744292973989323
1079;-0.7274988557345834;-0.5904502244625565;0.45772730365363345
1080;-0.7316352045795376;-0.45746912782292143;0.6467690557932813
1081;-0.73540937562837;-0.5864781341784007;0.44566260099128274
1082;-0.7382554934940387;-0.4561717214613532;0.6309587769161946
1083;-0.7402791715138268;-0.43099506703701684;0.7332861604573482
1084;-0.741520330597696;-0.42996932535045357;0.7280256570565415
1085;-0.7420136609788629;-0.4296789439257621;0.7222324512847984
1086;-0.7426755750563765;-0.5798431327718723;0.4244000169284716
1087;-0.7426913182137971;-0.43012180811923184;0.7090537706160552
1088;-0.7420453669329714;-0.46202104422648727;0.582279690065424
1089;-0.7413770924190446;-0.504223231894558;0.5011587214430656
1090;-0.7400153139445371;-0.4324277343346332;0.6852011389492387
1091;-0.7385484337447548;-0.5045809229860841;0.4833482093744139
1092;-0.7377357391959447;-0.5638506454437773;0.3709988328430488
1093;-0.7366162921400402;-0.505198512450503;0.4641358801980132
1094;-0.7350249477176374;-0.5056890885794666;0.4540816249597236
1095;-0.7336828851925202;-0.5596409179053659;0.3564414526790547
1096;-0.7309207133125029;-0.4776386245211005;0.516019476749392
1097;-0.7280160129093551;-0.5546879441314256;0.3414543408784173
1098;-0.7232469924123186;-0.482687817360788;0.5000483047224777
1099;-0.717864731337838;-0.5508925093882683;0.32823238993500714
1100;-0.7088708021283876;-0.44768281487428757;0.5719482217429965
1101;-0.6977620448146503;-0.5134340403563087;0.4350593900107349
1102;-0.6826909720350368;-0.45873752173368193;0.5472095419631743
1103;-0.6665737885032392;-0.5508625169845279;0.3104490927041509
1104;-0.6483052623734875;-0.5115714191350084;0.46097764869833147
1105;-0.6285617893927535;-0.536164425050851;0.3546062296214778
1106;-0.6073708638722375;-0.5260781374535589;0.45136015369757876
1107;-0.5859001997741573;-0.5546867700112064;0.30718865122422956
1108;-0.5641622585027362;-0.5549309830776646;0.3386693399161427
1109;-0.5426930495749636;-0.5622426805494608;0.3904426004500694
1110;-0.5198144553451712;-0.5370717311346292;0.4678398148877275
1111;-0.4985672763007416;-0.5614924811920126;0.42934348831818003
1112;-0.4775507519238179;-0.5557578004969336;0.5137981335068343
1113;-0.458101887922977;-0.568386890374272;0.44421044684454436
1114;-0.44283443502174785;-0.5822862339502604;0.31007204002331656
1115;-0.4319416435664773;-0.582902658475695;0.30443970967948364
1116;-0.4253643676624617;-0.5739322835891363;0.3993010247834424
1117;-0.42307602894179663;-0.576762993082348;0.2877531038626574
1118;-0.4235765989762916;-0.5958272874521766;0.4677503222479803
1119;-0.42700360476889904;-0.5937486945056296;0.39429751916134637
1120;-0.4330505887655313;-0.5963538544353647;0.45195129577926874
1121;-0.44164603282235215;-0.5549347936526854;0.30854164963470243
1122;-0.45167536852707807;-0.539719560754286;0.3432868074822457
1123;-0.4622836089775044;-0.5906728030690864;0.4276970378754834
1124;-0.4729426399059798;-0.5315150723362685;0.27833590199238856
1125;-0.4830834735691888;-0.520357151544192;0.25005902004740976
1126;-0.4926357816516207;-0.5738640673285299;0.3288508249685277
1127;-0.5013449499942321;-0.5073683754269402;0.25165008586338744
1128;-0.5097593099307882;-0.5774679124179971;0.3878773738420044
1129;-0.5177772264465579;-0.5041454555401135;0.19604839251797512
1130;-0.5260628397712719;-0.5735391171211983;0.37325432833590777
1131;-0.5344440025508144;-0.4951947489643499;0.18213922263429383
1132;-0.5431334981491551;-0.49069161391610916;0.1758389127557468
