0;-0.23360425984414918;-0.6008097195887474;0.6409676596191782
1;-0.23351445669450388;-0.6008770754484003;0.6407554924734264
2;-0.23342466741172352;-0.6009444246343655;0.6405434225950728
3;-0.23333489235606275;-0.601011766989152;0.6403314480270728
4;-0.23324513199680091;-0.6010791023732099;0.6401195665420285
5;-0.2331553868279247;-0.6011464306520921;0.6399077758247226
6;-0.23306565734933932;-0.6012137516939917;0.6396960735352729
7;-0.23297594405990923;-0.601281065369089;0.6394844573381242
8;-0.23288624745397213;-0.6013483715494052;0.6392729249183082
9;-0.23279656801919246;-0.6014156701088375;0.6390614739920053
10;-0.23270690623503865;-0.6014829609232624;0.6388501023141672
11;-0.23261726257160287;-0.6015502438706672;0.6386388076844083
12;-0.23252763748863592;-0.601617518831289;0.6384275879517688
13;-0.23243803143474362;-0.6016847856877481;0.6382164410186342
14;-0.2323484448467037;-0.601752044325176;0.6380053648440024
15;-0.232258878148895;-0.6018192946313295;0.6377943574461868
16;-0.2321693317528184;-0.6018865364966909;0.6375834169050205
17;-0.23207980605671108;-0.6019537698145557;0.6373725413636129
18;-0.23199030144524102;-0.6020209944811028;0.6371617290296838
19;-0.2319008182892821;-0.6020882103954518;0.6369509781765172
20;-0.23181135694576288;-0.6021554174597038;0.6367402871435432
21;-0.23172191775758333;-0.6022226155789677;0.6365296543365906
22;-0.23163250105359984;-0.6022898046613732;0.6363190782278204
23;-0.23154310714866605;-0.6023569846180699;0.6361085573553771
24;-0.2314537363437339;-0.602424155363214;0.6358980903227704
25;-0.23136438892600253;-0.6024913168139441;0.6356876757980219
26;-0.23127506516911356;-0.6025584688903447;0.6354773125125933
27;-0.2311857653333893;-0.6026256115154021;0.6352669992601265
28;-0.23109648966610385;-0.6026927446149495;0.6350567348950166
29;-0.23100723840178966;-0.6027598681176065;0.6348465183308349
30;-0.23091801176256793;-0.6028269819547092;0.6346363485386382
31;-0.2308288099585043;-0.6028940860602383;0.6344262245451708
32;-0.23073963318797985;-0.6029611803707383;0.6342161454309857
33;-0.23065048163808094;-0.6030282648252359;0.6340061103285046
34;-0.230561355484996;-0.6030953393651537;0.6337961184200334
35;-0.23047225489442097;-0.6031624039342223;0.6335861689357474
36;-0.2303831800219716;-0.6032294584783899;0.6333762611516587
37;-0.23029413101359147;-0.6032965029457328;0.6331663943875925
38;-0.23020510800596644;-0.6033635372863637;0.6329565680051612
39;-0.23011611112692948;-0.6034305614523415;0.6327467814057712
40;-0.2300271404958622;-0.6034975753975815;0.6325370340286516
41;-0.22993819622408979;-0.603564579077766;0.6323273253489295
42;-0.2298492784152666;-0.6036315724502584;0.6321176548757432
43;-0.22976038716575187;-0.6036985554740184;0.6319080221504156
44;-0.22967152256497358;-0.6037655281095171;0.6316984267446742
45;-0.22958268469578125;-0.6038324903186586;0.6314888682589386
46;-0.2294938736347858;-0.6038994420647016;0.6312793463206672
47;-0.22940508945268584;-0.6039663833121838;0.6310698605827694
48;-0.2293163322145797;-0.6040333140268503;0.6308604107220861
49;-0.22922760198026615;-0.6041002341755846;0.6306509964379345
50;-0.22913889880452792;-0.6041671437263411;0.6304416174507246
51;-0.22905022273740372;-0.6042340426480837;0.6302322735006356
52;-0.22896157382444554;-0.6043009309107242;0.6300229643463685
53;-0.22887295210696085;-0.6043678084850663;0.6298136897639558
54;-0.22878435762224442;-0.6044346753427506;0.6296044495456404
55;-0.22869579040379512;-0.6045015314562037;0.6293952434988149
56;-0.22860725048151925;-0.6045683767985894;0.6291860714450221
57;-0.22851873788192267;-0.6046352113437636;0.6289769332190132
58;-0.22843025262829114;-0.6047020350662313;0.628767828667864
59;-0.22834179474085686;-0.6047688479411057;0.6285587576501461
60;-0.22825336423695974;-0.6048356499440708;0.6283497200351464
61;-0.22816496113118812;-0.604902441051346;0.6281407157021422
62;-0.22807658543552067;-0.6049692212396525;0.6279317445397142
63;-0.2279882371594485;-0.605035990486183;0.6277228064451192
64;-0.22789991631009804;-0.6051027487685718;0.6275139013236894
65;-0.22781162289233375;-0.605169496064869;0.6273050290882844
66;-0.22772335690886403;-0.605236232353515;0.627096189658775
67;-0.2276351183603315;-0.6053029576133171;0.626887382961564
68;-0.2275469072453974;-0.605369671823428;0.6266786089291435
69;-0.22745872356082292;-0.6054363749633267;0.6264698674996831
70;-0.22737056730153937;-0.6055030670127988;0.626261158616646
71;-0.22728243846071305;-0.6055697479519198;0.6260524822284341
72;-0.22719433702980724;-0.6056364177610405;0.6258438382880629
73;-0.227106262998636;-0.6057030764207709;0.6256352267528569
74;-0.2270182163554128;-0.6057697239119684;0.6254266475841674
75;-0.22693019708679663;-0.6058363602157242;0.6252181007471188
76;-0.22684220517793158;-0.6059029853133534;0.6250095862103644
77;-0.22675424061248284;-0.6059695991863842;0.6248011039458692
78;-0.2266663033726687;-0.6060362018165483;0.6245926539287081
79;-0.22657839343929054;-0.6061027931857733;0.6243842361368768
80;-0.22649051079175658;-0.606169373276174;0.6241758505511241
81;-0.22640265540810517;-0.6062359420700465;0.6239674971547888
82;-0.22631482726502244;-0.6063024995498606;0.6237591759336614
83;-0.22622702633786168;-0.6063690456982558;0.6235508868758457
84;-0.22613925260065376;-0.6064355804980339;0.6233426299716407
85;-0.22605150602612178;-0.6065021039321576;0.6231344052134271
86;-0.22596378658568794;-0.6065686159837438;0.6229262125955678
87;-0.22587609424948302;-0.6066351166360606;0.6227180521143123
88;-0.22578842898635076;-0.6067016058725255;0.6225099237677115
89;-0.2257007907638517;-0.6067680836767018;0.6223018275555436
90;-0.2256131795482657;-0.6068345500322955;0.6220937634792381
91;-0.22552559530459176;-0.6069010049231549;0.6218857315418155
92;-0.22543803799654827;-0.6069674483332681;0.6216777317478288
93;-0.22535050758657021;-0.6070338802467619;0.6214697641033073
94;-0.22526300403580568;-0.6071003006479;0.621261828615711
95;-0.22517552730411167;-0.6071667095210841;0.6210539252938867
96;-0.22508807735004865;-0.6072331068508513;0.620846054148029
97;-0.22500065413087433;-0.6072994926218747;0.6206382151896432
98;-0.224913257602536;-0.6073658668189643;0.6204304084315162
99;-0.22482588771966172;-0.6074322294270651;0.6202226338876864
100;-0.2247385444355523;-0.6074985804312594;0.6200148915734184
101;-0.22465122770217122;-0.607564919816766;0.6198071815051802
102;-0.22456393747013492;-0.6076312475689415;0.6195995037006254
103;-0.2244766736887004;-0.6076975636732805;0.6193918581785709
104;-0.22438943630575497;-0.6077638681154176;0.6191842449589868
105;-0.22430222526780363;-0.607830160881128;0.6189766640629776
106;-0.22421504051995655;-0.6078964419563284;0.6187691155127764
107;-0.2241278820059161;-0.6079627113270786;0.6185615993317288
108;-0.22404074966796345;-0.6080289689795835;0.6183541155442891
109;-0.22395364344694518;-0.6080952149001944;0.6181466641760123
110;-0.2238665632822583;-0.6081614490754097;0.617939245253545
111;-0.22377950911183592;-0.6082276714918793;0.6177318588046272
112;-0.2236924808721339;-0.6082938821364035;0.6175245048580842
113;-0.22360547849811357;-0.608360080995937;0.6173171834438265
114;-0.22351850192322786;-0.6084262680575906;0.6171098945928464
115;-0.22343155107940615;-0.608492443308633;0.6169026383372201
116;-0.2233446258970368;-0.6085586067364933;0.6166954147101078
117;-0.22325772630495405;-0.608624758328764;0.6164882237457525
118;-0.22317085223041933;-0.6086908980732021;0.6162810654794854
119;-0.22308400359910735;-0.6087570259577332;0.6160739399477235
120;-0.22299718033508736;-0.6088231419704527;0.6158668471879793
121;-0.2229103823608099;-0.6088892460996297;0.6156597872388581
122;-0.2228236095970889;-0.6089553383337091;0.6154527601400661
123;-0.22273686196308473;-0.6090214186613142;0.6152457659324131
124;-0.2226501393762888;-0.6090874870712508;0.6150388046578201
125;-0.2225634417525077;-0.6091535435525084;0.6148318763593197
126;-0.22247676900584457;-0.609219588094265;0.6146249810810693
127;-0.2223901210486865;-0.6092856206858892;0.6144181188683506
128;-0.2223034977916843;-0.6093516413169437;0.6142112897675789
129;-0.2222168991437401;-0.6094176499771888;0.614004493826312
130;-0.22213032501198882;-0.6094836466565854;0.6137977310932531
131;-0.2220437753017832;-0.6095496313452982;0.6135910016182626
132;-0.2219572499166793;-0.6096156040336995;0.6133843054523631
133;-0.22187074875841956;-0.6096815647123738;0.6131776426477472
134;-0.2217842717269175;-0.6097475133721195;0.6129710132577887
135;-0.2216978187202453;-0.6098134500039532;0.6127644173370466
136;-0.22161138963461602;-0.6098793745991145;0.6125578549412768
137;-0.22152498436437112;-0.6099452871490687;0.612351326127442
138;-0.22143860280196676;-0.6100111876455113;0.6121448309537163
139;-0.22135224483795873;-0.6100770760803714;0.611938369479499
140;-0.22126591036099136;-0.6101429524458165;0.6117319417654202
141;-0.22117959925778324;-0.6102088167342558;0.6115255478733546
142;-0.2210933114131155;-0.6102746689383448;0.6113191878664248
143;-0.2210070467098202;-0.6103405090509902;0.6111128618090196
144;-0.22092080502876993;-0.6104063370653524;0.6109065697667948
145;-0.2208345862488662;-0.6104721529748518;0.6107003118066903
146;-0.22074839024703025;-0.6105379567731724;0.6104940879969374
147;-0.22066221689819415;-0.6106037484542659;0.6102878984070685
148;-0.22057606607529184;-0.6106695280123572;0.6100817431079284
149;-0.22048993764925123;-0.6107352954419485;0.6098756221716859
150;-0.22040383148898923;-0.6108010507378241;0.6096695356718422
151;-0.22031774746140353;-0.6108667938950548;0.6094634836832415
152;-0.22023168543136878;-0.6109325249090041;0.6092574662820851
153;-0.22014564526173275;-0.6109982437753315;0.6090514835459386
154;-0.2200596268133138;-0.6110639504899982;0.6088455355537439
155;-0.21997362994489744;-0.6111296450492721;0.60863962238583
156;-0.21988765451323722;-0.6111953274497336;0.6084337441239267
157;-0.21980170037305496;-0.6112609976882789;0.6082279008511687
158;-0.21971576737704157;-0.6113266557621274;0.6080220926521164
159;-0.21962985537586216;-0.6113923016688257;0.607816319612758
160;-0.21954396421815925;-0.611457935406253;0.6076105818205256
161;-0.21945809375055847;-0.6115235569726272;0.6074048793643068
162;-0.21937224381767828;-0.6115891663665091;0.6071992123344503
163;-0.21928641426213674;-0.61165476358681;0.6069935808227864
164;-0.2192006049245646;-0.6117203486327948;0.606787984922628
165;-0.2191148156436174;-0.6117859215040891;0.606582424728788
166;-0.21902904625598885;-0.6118514822006849;0.6063769003375913
167;-0.21894329659643103;-0.6119170307229449;0.6061714118468795
168;-0.21885756649776789;-0.6119825670716105;0.6059659593560287
169;-0.2187718557909203;-0.6120480912478051;0.6057605429659567
170;-0.21868616430492815;-0.6121136032530419;0.6055551627791347
171;-0.21860049186697345;-0.6121791030892281;0.6053498188995989
172;-0.21851483830241175;-0.612244590758672;0.60514451143296
173;-0.21842920343479816;-0.6123100662640882;0.6049392404864157
174;-0.2183435870859235;-0.6123755296086033;0.6047340061687577
175;-0.21825798907584765;-0.6124409807957627;0.6045288085903859
176;-0.21817240922293923;-0.6125064198295349;0.6043236478633189
177;-0.21808684734391548;-0.612571846714319;0.604118524101199
178;-0.21800130325388678;-0.6126372614549497;0.6039134374193074
179;-0.21791577676640345;-0.612702664056703;0.6037083879345706
180;-0.21783026769350644;-0.6127680545253031;0.6035033757655739
181;-0.21774477584578183;-0.6128334328669264;0.6032984010325659
182;-0.21765930103241532;-0.6128987990882084;0.603093463857471
183;-0.21757384306125466;-0.6129641531962502;0.602888564363897
184;-0.21748840173887302;-0.6130294951986219;0.6026837026771434
185;-0.21740297687063692;-0.6130948251033708;0.6024788789242108
186;-0.21731756826077764;-0.6131601429190239;0.6022740932338077
187;-0.21723217571246545;-0.6132254486545967;0.6020693457363593
188;-0.2171467990278913;-0.613290742319596;0.6018646365640122
189;-0.21706143800834843;-0.6133560239240263;0.6016599658506467
190;-0.21697609245432098;-0.6134212934783945;0.6014553337318771
191;-0.2168907621655745;-0.6134865509937146;0.601250740345062
192;-0.2168054469412541;-0.6135517964815136;0.6010461858293078
193;-0.2167201465799839;-0.6136170299538355;0.6008416703254764
194;-0.21663486087997286;-0.6136822514232455;0.6006371939761869
195;-0.21654958963912385;-0.613747460902835;0.6004327569258219
196;-0.21646433265514942;-0.6138126584062259;0.6002283593205301
197;-0.2163790897256896;-0.6138778439475736;0.6000240013082315
198;-0.21629386064843786;-0.613943017541572;0.5998196830386175
199;-0.2162086452212681;-0.6140081792034557;0.5996154046631538
200;-0.21612344324236965;-0.6140733289490049;0.5994111663350812
201;-0.21603825451038572;-0.6141384667945468;0.5992069682094183
202;-0.215953078824558;-0.6142035927569589;0.5990028104429574
203;-0.21586791598487381;-0.6142687068536725;0.5987986931942693
204;-0.21578276579222155;-0.6143338091026731;0.5985946166236973
205;-0.21569762804854892;-0.6143988995225025;0.5983905808933543
206;-0.21561250255702585;-0.614463978132262;0.5981865861671251
207;-0.21552738912221586;-0.6145290449516106;0.5979826326106568
208;-0.21544228755024653;-0.6145941000007685;0.5977787203913558
209;-0.21535719764899075;-0.6146591433005154;0.5975748496783833
210;-0.2152721192282483;-0.614724174872191;0.597371020642646
211;-0.21518705209993605;-0.6147891947376949;0.5971672334567923
212;-0.21510199607827946;-0.6148542029194843;0.5969634882951991
213;-0.21501695098001034;-0.6149191994405738;0.596759785333964
214;-0.21493191662456862;-0.6149841843245332;0.5965561247508959
215;-0.2148468928343087;-0.6150491575954837;0.5963525067255024
216;-0.2147618794347107;-0.6151141192780958;0.5961489314389741
217;-0.21467687625459198;-0.6151790693975866;0.5959453990741738
218;-0.21459188312632815;-0.6152440079797137;0.5957419098156203
219;-0.21450689988607208;-0.6153089350507712;0.5955384638494703
220;-0.2144219263739799;-0.6153738506375851;0.5953350613635032
221;-0.214336962434439;-0.6154387547675064;0.5951317025471001
222;-0.214252007916297;-0.6155036474684044;0.5949283875912234
223;-0.214167062673095;-0.6155685287686602;0.5947251166883959
224;-0.21408212656330422;-0.6156333986971584;0.5945218900326784
225;-0.21399719945056056;-0.6156982572832777;0.5943187078196436
226;-0.2139122812039031;-0.6157631045568834;0.5941155702463521
227;-0.21382737169801475;-0.6158279405483156;0.5939124775113243
228;-0.21374247081346004;-0.6158927652883792;0.593709429814511
229;-0.21365757843692496;-0.6159575788083335;0.5935064273572663
230;-0.21357269446145732;-0.6160223811398778;0.593303470342313
231;-0.2134878187867067;-0.6160871723151412;0.5931005589737106
232;-0.21340295131915837;-0.6161519523666669;0.592897693456823
233;-0.21331809197237284;-0.6162167213273991;0.5926948739982794
234;-0.21323324066721838;-0.6162814792306679;0.5924921008059391
235;-0.21314839733209978;-0.6163462261101724;0.5922893740888528
236;-0.2130635619031892;-0.616410961999966;0.5920866940572205
237;-0.2129787343246472;-0.6164756869344381;0.591884060922352
238;-0.2128939145488437;-0.6165404009482963;0.5916814748966224
239;-0.21280910253657115;-0.6166051040765478;0.5914789361934272
240;-0.2127242982572537;-0.6166697963544803;0.5912764450271364
241;-0.2126395016891498;-0.6167344778176425;0.5910740016130476
242;-0.2125547128195479;-0.6167991485018223;0.5908716061673365
243;-0.2124699316449552;-0.6168638084430268;0.5906692589070063
244;-0.21238515817127857;-0.6169284576774596;0.5904669600498359
245;-0.21230039241399573;-0.6169930962414985;0.5902647098143265
246;-0.2122156343983198;-0.6170577241716731;0.5900625084196491
247;-0.21213088415935277;-0.6171223415046407;0.589860356085586
248;-0.2120461417422284;-0.6171869482771623;0.5896582530324759
249;-0.2119614072022462;-0.6172515445260776;0.5894561994811561
250;-0.21187668060499165;-0.6173161302882814;0.5892541956528992
251;-0.211791962026449;-0.6173807056006975;0.5890522417693594
252;-0.21170725155309772;-0.617445270500252;0.5888503380525059
253;-0.21162254928199847;-0.6175098250238489;0.5886484847245603
254;-0.2115378553208671;-0.6175743692083432;0.588446682007939
255;-0.2114531697881329;-0.6176389030905138;0.5882449301251815
256;-0.2113684928129861;-0.6177034267070379;0.5880432292988915
257;-0.21128382453540845;-0.6177679400944622;0.5878415797516675
258;-0.21119916510619324;-0.6178324432891785;0.5876399817060386
259;-0.21111451468694725;-0.617896936327395;0.587438435384395
260;-0.21102987345008134;-0.6179614192451094;0.5872369410089243
261;-0.21094524157878425;-0.6180258920780828;0.5870354988015404
262;-0.21086061926698196;-0.618090354861812;0.5868341089838165
263;-0.21077600671928437;-0.6181548076315035;0.5866327717769175
264;-0.21069140415091314;-0.6182192504220466;0.5864314874015294
265;-0.21060681178761892;-0.6182836832679877;0.586230256077793
266;-0.2105222298655815;-0.618348106203504;0.5860290780252331
267;-0.21043765863129582;-0.6184125192623785;0.5858279534626909
268;-0.21035309834144428;-0.6184769224779744;0.5856268826082562
269;-0.210268549262754;-0.6185413158832108;0.585425865679198
270;-0.2101840116718417;-0.6186056995105389;0.5852249028918977
271;-0.2100994858550435;-0.6186700733919183;0.585023994461781
272;-0.21001497210823278;-0.6187344375587933;0.5848231406032516
273;-0.20993047073662474;-0.6187987920420726;0.5846223415296266
274;-0.2098459820545686;-0.6188631368721054;0.5844215974530684
275;-0.20976150638532887;-0.6189274720786622;0.5842209085845225
276;-0.2096770440608547;-0.6189917976909145;0.5840202751336534
277;-0.20959259542153857;-0.6190561137374146;0.5838196973087801
278;-0.2095081608159644;-0.6191204202460792;0.5836191753168183
279;-0.2094237406006481;-0.6191847172441689;0.5834187093632162
280;-0.20933933513976677;-0.6192490047582746;0.5832182996518989
281;-0.209254944804882;-0.6193132828142999;0.5830179463852084
282;-0.20917056997465283;-0.6193775514374461;0.5828176497638482
283;-0.2090862110345464;-0.6194418106522003;0.5826174099868274
284;-0.20900186837653695;-0.6195060604823199;0.5824172272514101
285;-0.20891754239880445;-0.619570300950823;0.5822171017530606
286;-0.20883323350542515;-0.619634532079976;0.5820170336853958
287;-0.20874894210606015;-0.6196987538912843;0.5818170232401338
288;-0.20866466861563981;-0.6197629664054833;0.5816170706070523
289;-0.20858041345404665;-0.6198271696425299;0.5814171759739388
290;-0.20849617704579393;-0.6198913636215971;0.581217339526552
291;-0.20841195981970811;-0.6199555483610663;0.5810175614485775
292;-0.20832776220860544;-0.6200197238785231;0.5808178419215921
293;-0.2082435846489727;-0.6200838901907542;0.5806181811250248
294;-0.2081594275806467;-0.620148047313742;0.5804185792361225
295;-0.20807529144649756;-0.6202121952626654;0.5802190364299156
296;-0.2079911766921113;-0.6202763340518969;0.5800195528791923
297;-0.2079070837654789;-0.6203404636950023;0.579820128754464
298;-0.20782301311668583;-0.6204045842047425;0.5796207642239413
299;-0.20773896519760693;-0.6204686955930736;0.5794214594535096
300;-0.207654940461605;-0.6205327978711507;0.5792222146067065
301;-0.2075709393632349;-0.6205968910493297;0.5790230298447023
302;-0.20748696235795477;-0.6206609751371721;0.5788239053262796
303;-0.20740300990183835;-0.6207250501434494;0.578624841207819
304;-0.2073190824512997;-0.620789116076149;0.578425837643285
305;-0.20723518046281947;-0.6208531729424789;0.5782268947842126
306;-0.20715130439268015;-0.6209172207488769;0.5780280127796997
307;-0.20706745469671106;-0.6209812595010153;0.5778291917763962
308;-0.20698363183003465;-0.6210452892038111;0.5776304319185003
309;-0.20689983624682745;-0.6211093098614333;0.5774317333477528
310;-0.20681606840008548;-0.6211733214773125;0.577233096203438
311;-0.2067323287413962;-0.6212373240541502;0.5770345206223786
312;-0.20664861772072335;-0.6213013175939294;0.5768360067389409
313;-0.20656493578619667;-0.6213653020979247;0.5766375546850382
314;-0.20648128338391097;-0.6214292775667134;0.5764391645901332
315;-0.20639766095773482;-0.6214932440001864;0.5762408365812477
316;-0.20631406894912685;-0.6215572013975603;0.5760425707829695
317;-0.20623050779696034;-0.6216211497573891;0.5758443673174622
318;-0.20614697793735803;-0.6216850890775765;0.5756462263044797
319;-0.2060634798035343;-0.6217490193553878;0.5754481478613755
320;-0.20598001382564585;-0.6218129405874637;0.5752501321031193
321;-0.2058965804306514;-0.621876852769832;0.5750521791423129
322;-0.2058131800421794;-0.621940755897921;0.5748542890892077
323;-0.20572981308040494;-0.6220046499665727;0.574656462051722
324;-0.20564647996193308;-0.6220685349700565;0.5744586981354647
325;-0.20556318109969202;-0.6221324109020815;0.5742609974437516
326;-0.20547991690283246;-0.6221962777558105;0.5740633600776291
327;-0.2053966877766365;-0.6222601355238736;0.5738657861358998
328;-0.20531349412243266;-0.6223239841983815;0.573668275715143
329;-0.20523033633751753;-0.6223878237709386;0.5734708289097454
330;-0.20514721481508869;-0.6224516542326561;0.5732734458119195
331;-0.20506412994417728;-0.6225154755741675;0.5730761265117377
332;-0.2049810821095956;-0.6225792877856389;0.5728788710971568
333;-0.20489807169188567;-0.6226430908567844;0.5726816796540473
334;-0.20481509906727513;-0.6227068847768779;0.5724845522662199
335;-0.20473216460764004;-0.6227706695347679;0.5722874890154601
336;-0.20464926868047417;-0.6228344451188883;0.5720904899815558
337;-0.2045664116488627;-0.6228982115172726;0.571893555242327
338;-0.2044835938714608;-0.6229619687175666;0.5716966848736612
339;-0.2044008157024802;-0.6230257167070393;0.5714998789495408
340;-0.20431807749167635;-0.623089455472598;0.5713031375420786
341;-0.20423537958434607;-0.6231531850007976;0.5711064607215482
342;-0.20415272232132375;-0.6232169052778546;0.5709098485564195
343;-0.20407010603898584;-0.623280616289658;0.5707133011133876
344;-0.2039875310692585;-0.6233443180217813;0.5705168184574119
345;-0.20390499773962845;-0.6234080104594933;0.5703204006517437
346;-0.20382250637315902;-0.6234716935877708;0.5701240477579645
347;-0.20374005728850675;-0.6235353673913074;0.5699277598360175
348;-0.2036576507999452;-0.6235990318545263;0.5697315369442417
349;-0.20357528721738838;-0.62366268696159;0.569535379139406
350;-0.20349296684642026;-0.6237263326964108;0.5693392864767435
351;-0.20341068998832312;-0.6237899690426609;0.5691432590099837
352;-0.2033284569401127;-0.6238535959837828;0.5689472967913898
353;-0.2032462679945724;-0.6239172135029978;0.5687513998717879
354;-0.2031641234402919;-0.6239808215833175;0.5685555683006029
355;-0.20308202356170574;-0.6240444202075514;0.568359802125894
356;-0.20299996863913566;-0.6241080093583162;0.5681641013943828
357;-0.20291795894883474;-0.6241715890180463;0.5679684661514909
358;-0.20283599476303021;-0.6242351591689994;0.5677728964413722
359;-0.202754076349972;-0.6242987197932681;0.5675773923069414
360;-0.20267220397397923;-0.6243622708727867;0.5673819537899131
361;-0.20259037789548967;-0.6244258123893379;0.5671865809308279
362;-0.20250859837110902;-0.6244893443245633;0.5669912737690872
363;-0.20242686565366308;-0.6245528666599688;0.5667960323429836
364;-0.20234517999224733;-0.6246163793769334;0.5666008566897343
365;-0.20226354163228272;-0.624679882456715;0.5664057468455082
366;-0.20218195081556523;-0.6247433758804589;0.56621070284546
367;-0.202100407780322;-0.6248068596292033;0.566015724723758
368;-0.20201891276126466;-0.6248703336838866;0.5658208125136147
369;-0.20193746598964296;-0.6249337980253533;0.5656259662473165
370;-0.2018560676933009;-0.6249972526343612;0.5654311859562524
371;-0.20177471809673087;-0.6250606974915862;0.5652364716709435
372;-0.20169341742112817;-0.6251241325776289;0.5650418234210682
373;-0.20161216588444714;-0.6251875578730202;0.5648472412354946
374;-0.20153096370145607;-0.6252509733582261;0.5646527251423038
375;-0.2014498110837909;-0.6253143790136547;0.5644582751688205
376;-0.20136870824001168;-0.6253777748196594;0.5642638913416365
377;-0.20128765537565635;-0.625441160756545;0.5640695736866373
378;-0.20120665269329507;-0.6255045368045729;0.5638753222290305
379;-0.20112570039258532;-0.6255679029439647;0.5636811369933682
380;-0.20104479867032476;-0.6256312591549076;0.5634870180035728
381;-0.2009639477205043;-0.6256946054175583;0.5632929652829621
382;-0.2008831477343631;-0.6257579417120476;0.563098978854272
383;-0.20080239890043855;-0.6258212680184851;0.5629050587396811
384;-0.20072170140462026;-0.6258845843169614;0.5627112049608338
385;-0.2006410554302019;-0.6259478905875537;0.5625174175388623
386;-0.2005604611579302;-0.6260111868103287;0.5623236964944085
387;-0.2004799187660572;-0.6260744729653469;0.5621300418476493
388;-0.20039942843039077;-0.6261377490326648;0.5619364536183127
389;-0.20031899032434253;-0.6262010149923397;0.5617429318257018
390;-0.2002386046189763;-0.626264270824432;0.5615494764887162
391;-0.20015827148305865;-0.6263275165090091;0.5613560876258706
392;-0.20007799108310376;-0.6263907520261472;0.5611627652553148
393;-0.19999776358342236;-0.6264539773559361;0.5609695093948526
394;-0.19991758914616564;-0.62651719247848;0.5607763200619618
395;-0.19983746793137397;-0.6265803973739016;0.5605831972738122
396;-0.19975740009701848;-0.6266435920223443;0.5603901410472844
397;-0.19967738579904637;-0.6267067764039749;0.5601971513989863
398;-0.19959742519142648;-0.6267699504989857;0.5600042283452691
399;-0.19951751842618742;-0.6268331142875969;0.5598113719022503
400;-0.19943766565346477;-0.6268962677500596;0.5596185820858219
401;-0.1993578670215393;-0.6269594108666574;0.559425858911674
402;-0.19927812267687767;-0.6270225436177082;0.5592332023953048
403;-0.19919843276417398;-0.6270856659835669;0.5590406125520415
404;-0.19911879742638838;-0.6271487779446268;0.55884808939705
405;-0.19903921680478454;-0.6272118794813224;0.5586556329453543
406;-0.19895969103896904;-0.6272749705741303;0.5584632432118464
407;-0.19888022026692764;-0.6273380512035714;0.5582709202113056
408;-0.19880080462506228;-0.6274011213502123;0.5580786639584076
409;-0.1987214442482264;-0.6274641809946674;0.5578864744677388
410;-0.1986421392697606;-0.6275272301176003;0.5576943517538131
411;-0.1985628898215267;-0.6275902686997243;0.557502295831079
412;-0.19848369603394123;-0.6276532967218068;0.5573103067139364
413;-0.1984045580360096;-0.6277163141646667;0.5571183844167453
414;-0.1983254759553577;-0.6277793210091791;0.5569265289538413
415;-0.1982464499182638;-0.6278423172362744;0.5567347403395433
416;-0.19816748004968965;-0.627905302826941;0.5565430185881675
417;-0.19808856647331186;-0.6279682777622263;0.5563513637140369
418;-0.1980097093115506;-0.6280312420232366;0.5561597757314924
419;-0.19793090868559965;-0.6280941955911397;0.555968254654903
420;-0.19785216471545547;-0.6281571384471655;0.5557768004986752
421;-0.19777347751994429;-0.628220070572607;0.5555854132772643
422;-0.19769484721675;-0.6282829919488209;0.5553940930051826
423;-0.19761627392244185;-0.6283459025572292;0.5552028396970099
424;-0.1975377577524991;-0.6284088023793201;0.5550116533674005
425;-0.19745929882133884;-0.628471691396648;0.5548205340310937
426;-0.19738089724233954;-0.6285345695908362;0.5546294817029238
427;-0.19730255312786737;-0.628597436943575;0.5544384963978221
428;-0.1972242665892976;-0.6286602934366257;0.554247578130833
429;-0.1971460377370422;-0.6287231390518181;0.5540567269171175
430;-0.19706786668056897;-0.6287859737710542;0.5538659427719608
431;-0.1969897535284274;-0.6288487975763067;0.5536752257107804
432;-0.19691169838826783;-0.6289116104496211;0.5534845757491327
433;-0.196833701366865;-0.6289744123731156;0.5532939929027211
434;-0.19675576257013944;-0.6290372033289819;0.5531034771874025
435;-0.19667788210317605;-0.6290999832994857;0.5529130286191922
436;-0.19660006007024688;-0.6291627522669678;0.5527226472142732
437;-0.19652229657482828;-0.6292255102138439;0.5525323329889988
438;-0.19644459171962197;-0.6292882571226059;0.5523420859599022
439;-0.19636694560657353;-0.629350992975822;0.5521519061436991
440;-0.1962893583368901;-0.6294137177561371;0.551961793557296
441;-0.1962118300110588;-0.6294764314462734;0.5517717482177931
442;-0.1961343607288647;-0.6295391340290315;0.5515817701424931
443;-0.19605695058940759;-0.6296018254872893;0.5513918593489013
444;-0.19597959969111822;-0.6296645058040042;0.5512020158547359
445;-0.195902308131776;-0.6297271749622126;0.5510122396779286
446;-0.19582507600852345;-0.6297898329450305;0.5508225308366318
447;-0.19574790341788356;-0.6298524797356533;0.5506328893492218
448;-0.1956707904557729;-0.629915115317357;0.5504433152343027
449;-0.1955937372175185;-0.6299777396734986;0.5502538085107123
450;-0.19551674379787104;-0.6300403527875157;0.5500643691975264
451;-0.19543981029102042;-0.6301029546429273;0.549874997314059
452;-0.1953629367906079;-0.6301655452233343;0.5496856928798699
453;-0.19528612338974077;-0.6302281245124192;0.5494964559147675
454;-0.19520937018100643;-0.6302906924939473;0.5493072864388102
455;-0.1951326772564826;-0.630353249151766;0.5491181844723134
456;-0.1950560447077529;-0.6304157944698059;0.5489291500358497
457;-0.1949794726259177;-0.6304783284320806;0.5487401831502524
458;-0.19490296110160488;-0.6305408510226869;0.5485512838366211
459;-0.19482651022498487;-0.6306033622258059;0.5483624521163208
460;-0.19475012008577908;-0.6306658620257023;0.5481736880109886
461;-0.19467379077327235;-0.6307283504067243;0.5479849915425328
462;-0.19459752237632372;-0.6307908273533055;0.547796362733137
463;-0.194521314983377;-0.6308532928499639;0.5476078016052643
464;-0.19444516868247108;-0.630915746881302;0.547419308181658
465;-0.19436908356125088;-0.6309781894320075;0.5472308824853412
466;-0.19429305970697508;-0.6310406204868533;0.5470425245396251
467;-0.1942170972065284;-0.6311030400306981;0.546854234368106
468;-0.19414119614642983;-0.631165448048486;0.5466660119946691
469;-0.1940653566128412;-0.631227844525247;0.5464778574434911
470;-0.1939895786915774;-0.6312902294460973;0.5462897707390404
471;-0.19391386246811332;-0.6313526027962393;0.5461017519060805
472;-0.19383820802759533;-0.6314149645609617;0.5459138009696703
473;-0.19376261545484685;-0.6314773147256398;0.5457259179551668
474;-0.1936870848343772;-0.6315396532757358;0.5455381028882258
475;-0.1936116162503907;-0.6316019801967988;0.5453503557948034
476;-0.19353620978679287;-0.6316642954744648;0.5451626767011578
477;-0.19346086552719866;-0.6317265990944575;0.5449750656338506
478;-0.19338558355493968;-0.6317888910425876;0.5447875226197465
479;-0.19331036395307155;-0.6318511713047538;0.5446000476860173
480;-0.1932352068043815;-0.631913439866942;0.54441264086014
481;-0.19316011219139317;-0.6319756967152265;0.5442253021699002
482;-0.19308508019637555;-0.6320379418357691;0.5440380316433909
483;-0.19301011090134823;-0.6321001752148205;0.543850829309016
484;-0.19293520438808842;-0.632162396838719;0.5436636951954883
485;-0.19286036073813562;-0.6322246066938918;0.5434766293318316
486;-0.19278558003280044;-0.6322868047668545;0.5432896317473817
487;-0.1927108623531672;-0.6323489910442115;0.5431027024717865
488;-0.1926362077801022;-0.6324111655126564;0.5429158415350073
489;-0.19256161639425795;-0.6324733281589713;0.5427290489673187
490;-0.1924870882760797;-0.6325354789700277;0.5425423247993081
491;-0.19241262350580862;-0.6325976179327863;0.542355669061879
492;-0.19233822216348995;-0.6326597450342976;0.5421690817862481
493;-0.19226388432897573;-0.6327218602617009;0.5419825630039482
494;-0.19218961008193125;-0.6327839636022261;0.5417961127468267
495;-0.19211539950183731;-0.6328460550431922;0.5416097310470475
496;-0.19204125266799915;-0.6329081345720085;0.5414234179370891
497;-0.19196716965954685;-0.6329702021761745;0.5412371734497483
498;-0.19189315055544176;-0.6330322578432792;0.5410509976181346
499;-0.19181919543448128;-0.6330943015610028;0.5408648904756765
500;-0.19174530437530157;-0.6331563333171155;0.5406788520561174
501;-0.1916714774563823;-0.6332183530994783;0.5404928823935169
502;-0.19159771475605114;-0.6332803608960429;0.540306981522252
503;-0.19152401635248806;-0.6333423566948514;0.5401211494770141
504;-0.19145038232372685;-0.6334043404840375;0.5399353862928116
505;-0.19137681274766155;-0.6334663122518258;0.5397496920049685
506;-0.19130330770204812;-0.6335282719865323;0.539564066649124
507;-0.19122986726450925;-0.6335902196765639;0.5393785102612341
508;-0.19115649151253716;-0.6336521553104194;0.5391930228775684
509;-0.19108318052349627;-0.6337140788766888;0.5390076045347127
510;-0.1910099343746282;-0.6337759903640547;0.538822255269567
511;-0.1909367531430538;-0.6338378897612905;0.5386369751193434
512;-0.19086363690577546;-0.6338997770572629;0.5384517641215723
513;-0.19079058573968177;-0.6339616522409293;0.5382666223140944
514;-0.19071759972154967;-0.6340235153013404;0.538081549735064
515;-0.19064467892804698;-0.6340853662276392;0.5378965464229488
516;-0.19057182343573553;-0.6341472050090609;0.5377116124165289
517;-0.19049903332107487;-0.6342090316349337;0.5375267477548938
518;-0.19042630866042165;-0.6342708460946781;0.5373419524774465
519;-0.19035364953003625;-0.6343326483778086;0.5371572266239005
520;-0.1902810560060827;-0.6343944384739314;0.5369725702342776
521;-0.19020852816463119;-0.6344562163727474;0.5367879833489111
522;-0.19013606608166278;-0.6345179820640494;0.5366034660084411
523;-0.1900636698330676;-0.6345797355377251;0.5364190182538173
524;-0.1899913394946512;-0.6346414767837547;0.5362346401262975
525;-0.18991907514213396;-0.6347032057922128;0.5360503316674441
526;-0.18984687685115464;-0.6347649225532677;0.5358660929191277
527;-0.1897747446972713;-0.6348266270571818;0.5356819239235228
528;-0.18970267875596442;-0.6348883192943123;0.5354978247231091
529;-0.18963067910263748;-0.6349499992551098;0.5353137953606719
530;-0.18955874581262122;-0.6350116669301196;0.5351298358792969
531;-0.18948687896117233;-0.6350733223099823;0.5349459463223745
532;-0.18941507862347778;-0.6351349653854323;0.5347621267335951
533;-0.18934334487465482;-0.6351965961473;0.5345783771569499
534;-0.18927167778975357;-0.6352582145865102;0.5343946976367306
535;-0.18920007744375922;-0.635319820694083;0.5342110882175293
536;-0.18912854391159206;-0.6353814144611343;0.5340275489442327
537;-0.18905707726810944;-0.6354429958788749;0.5338440798620286
538;-0.1889856775881089;-0.6355045649386116;0.5336606810163989
539;-0.1889143449463273;-0.6355661216317474;0.5334773524531208
540;-0.18884307941744277;-0.6356276659497808;0.533294094218268
541;-0.18877188107607729;-0.6356891978843067;0.5331109063582067
542;-0.18870074999679765;-0.635750717427016;0.5329277889195951
543;-0.1886296862541152;-0.6358122245696969;0.5327447419493844
544;-0.18855868992248837;-0.6358737193042329;0.5325617654948149
545;-0.18848776107632392;-0.6359352016226058;0.5323788596034186
546;-0.18841689978997828;-0.6359966715168931;0.5321960243230157
547;-0.18834610613775754;-0.6360581289792698;0.5320132597017126
548;-0.1882753801939187;-0.6361195740020089;0.5318305657879049
549;-0.18820472203267197;-0.6361810065774797;0.5316479426302714
550;-0.18813413172818083;-0.6362424266981501;0.5314653902777774
551;-0.18806360935456345;-0.636303834356585;0.5312829087796713
552;-0.18799315498589259;-0.6363652295454474;0.5311004981854837
553;-0.1879227686961979;-0.6364266122574992;0.5309181585450264
554;-0.18785245055946576;-0.6364879824855995;0.5307358899083932
555;-0.18778220064964074;-0.6365493402227065;0.5305536923259555
556;-0.18771201904062595;-0.6366106854618767;0.5303715658483636
557;-0.18764190580628443;-0.6366720181962656;0.5301895105265446
558;-0.18757186102043877;-0.6367333384191278;0.5300075264117023
559;-0.1875018847568733;-0.6367946461238168;0.5298256135553152
560;-0.18743197708933423;-0.6368559413037852;0.529643772009135
561;-0.18736213809152907;-0.6369172239525858;0.529462001825187
562;-0.18729236783712988;-0.6369784940638703;0.5292803030557667
563;-0.18722266639977064;-0.6370397516313909;0.5290986757534406
564;-0.18715303385305054;-0.6371009966489997;0.5289171199710447
565;-0.1870834702705338;-0.6371622291106487;0.5287356357616835
566;-0.18701397572574913;-0.6372234490103901;0.5285542231787265
567;-0.18694455029219148;-0.6372846563423779;0.5283728822758111
568;-0.18687519404332242;-0.6373458511008654;0.5281916131068379
569;-0.1868059070525701;-0.6374070332802078;0.5280104157259704
570;-0.1867366893933292;-0.6374682028748611;0.5278292901876358
571;-0.18666754113896256;-0.6375293598793828;0.5276482365465207
572;-0.18659846236280087;-0.6375905042884316;0.5274672548575736
573;-0.18652945313814423;-0.6376516360967678;0.5272863451759986
574;-0.1864605135382597;-0.6377127552992546;0.5271055075572596
575;-0.18639164363638455;-0.6377738618908563;0.5269247420570751
576;-0.18632284350572542;-0.6378349558666396;0.5267440487314207
577;-0.18625411321945867;-0.637896037221774;0.5265634276365215
578;-0.18618545285072968;-0.6379571059515317;0.5263828788288594
579;-0.18611686247265485;-0.6380181620512871;0.5262024023651655
580;-0.186048342158321;-0.6380792055165185;0.5260219983024212
581;-0.1859798919807859;-0.6381402363428068;0.5258416666978563
582;-0.18591151201307665;-0.6382012545258369;0.5256614076089487
583;-0.185843202328193;-0.638262260061397;0.5254812210934229
584;-0.1857749629991055;-0.6383232529453787;0.5253011072092457
585;-0.18570679409875523;-0.6383842331737792;0.5251210660146316
586;-0.18563869570005498;-0.6384452007426982;0.5249410975680353
587;-0.18557066787589;-0.6385061556483409;0.5247612019281527
588;-0.1855027106991165;-0.6385670978870165;0.5245813791539209
589;-0.18543482424256197;-0.6386280274551394;0.5244016293045137
590;-0.18536700857902572;-0.6386889443492293;0.5242219524393454
591;-0.1852992637812802;-0.6387498485659107;0.5240423486180625
592;-0.18523158992206784;-0.638810740101914;0.5238628179005493
593;-0.18516398707410403;-0.6388716189540748;0.5236833603469236
594;-0.1850964553100759;-0.6389324851193348;0.5235039760175334
595;-0.1850289947026419;-0.6389933385947422;0.5233246649729603
596;-0.18496160532443295;-0.6390541793774506;0.5231454272740139
597;-0.18489428724805157;-0.6391150074647209;0.5229662629817328
598;-0.18482704054607046;-0.6391758228539205;0.5227871721573825
599;-0.18475986529103633;-0.6392366255425234;0.522608154862455
600;-0.18469276155546605;-0.6392974155281115;0.5224292111586671
601;-0.18462572941184818;-0.6393581928083729;0.5222503411079574
602;-0.18455876893264228;-0.6394189573811042;0.5220715447724878
603;-0.18449188019027934;-0.6394797092442099;0.5218928222146406
604;-0.18442506325716174;-0.6395404483957016;0.5217141734970179
605;-0.18435831820566184;-0.6396011748336994;0.5215355986824378
606;-0.18429164510812368;-0.6396618885564327;0.5213570978339379
607;-0.18422504403686069;-0.6397225895622385;0.5211786710147701
608;-0.18415851506415792;-0.6397832778495629;0.5210003182884003
609;-0.18409205826226982;-0.6398439534169613;0.5208220397185075
610;-0.18402567370342127;-0.6399046162630979;0.520643835368982
611;-0.1839593614598058;-0.6399652663867474;0.5204657053039243
612;-0.18389312160358706;-0.6400259037867932;0.5202876495876445
613;-0.1838269542068986;-0.640086528462229;0.5201096682846597
614;-0.18376085934184178;-0.6401471404121586;0.5199317614596923
615;-0.18369483708048673;-0.6402077396357966;0.5197539291776726
616;-0.18362888749487366;-0.6402683261324675;0.5195761715037317
617;-0.18356301065700814;-0.640328899901607;0.5193984885032035
618;-0.18349720663886582;-0.6403894609427621;0.5192208802416238
619;-0.18343147551238848;-0.6404500092555904;0.5190433467847282
620;-0.18336581734948648;-0.6405105448398616;0.5188658881984494
621;-0.18330023222203495;-0.6405710676954567;0.5186885045489183
622;-0.18323472020187737;-0.640631577822369;0.518511195902461
623;-0.18316928136082278;-0.6406920752207037;0.5183339623255979
624;-0.18310391577064555;-0.6407525598906784;0.5181568038850428
625;-0.18303862350308553;-0.6408130318326231;0.5179797206477008
626;-0.18297340462984824;-0.6408734910469812;0.5178027126806684
627;-0.18290825922260323;-0.6409339375343086;0.5176257800512292
628;-0.18284318735298422;-0.6409943712952749;0.517448922826857
629;-0.1827781890925892;-0.6410547923306626;0.5172721410752099
630;-0.18271326451297915;-0.6411152006413687;0.5170954348641319
631;-0.18264841368567736;-0.6411755962284034;0.5169188042616516
632;-0.18258363668217148;-0.6412359790928915;0.5167422493359788
633;-0.18251893357390914;-0.6412963492360726;0.5165657701555053
634;-0.18245430443230093;-0.6413567066592997;0.5163893667888013
635;-0.18238974932871715;-0.6414170513640418;0.5162130393046171
636;-0.18232526833449092;-0.6414773833518829;0.5160367877718788
637;-0.18226086152091348;-0.6415377026245215;0.5158606122596894
638;-0.18219652895923694;-0.6415980091837724;0.5156845128373257
639;-0.18213227072067206;-0.6416583030315657;0.5155084895742374
640;-0.18206808687638798;-0.6417185841699482;0.5153325425400461
641;-0.18200397749751246;-0.6417788526010819;0.5151566718045436
642;-0.18193994265513058;-0.6418391083272458;0.514980877437692
643;-0.1818759824202847;-0.6418993513508359;0.5148051595096198
644;-0.18181209686397298;-0.6419595816743644;0.5146295180906222
645;-0.1817482860571507;-0.6420197993004613;0.5144539532511598
646;-0.1816845500707277;-0.6420800042318735;0.514278465061857
647;-0.18162088897556833;-0.6421401964714657;0.514103053593501
648;-0.18155730284249272;-0.64220037602222;0.5139277189170386
649;-0.18149379174227276;-0.6422605428872372;0.5137524611035774
650;-0.18143035574563443;-0.6423206970697363;0.5135772802243841
651;-0.1813669949232557;-0.642380838573054;0.5134021763508807
652;-0.18130370934576662;-0.6424409674006466;0.5132271495546468
653;-0.18124049908374867;-0.6425010835560893;0.5130521999074147
654;-0.1811773642077329;-0.6425611870430759;0.5128773274810706
655;-0.1811143047882019;-0.6426212778654199;0.5127025323476537
656;-0.1810513208955858;-0.6426813560270546;0.5125278145793509
657;-0.18098841260026444;-0.6427414215320333;0.5123531742485004
658;-0.1809255799725661;-0.6428014743845288;0.5121786114275869
659;-0.1808628230827649;-0.6428615145888348;0.5120041261892417
660;-0.1808001420010822;-0.6429215421493653;0.5118297186062418
661;-0.18073753679768623;-0.642981557070655;0.5116553887515075
662;-0.18067500754268895;-0.6430415593573597;0.5114811366981005
663;-0.18061255430614787;-0.6431015490142568;0.5113069625192261
664;-0.18055017715806415;-0.6431615260462444;0.5111328662882255
665;-0.18048787616838158;-0.643221490458343;0.510958848078582
666;-0.1804256514069873;-0.6432814422556944;0.510784907963914
667;-0.18036350294370834;-0.6433413814435631;0.5106110460179761
668;-0.1803014308483158;-0.6434013080273356;0.5104372623146571
669;-0.1802394351905175;-0.6434612220125212;0.5102635569279785
670;-0.18017751603996285;-0.6435211234047515;0.5100899299320939
671;-0.18011567346623858;-0.6435810122097823;0.5099163814012873
672;-0.18005390753887074;-0.6436408884334914;0.5097429114099716
673;-0.17999221832732115;-0.6437007520818806;0.509569520032688
674;-0.17993060590098892;-0.6437606031610755;0.5093962073441021
675;-0.17986907032920812;-0.6438204416773257;0.5092229734190075
676;-0.1798076116812481;-0.6438802676370042;0.5090498183323185
677;-0.17974623002631118;-0.6439400810466098;0.5088767421590739
678;-0.17968492543353348;-0.6439998819127647;0.508703744974432
679;-0.17962369797198324;-0.6440596702422162;0.5085308268536721
680;-0.17956254771066066;-0.6441194460418367;0.5083579878721907
681;-0.1795014747184953;-0.644179209318624;0.5081852281055026
682;-0.17944047906434835;-0.6442389600797014;0.5080125476292365
683;-0.17937956081700746;-0.6442986983323178;0.5078399465191379
684;-0.179318720045191;-0.6443584240838478;0.5076674248510621
685;-0.17925795681754209;-0.6444181373417921;0.5074949827009793
686;-0.17919727120263151;-0.6444778381137787;0.5073226201449673
687;-0.1791366632689554;-0.644537526407561;0.5071503372592147
688;-0.17907613308493386;-0.6445972022310199;0.5069781341200177
689;-0.17901568071891094;-0.6446568655921627;0.5068060108037784
690;-0.178955306239154;-0.6447165164991249;0.5066339673870034
691;-0.17889500971385108;-0.6447761549601679;0.506462003946304
692;-0.17883479121111123;-0.6448357809836828;0.506290120558393
693;-0.17877465079896443;-0.6448953945781868;0.5061183173000836
694;-0.17871458854535782;-0.644954995752326;0.5059465942482921
695;-0.17865460451815962;-0.6450145845148741;0.5057749514800285
696;-0.17859469878515177;-0.6450741608747345;0.505603389072403
697;-0.17853487141403435;-0.6451337248409382;0.5054319071026203
698;-0.1784751224724221;-0.6451932764226459;0.5052605056479802
699;-0.17841545202784387;-0.6452528156291468;0.5050891847858741
700;-0.17835586014774202;-0.6453123424698597;0.5049179445937864
701;-0.17829634689947016;-0.645371856954333;0.5047467851492915
702;-0.1782369123502946;-0.6454313590922447;0.5045757065300528
703;-0.17817755656739093;-0.6454908488934029;0.504404708813822
704;-0.17811827961784388;-0.6455503263677456;0.5042337920784359
705;-0.17805908156864636;-0.6456097915253418;0.5040629564018171
706;-0.17799996248669886;-0.6456692443763902;0.5038922018619725
707;-0.177940922438807;-0.6457286849312208;0.5037215285369903
708;-0.1778819614916824;-0.6457881132002946;0.5035509365050408
709;-0.17782307971194072;-0.6458475291942033;0.5033804258443728
710;-0.1777642771660995;-0.6459069329236704;0.5032099966333144
711;-0.17770555392057896;-0.645966324399551;0.5030396489502709
712;-0.17764691004169925;-0.6460257036328316;0.5028693828737228
713;-0.17758834559568148;-0.6460850706346308;0.5026991984822253
714;-0.17752986064864446;-0.6461444254161997;0.5025290958544073
715;-0.1774714552666043;-0.6462037679889205;0.5023590750689677
716;-0.17741312951547417;-0.6462630983643101;0.5021891362046774
717;-0.17735488346106093;-0.646322416554016;0.502019279340377
718;-0.17729671716906825;-0.6463817225698196;0.5018495045549731
719;-0.17723863070509038;-0.6464410164236356;0.5016798119274386
720;-0.1771806241346136;-0.6465002981275115;0.5015102015368149
721;-0.17712269752301696;-0.6465595676936282;0.5013406734622032
722;-0.17706485093556623;-0.6466188251343006;0.5011712277827685
723;-0.17700708443741742;-0.6466780704619776;0.5010018645777387
724;-0.17694939809361293;-0.6467373036892414;0.500832583926399
725;-0.1768917919690811;-0.646796524828809;0.5006633859080948
726;-0.1768342661286353;-0.6468557338935319;0.500494270602228
727;-0.17677682063697214;-0.6469149308963955;0.5003252380882561
728;-0.17671945555867147;-0.6469741158505206;0.500156288445692
729;-0.1766621709581926;-0.6470332887691624;0.4999874217541008
730;-0.17660496689987698;-0.6470924496657116;0.4998186380931009
731;-0.17654784344794322;-0.6471515985536936;0.49964993754235965
732;-0.17649080066648737;-0.6472107354467701;0.49948132018159497
733;-0.17643383861948225;-0.6472698603587376;0.49931278609057145
734;-0.1763769573707748;-0.6473289733035286;0.4991443353491009
735;-0.17632015698408704;-0.6473880742952118;0.49897596803704103
736;-0.17626343752301193;-0.6474471633479916;0.4988076842342927
737;-0.1762067990510146;-0.6475062404762091;0.49863948402079944
738;-0.17615024163142878;-0.647565305694341;0.4984713674765462
739;-0.1760937653274579;-0.6476243590170018;0.49830333468155796
740;-0.17603737020217164;-0.6476834004589416;0.4981353857158982
741;-0.17598105631850597;-0.6477424300350482;0.49796752065966854
742;-0.17592482373926177;-0.6478014477603455;0.49779973959300533
743;-0.17586867252710214;-0.6478604536499961;0.4976320425960797
744;-0.1758126027445529;-0.6479194477192984;0.4974644297490973
745;-0.17575661445399954;-0.6479784299836893;0.4972969011322947
746;-0.1757007077176873;-0.648037400458743;0.49712945682594045
747;-0.1756448825977196;-0.6480963591601714;0.4969620969103309
748;-0.1755891391560544;-0.6481553061038242;0.49679482146579124
749;-0.17553347745450687;-0.64821424130569;0.49662763057267356
750;-0.1754778975547439;-0.6482731647818949;0.49646052431135573
751;-0.17542239951828598;-0.6483320765487034;0.49629350276223855
752;-0.17536698340650375;-0.6483909766225188;0.4961265660057468
753;-0.1753116492806166;-0.6484498650198827;0.4959597141223258
754;-0.17525639720169217;-0.6485087417574754;0.4957929471924419
755;-0.17520122723064552;-0.6485676068521169;0.4956262652965787
756;-0.17514613942823493;-0.6486264603207652;0.49545966851523965
757;-0.17509113385506409;-0.6486853021805181;0.4952931569289427
758;-0.17503621057157714;-0.6487441324486125;0.49512673061822116
759;-0.17498136963805955;-0.6488029511424247;0.4949603896636208
760;-0.17492661111463587;-0.6488617582794702;0.4947941341457025
761;-0.1748719350612678;-0.6489205538774049;0.49462796414503424
762;-0.17481734153775308;-0.6489793379540237;0.49446187974219696
763;-0.1747628306037255;-0.6490381105272616;0.4942958810177779
764;-0.1747084023186497;-0.6490968716151938;0.4941299680523705
765;-0.17465405674182277;-0.6491556212360354;0.49396414092657676
766;-0.17459979393237263;-0.6492143594081417;0.49379839972099987
767;-0.17454561394925333;-0.6492730861500084;0.4936327445162488
768;-0.17449151685124875;-0.6493318014802713;0.4934671753929314
769;-0.17443750269696545;-0.6493905054177072;0.4933016924316576
770;-0.1743835715448347;-0.649449197981233;0.49313629571303563
771;-0.17432972345311004;-0.6495078791899066;0.4929709853176726
772;-0.17427595847986516;-0.6495665490629267;0.49280576132616977
773;-0.17422227668299262;-0.6496252076196327;0.49264062381912593
774;-0.17416867812020226;-0.649683854879505;0.4924755728771318
775;-0.17411516284901957;-0.6497424908621652;0.49231060858077047
776;-0.17406173092678445;-0.6498011155873763;0.49214573101061854
777;-0.1740083824106483;-0.6498597290750414;0.49198094024723865
778;-0.17395511735757357;-0.6499183313452059;0.4918162363711857
779;-0.17390193582433222;-0.649976922418057;0.4916516194629979
780;-0.17384883786750277;-0.6500355023139219;0.4914870896032027
781;-0.17379582354346967;-0.6500940710532703;0.4913226468723097
782;-0.17374289290842126;-0.6501526286567134;0.49115829135081324
783;-0.1736900460183486;-0.6502111751450038;0.4909940231191883
784;-0.1736372829290425;-0.6502697105390358;0.490829842257891
785;-0.1735846036960934;-0.6503282348598457;0.4906657488473566
786;-0.17353200837488847;-0.6503867481286115;0.4905017429679982
787;-0.17347949702060977;-0.650445250366653;0.49033782470020504
788;-0.17342706968823374;-0.650503741595432;0.4901739941243429
789;-0.17337472643252805;-0.6505622218365522;0.4900102513207494
790;-0.17332246730805023;-0.6506206911117598;0.48984659636973704
791;-0.1732702923691471;-0.650679149442942;0.48968302935158714
792;-0.1732182016699509;-0.6507375968521292;0.48951955034655403
793;-0.17316619526437932;-0.6507960333614932;0.48935615943485816
794;-0.1731142732061322;-0.6508544589933485;0.4891928566966882
795;-0.173062435548691;-0.6509128737701511;0.48902964221219875
796;-0.17301068234531608;-0.6509712777145;0.48886651606150905
797;-0.1729590136490451;-0.6510296708491361;0.48870347832470196
798;-0.1729074295126914;-0.6510880531969425;0.4885405290818222
799;-0.17285592998884247;-0.6511464247809446;0.48837766841287433
800;-0.17280451512985628;-0.6512047856243105;0.488214896397825
801;-0.17275318498786263;-0.6512631357503497;0.48805221311659525
802;-0.17270193961475716;-0.6513214751825149;0.48788961864906577
803;-0.17265077906220339;-0.6513798039444009;0.487727113075071
804;-0.17259970338162794;-0.6514381220597445;0.48756469647440037
805;-0.172548712624221;-0.6514964295524254;0.48740236892679584
806;-0.17249780684093147;-0.651554726446465;0.4872401305119517
807;-0.17244698608246845;-0.6516130127660269;0.4870779813095096
808;-0.1723962503992958;-0.6516712885354181;0.4869159213990635
809;-0.1723455998416329;-0.6517295537790868;0.48675395086015316
810;-0.17229503445945232;-0.6517878085216239;0.486592069772264
811;-0.1722445543024756;-0.6518460527877624;0.4864302782148273
812;-0.17219415942017424;-0.6519042866023776;0.48626857626721814
813;-0.1721438498617655;-0.651962509990487;0.48610696400875253
814;-0.17209362567621217;-0.6520207229772499;0.4859454415186885
815;-0.17204348691221838;-0.6520789255879685;0.4857840088762224
816;-0.1719934336182301;-0.6521371178480861;0.4856226661604905
817;-0.17194346584243114;-0.652195299783189;0.48546141345056537
818;-0.17189358363274154;-0.6522534714190045;0.4853002508254544
819;-0.1718437870368169;-0.6523116327814027;0.4851391783640997
820;-0.1717940761020436;-0.6523697838963951;0.48497819614537724
821;-0.17174445087553974;-0.652427924790135;0.4848173042480927
822;-0.17169491140415055;-0.6524860554889176;0.4846565027509845
823;-0.17164545773444828;-0.6525441760191799;0.4844957917327183
824;-0.171596089912729;-0.6526022864074998;0.48433517127188763
825;-0.17154680798500982;-0.652660386680598;0.48417464144701305
826;-0.1714976119970288;-0.6527184768653358;0.4840142023365395
827;-0.1714485019942406;-0.6527765569887158;0.4838538540188359
828;-0.17139947802181638;-0.6528346270778824;0.48369359657219396
829;-0.17135054012464046;-0.6528926871601206;0.4835334300748253
830;-0.17130168834730747;-0.6529507372628571;0.4833733546048625
831;-0.17125292273412224;-0.6530087774136593;0.48321337024035543
832;-0.17120424332909578;-0.6530668076402356;0.4830534770592721
833;-0.17115565017594364;-0.6531248279704349;0.48289367513949655
834;-0.1711071433180842;-0.6531828384322474;0.4827339645588247
835;-0.17105872279863654;-0.6532408390538036;0.48257434539496874
836;-0.17101038866041696;-0.6532988298633737;0.48241481772555045
837;-0.1709621409459376;-0.6533568108893695;0.4822553816281035
838;-0.17091397969740446;-0.6534147821603422;0.4820960371800699
839;-0.170865904956715;-0.6534727437049833;0.4819367844587989
840;-0.17081791676545555;-0.6535306955521247;0.4817776235415483
841;-0.17077001516489937;-0.6535886377307367;0.4816185545054788
842;-0.1707222001960041;-0.6536465702699308;0.48145957742765605
843;-0.17067447189940999;-0.6537044931989571;0.48130069238504813
844;-0.17062683031543685;-0.6537624065472054;0.48114189945452396
845;-0.1705792754840828;-0.6538203103442045;0.4809831987128532
846;-0.17053180744502028;-0.6538782046196223;0.48082459023670265
847;-0.1704844262375954;-0.6539360894032656;0.480666074102637
848;-0.1704371319008251;-0.65399396472508;0.4805076503871177
849;-0.1703899244733944;-0.6540518306151493;0.4803493191664991
850;-0.1703428039936548;-0.6541096871036958;0.4801910805170298
851;-0.17029577049962047;-0.6541675342210798;0.48003293451484963
852;-0.17024882402896824;-0.6542253719977998;0.47987488123599026
853;-0.17020196461903359;-0.6542832004644918;0.47971692075637123
854;-0.1701551923068071;-0.6543410196519295;0.4795590531518006
855;-0.17010850712893533;-0.6543988295910242;0.4794012784979727
856;-0.17006190912171543;-0.6544566303128236;0.47924359687046797
857;-0.1700153983210953;-0.6545144218485132;0.4790860083447494
858;-0.16996897476266787;-0.6545722042294145;0.4789285129961645
859;-0.1699226384816725;-0.6546299774869856;0.47877111089993984
860;-0.1698763895129891;-0.6546877416528214;0.4786138021311833
861;-0.16983022789113877;-0.6547454967586521;0.4784565867648813
862;-0.169784153650278;-0.6548032428363442;0.4782994648758973
863;-0.16973816682419957;-0.6548609799178992;0.4781424365389705
864;-0.16969226744632787;-0.6549187080354546;0.4779855018287144
865;-0.16964645554971713;-0.6549764272212824;0.47782866081961806
866;-0.16960073116704927;-0.6550341375077893;0.4776719135860401
867;-0.16955509433063065;-0.6550918389275168;0.4775152602022103
868;-0.1695095450723903;-0.6551495315131405;0.47735870074222786
869;-0.16946408342387637;-0.6552072152974702;0.4772022352800609
870;-0.1694187094162557;-0.655264890313449;0.4770458638895424
871;-0.16937342308030834;-0.6553225565941536;0.4768895866443728
872;-0.1693282244464283;-0.6553802141727938;0.47673340361811406
873;-0.1692831135446175;-0.6554378630827121;0.4765773148841935
874;-0.16923809040448712;-0.6554955033573836;0.47642132051589825
875;-0.16919315505525134;-0.6555531350304155;0.476265420586375
876;-0.16914830752572702;-0.655610758135547;0.4761096151686306
877;-0.16910354784433074;-0.6556683727066491;0.4759539043355278
878;-0.16905887603907566;-0.6557259787777237;0.4757982881597869
879;-0.16901429213756985;-0.655783576382903;0.47564276671398154
880;-0.16896979616701263;-0.6558411655564514;0.47548734007053883
881;-0.16892538815419278;-0.6558987463327622;0.47533200830173855
882;-0.16888106812548592;-0.6559563187463592;0.4751767714797114
883;-0.16883683610685113;-0.6560138828318955;0.47502162967643713
884;-0.1687926921238297;-0.6560714386241533;0.47486658296374223
885;-0.16874863620154051;-0.6561289861580445;0.4747116314133023
886;-0.1687046683646799;-0.6561865254686081;0.47455677509663624
887;-0.1686607886375171;-0.6562440565910123;0.47440201408510896
888;-0.16861699704389183;-0.656301579560552;0.47424734844992605
889;-0.16857329360721274;-0.656359094412651;0.4740927782621353
890;-0.1685296783504534;-0.6564166011828583;0.47393830359262623
891;-0.1684861512961513;-0.6564740999068508;0.4737839245121236
892;-0.16844271246640347;-0.6565315906204305;0.47362964109119227
893;-0.16839936188286447;-0.656589073359526;0.4734754534002326
894;-0.16835609956674408;-0.6566465481601911;0.4733213615094804
895;-0.16831292553880484;-0.6567040150586037;0.473167365489003
896;-0.16826983981935795;-0.656761474091067;0.4730134654087006
897;-0.16822684242826136;-0.6568189252940082;0.47285966133830454
898;-0.16818393338491827;-0.656876368703978;0.47270595334737636
899;-0.16814111270827303;-0.6569338043576498;0.47255234150530395
900;-0.16809838041680814;-0.6569912322918207;0.47239882588130233
901;-0.16805573652854316;-0.6570486525434094;0.47224540654441344
902;-0.16801318106103041;-0.6571060651494566;0.47209208356350185
903;-0.16797071403135305;-0.6571634701471241;0.4719388570072546
904;-0.16792833545612174;-0.6572208675736951;0.47178572694418214
905;-0.16788604535147372;-0.6572782574665728;0.47163269344261266
906;-0.16784384373306688;-0.6573356398632806;0.4714797565706941
907;-0.16780173061608006;-0.6573930148014612;0.4713269163963926
908;-0.16775970601520962;-0.657450382318876;0.4711741729874895
909;-0.16771776994466425;-0.6575077424534053;0.47102152641158174
910;-0.16767592241816698;-0.657565095243047;0.47086897673607814
911;-0.16763416344894666;-0.6576224407259164;0.4707165240282017
912;-0.1675924930497405;-0.6576797789402458;0.4705641683549848
913;-0.1675509112327882;-0.6577371099243843;0.4704119097832686
914;-0.16750941800982944;-0.6577944337167958;0.4702597483797051
915;-0.1674680133921026;-0.6578517503560607;0.4701076842107508
916;-0.16742669739034105;-0.6579090598808731;0.46995571734266806
917;-0.16738547001477017;-0.657966362330042;0.4698038478415243
918;-0.16734433127510473;-0.6580236577424897;0.46965207577318846
919;-0.16730328118054605;-0.6580809461572518;0.4695004012033323
920;-0.16726231973978012;-0.6581382276134763;0.46934882419742713
921;-0.16722144696097463;-0.6581955021504229;0.46919734482074216
922;-0.1671806628517738;-0.658252769807463;0.46904596313834623
923;-0.16713996741929937;-0.6583100306240786;0.4688946792151021
924;-0.16709936067014514;-0.6583672846398622;0.4687434931156694
925;-0.16705884261037518;-0.658424531894515;0.46859240490449955
926;-0.1670184132455212;-0.6584817724278483;0.4684414146458369
927;-0.166978072580579;-0.6585390062797809;0.4682905224037175
928;-0.16693782062000712;-0.6585962334903397;0.46813972824196615
929;-0.16689765736772255;-0.6586534540996583;0.4679890322241946
930;-0.16685758282709756;-0.6587106681479774;0.4678384344138045
931;-0.16681759700096022;-0.6587678756756431;0.4676879348739802
932;-0.1667776998915873;-0.6588250767231065;0.46753753366769235
933;-0.16673789150070434;-0.6588822713309239;0.4673872308576928
934;-0.16669817182948243;-0.6589394595397549;0.46723702650651605
935;-0.1666585408785342;-0.6589966413903623;0.46708692067647745
936;-0.16661899864791357;-0.6590538169236114;0.46693691342966964
937;-0.16657954513710904;-0.6591109861804698;0.46678700482796404
938;-0.16654018034504448;-0.6591681492020061;0.46663719493300915
939;-0.1665009042700758;-0.6592253060293888;0.4664874838062255
940;-0.16646171690998585;-0.6592824567038871;0.46633787150881084
941;-0.16642261826198473;-0.6593396012668682;0.4661883581017328
942;-0.16638360832270505;-0.6593967397597988;0.466038943645731
943;-0.1663446870881996;-0.6594538722242427;0.46588962820131535
944;-0.16630585455393943;-0.6595109987018603;0.46574041182876286
945;-0.16626711071480926;-0.6595681192344086;0.46559129458811815
946;-0.1662284555651069;-0.6596252338637398;0.46544227653919196
947;-0.16618988909853932;-0.6596823426318015;0.4652933577415586
948;-0.16615141130821942;-0.6597394455806341;0.4651445382545571
949;-0.16611302218666546;-0.6597965427523722;0.46499581813728635
950;-0.1660747217257948;-0.6598536341892423;0.4648471974486071
951;-0.16603650991692476;-0.6599107199335628;0.46469867624713823
952;-0.1659983867507679;-0.6599678000277429;0.46455025459125815
953;-0.16596035221742972;-0.6600248745142819;0.4644019325390995
954;-0.1659224063064056;-0.6600819434357688;0.4642537101485521
955;-0.16588454900657978;-0.6601390068348799;0.464105587477258
956;-0.16584678030621952;-0.6601960647543813;0.4639575645826145
957;-0.16580910019297623;-0.660253117237124;0.4638096415217678
958;-0.16577150865387918;-0.6603101643260463;0.4636618183516137
959;-0.16573400567533464;-0.6603672060641712;0.463514095128799
960;-0.16569659124312486;-0.6604242424946067;0.46336647190971625
961;-0.16565926534240094;-0.6604812736605439;0.4632189487505046
962;-0.16562202795768438;-0.6605382996052569;0.4630715257070477
963;-0.16558487907286246;-0.6605953203721019;0.46292420283497265
964;-0.1655478186711863;-0.6606523360045158;0.46277698018964947
965;-0.16551084673526717;-0.6607093465460162;0.4626298578261876
966;-0.16547396324707603;-0.6607663520401994;0.46248283579943733
967;-0.16543716818793708;-0.660823352530741;0.4623359141639862
968;-0.16540046153852972;-0.6608803480613937;0.4621890929741595
969;-0.16536384327888326;-0.6609373386759868;0.4620423722840185
970;-0.1653273133883748;-0.6609943244184258;0.46189575214735656
971;-0.1652908718457251;-0.6610513053326907;0.46174923261770295
972;-0.16525451862900054;-0.6611082814628364;0.46160281374831713
973;-0.16521825371560583;-0.6611652528529898;0.4614564955921894
974;-0.16518207708228289;-0.6612222195473505;0.46131027820203846
975;-0.16514598870510971;-0.66127918159019;0.46116416163031226
976;-0.16510998855949638;-0.661336139025849;0.4610181459291841
977;-0.16507407662018325;-0.6613930918987383;0.4608722311505534
978;-0.16503825286123713;-0.6614500402533371;0.4607264173460432
979;-0.16500251725605147;-0.661506984134192;0.4605807045669995
980;-0.16496686977734032;-0.6615639235859163;0.46043509286448975
981;-0.16493131039713965;-0.6616208586531885;0.46028958228930034
982;-0.164895839086801;-0.6616777893807528;0.4601441728919378
983;-0.16486045581699316;-0.6617347158134157;0.45999886472262724
984;-0.16482516055769592;-0.6617916379960473;0.45985365783130716
985;-0.16478995327820045;-0.6618485559735795;0.4597085522676329
986;-0.16475483394710488;-0.6619054697910038;0.4595635480809745
987;-0.16471980253231316;-0.661962379493373;0.45941864532041277
988;-0.1646848590010329;-0.6620192851257972;0.45927384403473925
989;-0.1646500033197713;-0.6620761867334453;0.45912914427245793
990;-0.16461523545433543;-0.662133084361542;0.4589845460817781
991;-0.1645805553698269;-0.6621899780553685;0.4588400495106197
992;-0.16454596303064223;-0.6622468678602599;0.45869565460660644
993;-0.1645114584004686;-0.6623037538216056;0.458551361417068
994;-0.1644770414422828;-0.6623606359848471;0.45840716998903713
995;-0.16444271211834832;-0.6624175143954774;0.45826308036925
996;-0.16440847039021367;-0.6624743890990403;0.45811909260414196
997;-0.16437431621870907;-0.6625312601411288;0.45797520673984893
998;-0.16434024956394533;-0.6625881275673848;0.45783142282220596
999;-0.16430627038531148;-0.6626449914234966;0.45768774089674463
1000;-0.16427237864147148;-0.6627018517551992;0.45754416100869433
