0;-0.435546875;-0.4962158203125;2.6075206950641294
1;-0.43505859375;-0.500732421875;2.609444511128577
2;-0.44091796875;-0.5032958984375;2.630654682508381
3;-0.454833984375;-0.5010986328125;2.690475398910456
4;-0.446044921875;-0.50146484375;2.6899109954295595
5;-0.445068359375;-0.4998779296875;2.724276587178748
6;-0.45556640625;-0.501953125;2.7435385965400148
7;-0.473388671875;-0.5042724609375;2.776371154023
8;-0.48095703125;-0.502685546875;2.8025425416896375
9;-0.474365234375;-0.5028076171875;2.812097990071088
10;-0.477783203125;-0.5042724609375;2.7733675979938983
11;-0.47412109375;-0.5087890625;2.8119502184063325
12;-0.484130859375;-0.508056640625;2.8854393230513025
13;-0.49462890625;-0.5108642578125;2.8782763487843046
14;-0.490234375;-0.514404296875;2.8698143077958522
15;-0.496826171875;-0.5172119140625;2.8833616485429965
16;-0.499755859375;-0.521484375;2.9277443051603305
17;-0.507080078125;-0.5224609375;2.8707398158755546
18;-0.509521484375;-0.5250244140625;2.8536756289065064
19;-0.520751953125;-0.5257568359375;2.8362988840059296
20;-0.516357421875;-0.531005859375;2.8569507526226308
21;-0.522216796875;-0.531494140625;2.8749394029452024
22;-0.524169921875;-0.5367431640625;2.859139016053457
23;-0.5322265625;-0.53857421875;2.861674017956636
24;-0.5400390625;-0.5394287109375;2.8604937113290347
25;-0.54443359375;-0.5413818359375;2.990073366933779
26;-0.55322265625;-0.5443115234375;2.857098775138685
27;-0.565673828125;-0.546142578125;2.843914495230018
28;-0.564208984375;-0.54931640625;2.81351084823302
29;-0.564697265625;-0.5526123046875;2.821134136559957
30;-0.564208984375;-0.556396484375;2.8669188780246824
31;-0.585693359375;-0.5614013671875;2.8881193243458925
32;-0.584228515625;-0.5626220703125;2.857114780165206
33;-0.590087890625;-0.5667724609375;2.863680263710958
34;-0.59521484375;-0.5751953125;2.883088236642102
35;-0.603759765625;-0.5777587890625;2.920575722217824
36;-0.614013671875;-0.582763671875;3.0142216754395705
37;-0.62109375;-0.58349609375;3.0552867997998656
38;-0.621337890625;-0.582763671875;3.01376577038382
39;-0.637939453125;-0.5888671875;3.02101531047716
40;-0.645263671875;-0.6019287109375;3.047911459830507
41;-0.649169921875;-0.6041259765625;3.08490252426164
42;-0.65234375;-0.6107177734375;3.1362255054606805
43;-0.655029296875;-0.60986328125;3.2051029100171635
44;-0.668212890625;-0.6170654296875;3.2889107139380034
45;-0.68017578125;-0.6202392578125;3.3646997740116147
46;-0.6884765625;-0.6282958984375;3.353594472744294
47;-0.693359375;-0.6337890625;3.400749135358822
48;-0.693359375;-0.639404296875;3.4906413750623906
49;-0.712158203125;-0.6390380859375;3.5321257621817455
50;-0.720458984375;-0.6435546875;3.6081820704847654
51;-0.72021484375;-0.645751953125;3.676230327075524
52;-0.7275390625;-0.653076171875;3.745613213244204
53;-0.739013671875;-0.660400390625;3.8180417462706107
54;-0.7490234375;-0.6649169921875;3.939500493297082
55;-0.744873046875;-0.6650390625;4.048393782518439
56;-0.750244140625;-0.6689453125;3.9821502732467318
57;-0.75439453125;-0.6683349609375;4.026025087663049
58;-0.7685546875;-0.673583984375;4.11755973745814
59;-0.77099609375;-0.6807861328125;4.136658585159648
60;-0.779052734375;-0.681884765625;4.131620017516915
61;-0.785400390625;-0.6827392578125;4.191900321936181
62;-0.7861328125;-0.6884765625;4.199423110289309
63;-0.7919921875;-0.6922607421875;4.140125713610705
64;-0.801513671875;-0.692138671875;4.168142007146135
65;-0.814453125;-0.69482421875;4.255872905976323
66;-0.818359375;-0.6976318359375;4.219344440269684
67;-0.824462890625;-0.697021484375;4.1897486302938995
68;-0.835205078125;-0.6978759765625;4.184200781512807
69;-0.838134765625;-0.6998291015625;4.18543559214526
70;-0.831787109375;-0.7020263671875;4.22534323100632
71;-0.831787109375;-0.7017822265625;4.149024445297913
72;-0.83642578125;-0.70654296875;4.138500012990884
73;-0.843994140625;-0.705078125;4.186961408792103
74;-0.8505859375;-0.7025146484375;4.148247267380469
75;-0.85302734375;-0.705810546875;4.167741755596011
76;-0.861328125;-0.706787109375;4.236220200951979
77;-0.862548828125;-0.70556640625;4.240087841251533
78;-0.8642578125;-0.703369140625;4.27404328021704
79;-0.86279296875;-0.708740234375;4.288360098403539
80;-0.860107421875;-0.70654296875;4.272373864914981
81;-0.864990234375;-0.707275390625;4.279856658821872
82;-0.86669921875;-0.705322265625;4.297376965231695
83;-0.864013671875;-0.7110595703125;4.407687516254689
84;-0.864013671875;-0.7115478515625;4.354151917323411
85;-0.868896484375;-0.7109375;4.334102536528449
86;-0.87158203125;-0.7127685546875;4.326713515041691
87;-0.8740234375;-0.712890625;4.318439210036242
88;-0.8759765625;-0.7108154296875;4.321272429856995
89;-0.876953125;-0.7132568359375;4.353747934834126
90;-0.875244140625;-0.712890625;4.369049578574172
91;-0.878173828125;-0.71435546875;4.3573892601151165
92;-0.880126953125;-0.712158203125;4.3171307799960275
93;-0.88134765625;-0.71484375;4.265045048065977
94;-0.8857421875;-0.715576171875;4.248658523817619
95;-0.887451171875;-0.7149658203125;4.272634715286143
96;-0.89111328125;-0.7122802734375;4.251228668525216
97;-0.890625;-0.7156982421875;4.303341002362362
98;-0.8896484375;-0.714599609375;4.262514891443643
99;-0.89501953125;-0.7154541015625;4.272883891426268
100;-0.896240234375;-0.716552734375;4.248093607766925
101;-0.900146484375;-0.7177734375;4.276512291403977
102;-0.902099609375;-0.7147216796875;4.250696148919461
103;-0.91064453125;-0.7156982421875;4.262711454741419
104;-0.909912109375;-0.71435546875;4.302495686167866
105;-0.912353515625;-0.7166748046875;4.373653949839984
106;-0.908935546875;-0.71337890625;4.3412529329302245
107;-0.91650390625;-0.7161865234375;4.350452355337477
108;-0.914794921875;-0.717529296875;4.36363573743786
109;-0.9189453125;-0.71826171875;4.407656263673206
110;-0.917724609375;-0.7181396484375;4.41560103153607
111;-0.91845703125;-0.7177734375;4.411313517308323
112;-0.92138671875;-0.718017578125;4.428070827426086
113;-0.922607421875;-0.718994140625;4.46067097307547
114;-0.92626953125;-0.7171630859375;4.506558516031633
115;-0.922607421875;-0.7230224609375;4.574643504407818
116;-0.929931640625;-0.720947265625;4.574977866264017
117;-0.92529296875;-0.7196044921875;4.6333560949085735
118;-0.927734375;-0.72021484375;4.6252313082291
119;-0.931884765625;-0.7200927734375;4.6320265706754435
120;-0.925048828125;-0.718017578125;4.660524078226871
121;-0.928466796875;-0.7138671875;4.704139900586178
122;-0.93212890625;-0.7191162109375;4.774626338825617
123;-0.929931640625;-0.7186279296875;4.816856692285157
124;-0.931884765625;-0.7203369140625;4.802203275910415
125;-0.93115234375;-0.71923828125;4.792895958272588
126;-0.93017578125;-0.71826171875;4.799555042582934
127;-0.93115234375;-0.7198486328125;4.80949518380335
128;-0.930908203125;-0.720458984375;4.81863818276823
129;-0.93017578125;-0.7210693359375;4.83136061609272
130;-0.928466796875;-0.72119140625;4.870039249237952
131;-0.93017578125;-0.7215576171875;4.8637239079337915
132;-0.9306640625;-0.7196044921875;4.836078190152799
133;-0.929931640625;-0.719482421875;4.8242388774474145
134;-0.92822265625;-0.7196044921875;4.855141420482513
135;-0.9306640625;-0.7215576171875;4.8807552191866
136;-0.931884765625;-0.718017578125;4.807914617991601
137;-0.9296875;-0.717529296875;4.703943282424227
138;-0.931396484375;-0.7200927734375;4.617157690325758
139;-0.935546875;-0.7177734375;4.557903886547008
140;-0.9365234375;-0.718505859375;4.5178928297280505
141;-0.9326171875;-0.721435546875;4.491520480421657
142;-0.93115234375;-0.71923828125;4.481146031356458
143;-0.928955078125;-0.720458984375;4.480064538333365
144;-0.9296875;-0.7186279296875;4.486205942954839
145;-0.93359375;-0.72314453125;4.502907991436968
146;-0.930908203125;-0.720458984375;4.484950340598788
147;-0.93212890625;-0.7213134765625;4.486950445931903
148;-0.9287109375;-0.7174072265625;4.498514809006287
149;-0.931396484375;-0.7159423828125;4.520632909129846
150;-0.93310546875;-0.7186279296875;4.548298934644456
151;-0.9306640625;-0.7225341796875;4.580731433536506
152;-0.93115234375;-0.722900390625;4.613560182058601
153;-0.934814453125;-0.7198486328125;4.609024892677649
154;-0.93603515625;-0.7197265625;4.609894438086292
155;-0.936279296875;-0.7200927734375;4.625457764699568
156;-0.9326171875;-0.719482421875;4.573798374887481
157;-0.93505859375;-0.7213134765625;4.551792510748761
158;-0.941162109375;-0.720703125;4.526144968967569
159;-0.9443359375;-0.7242431640625;4.50069143167555
160;-0.936767578125;-0.7197265625;4.479269496934213
161;-0.9365234375;-0.718994140625;4.466879283952752
162;-0.943603515625;-0.7176513671875;4.4663151865289725
163;-0.93798828125;-0.7197265625;4.482560651806873
164;-0.939453125;-0.7215576171875;4.536781012306499
165;-0.938720703125;-0.71728515625;4.58191005063319
166;-0.940673828125;-0.7205810546875;4.5829365359815615
167;-0.93896484375;-0.717529296875;4.552319092509178
168;-0.9404296875;-0.7154541015625;4.512596916010024
169;-0.934326171875;-0.7198486328125;4.523313649144452
170;-0.936767578125;-0.720703125;4.5389811663171775
171;-0.937255859375;-0.7177734375;4.565933292183994
172;-0.93408203125;-0.7188720703125;4.551965487299282
173;-0.938232421875;-0.7197265625;4.510606851398086
174;-0.93701171875;-0.7200927734375;4.495299211248697
175;-0.933837890625;-0.7193603515625;4.490370420957836
176;-0.9345703125;-0.71923828125;4.499613289101308
177;-0.933837890625;-0.71728515625;4.55209104531116
178;-0.93798828125;-0.7178955078125;4.553347739248031
179;-0.937255859375;-0.7171630859375;4.5860666414967275
180;-0.93701171875;-0.7171630859375;4.5584348180060825
181;-0.933349609375;-0.718994140625;4.512260335585198
182;-0.93701171875;-0.717529296875;4.473097991470189
183;-0.94140625;-0.7154541015625;4.448952794327154
184;-0.939697265625;-0.7174072265625;4.439913030346116
185;-0.934326171875;-0.715087890625;4.442191334990061
186;-0.933349609375;-0.7161865234375;4.451923673651886
187;-0.9326171875;-0.7169189453125;4.468405451254591
188;-0.937255859375;-0.7164306640625;4.493159593061014
189;-0.937744140625;-0.72119140625;4.52765394250879
190;-0.93798828125;-0.720703125;4.582561256400871
191;-0.93896484375;-0.7181396484375;4.657948715131984
192;-0.937255859375;-0.71875;4.708174535288199
193;-0.936767578125;-0.71826171875;4.668587627262585
194;-0.9296875;-0.7181396484375;4.7337609024568685
195;-0.93017578125;-0.716552734375;4.674404087629342
196;-0.93212890625;-0.7186279296875;4.6528495742138505
197;-0.93408203125;-0.718505859375;4.663997110124103
198;-0.93994140625;-0.71923828125;4.711527107177535
199;-0.94189453125;-0.718994140625;4.7119773992577345
200;-0.944091796875;-0.71826171875;4.755771270196116
201;-0.946044921875;-0.72021484375;4.757123390803903
202;-0.94287109375;-0.717041015625;4.777806312208442
203;-0.945068359375;-0.7177734375;4.82173867234257
204;-0.945068359375;-0.7177734375;4.835934255220761
205;-0.943603515625;-0.7176513671875;4.888489741394748
206;-0.940673828125;-0.7197265625;4.839616362949855
207;-0.941650390625;-0.72119140625;4.820185162040504
208;-0.94091796875;-0.7208251953125;4.824871973428016
209;-0.941162109375;-0.721923828125;4.905110550842844
210;-0.94384765625;-0.719482421875;4.898988226587484
211;-0.94189453125;-0.7176513671875;4.852956210570875
212;-0.93896484375;-0.717041015625;4.839972660441341
213;-0.939453125;-0.7176513671875;4.853854522964759
214;-0.942138671875;-0.7177734375;4.897097637939324
215;-0.943359375;-0.7176513671875;4.845185156577177
216;-0.942626953125;-0.71337890625;4.840830443586423
217;-0.940185546875;-0.715087890625;4.848235529646507
218;-0.938720703125;-0.7142333984375;4.830869047542376
219;-0.935791015625;-0.7135009765625;4.8459289322415895
220;-0.93408203125;-0.7161865234375;4.823577196581193
221;-0.93212890625;-0.7188720703125;4.868034156777335
222;-0.935546875;-0.7164306640625;4.849665070111973
223;-0.93408203125;-0.7171630859375;4.888575100478768
224;-0.932861328125;-0.718994140625;4.7404793589525145
225;-0.932861328125;-0.718505859375;4.721143554673575
226;-0.931396484375;-0.7193603515625;4.684128792925216
227;-0.931640625;-0.72021484375;4.612460555128738
228;-0.936767578125;-0.7193603515625;4.626195619751143
229;-0.936279296875;-0.7178955078125;4.5157655797866525
230;-0.934326171875;-0.716064453125;4.4887278725492195
231;-0.93359375;-0.71484375;4.477436919744097
232;-0.93017578125;-0.7193603515625;4.465906931105278
233;-0.932373046875;-0.719970703125;4.463578851451157
234;-0.9365234375;-0.7203369140625;4.478678026275495
235;-0.937255859375;-0.7220458984375;4.54451023054701
236;-0.929931640625;-0.721435546875;4.531673552038355
237;-0.93115234375;-0.7213134765625;4.57199612113164
238;-0.9384765625;-0.721923828125;4.670034170655426
239;-0.939697265625;-0.7225341796875;4.661453621664936
240;-0.93994140625;-0.721435546875;4.729178012151652
241;-0.93701171875;-0.72314453125;4.7820425481518685
242;-0.9384765625;-0.72216796875;4.747292677631018
243;-0.94091796875;-0.7210693359375;4.801988918218998
244;-0.9375;-0.720458984375;4.830088256986635
245;-0.940185546875;-0.71875;4.881957794968334
246;-0.94287109375;-0.7183837890625;4.9679473628685855
247;-0.935791015625;-0.7181396484375;4.915399529126827
248;-0.93994140625;-0.7177734375;4.940057538817959
249;-0.941162109375;-0.7183837890625;4.982109582855527
250;-0.938720703125;-0.7181396484375;4.973112114976556
251;-0.94189453125;-0.717529296875;4.992151275299202
252;-0.940673828125;-0.716796875;5.0261382915024
253;-0.94287109375;-0.7166748046875;5.052907887833031
254;-0.944091796875;-0.7174072265625;5.068677854449704
255;-0.941162109375;-0.717041015625;5.0909925446010655
256;-0.9384765625;-0.71484375;5.130136812332383
257;-0.93994140625;-0.7154541015625;5.184407066546173
258;-0.941650390625;-0.7174072265625;5.216410495412284
259;-0.939453125;-0.7188720703125;5.254047861883083
260;-0.94091796875;-0.721923828125;5.281920894440416
261;-0.94384765625;-0.7232666015625;5.268439190149842
262;-0.9443359375;-0.720458984375;5.285983751043811
263;-0.942626953125;-0.722412109375;5.326064351700427
264;-0.943359375;-0.7216796875;5.351343487310034
265;-0.9453125;-0.7220458984375;5.3874009380959915
266;-0.94677734375;-0.7213134765625;5.445036983648145
267;-0.945556640625;-0.7236328125;5.521455777661859
268;-0.9462890625;-0.7239990234375;5.642971477951795
269;-0.944091796875;-0.72265625;5.714824303421069
270;-0.946533203125;-0.7220458984375;5.740802901509998
271;-0.94189453125;-0.7216796875;5.846654692697259
272;-0.94189453125;-0.72119140625;5.947260166939843
273;-0.946533203125;-0.719970703125;6.0131904690114855
274;-0.951171875;-0.7205810546875;6.012962464912231
275;-0.948974609375;-0.720947265625;6.093057671424451
276;-0.951416015625;-0.72216796875;6.121588683521211
277;-0.949951171875;-0.7208251953125;6.1394687624799955
278;-0.949462890625;-0.7208251953125;6.263651488018391
279;-0.947265625;-0.7220458984375;6.226540375112257
280;-0.947265625;-0.72265625;6.222664865057216
281;-0.945556640625;-0.721923828125;6.175334980793959
282;-0.9462890625;-0.7220458984375;6.185664169756198
283;-0.950439453125;-0.7215576171875;6.217563556383464
284;-0.94677734375;-0.72119140625;6.331131574669832
285;-0.9453125;-0.7186279296875;6.237215670866399
286;-0.942138671875;-0.7174072265625;6.228328615985076
287;-0.940673828125;-0.721435546875;6.268179984350092
288;-0.93994140625;-0.720458984375;6.310080303102313
289;-0.943603515625;-0.7213134765625;6.328620636730992
290;-0.93994140625;-0.720458984375;6.313703595978478
291;-0.9443359375;-0.7210693359375;6.297444331328591
292;-0.942138671875;-0.719482421875;6.279375824314668
293;-0.944091796875;-0.7193603515625;6.348354699593902
294;-0.938232421875;-0.720703125;6.465226294201731
295;-0.94091796875;-0.7181396484375;6.418060838769975
296;-0.938232421875;-0.7208251953125;6.458706022342423
297;-0.9384765625;-0.720947265625;6.489519165192818
298;-0.9404296875;-0.7208251953125;6.544580582877053
299;-0.94287109375;-0.7171630859375;6.693300492241382
300;-0.94287109375;-0.7203369140625;6.714668352011093
301;-0.9423828125;-0.7222900390625;6.696962840875974
302;-0.944580078125;-0.72265625;6.599257142068715
303;-0.942626953125;-0.7193603515625;6.549472872386822
304;-0.940185546875;-0.718017578125;6.518766744071101
305;-0.9404296875;-0.7196044921875;6.500996710838345
306;-0.937255859375;-0.7205810546875;6.406700385425298
307;-0.943603515625;-0.7225341796875;6.361123273462651
308;-0.93994140625;-0.72119140625;6.338270374351973
309;-0.947265625;-0.720458984375;6.335924370289089
310;-0.943603515625;-0.725830078125;6.37269779819373
311;-0.944580078125;-0.72412109375;6.362598729826679
312;-0.94287109375;-0.72509765625;6.359065634419157
313;-0.9443359375;-0.724853515625;6.332966224996495
314;-0.944580078125;-0.7222900390625;6.313553189160742
315;-0.947998046875;-0.7186279296875;6.32221359645227
316;-0.947509765625;-0.7222900390625;6.271208800081633
317;-0.946044921875;-0.7235107421875;6.277756397866604
318;-0.94775390625;-0.7244873046875;6.3109808576079836
319;-0.947509765625;-0.724853515625;6.305631579855643
320;-0.94677734375;-0.724609375;6.257562348997771
321;-0.948974609375;-0.7235107421875;6.24796920123525
322;-0.944091796875;-0.723876953125;6.278179978941785
323;-0.947998046875;-0.7235107421875;6.343360498580876
324;-0.949462890625;-0.7222900390625;6.41304166579138
325;-0.947021484375;-0.7230224609375;6.419429369983898
326;-0.95068359375;-0.724853515625;6.546317196485989
327;-0.948486328125;-0.7216796875;6.548454843578258
328;-0.946533203125;-0.7237548828125;6.6403098900301
329;-0.94384765625;-0.72021484375;6.779603489516096
330;-0.945068359375;-0.7218017578125;6.843658786236462
331;-0.94384765625;-0.72314453125;7.001627816101829
332;-0.94873046875;-0.7210693359375;7.131736738464084
333;-0.943115234375;-0.719970703125;7.2536315809738445
334;-0.9482421875;-0.7196044921875;7.291926966949723
335;-0.947021484375;-0.717529296875;7.327516215314884
336;-0.940673828125;-0.7196044921875;7.400800466268907
337;-0.942138671875;-0.72216796875;7.416394328923781
338;-0.944580078125;-0.72021484375;7.433889901838049
339;-0.943359375;-0.716552734375;7.458519567855579
340;-0.953125;-0.720458984375;7.456076024692214
341;-0.947998046875;-0.7205810546875;7.492553175104301
342;-0.945556640625;-0.7198486328125;7.589342871661353
343;-0.94140625;-0.7188720703125;7.492536351028265
344;-0.944091796875;-0.7213134765625;7.50151268745075
345;-0.94287109375;-0.7218017578125;7.511213302880519
346;-0.946533203125;-0.72216796875;7.498472582364654
347;-0.949462890625;-0.722900390625;7.439146164358985
348;-0.946533203125;-0.7193603515625;7.416228854999896
349;-0.943603515625;-0.7220458984375;7.407148405814491
350;-0.94873046875;-0.7216796875;7.356380133563325
351;-0.943603515625;-0.72119140625;7.379588392830122
352;-0.951416015625;-0.723388671875;7.441284469889175
353;-0.948974609375;-0.72314453125;7.4427268210750634
354;-0.943603515625;-0.7222900390625;7.453089383680483
355;-0.94775390625;-0.7213134765625;7.61728440998306
356;-0.947998046875;-0.7232666015625;7.715665571379022
357;-0.94775390625;-0.7220458984375;7.652635487197484
358;-0.944091796875;-0.723388671875;7.644055449353122
359;-0.939697265625;-0.72265625;7.646812625840927
360;-0.942138671875;-0.721923828125;7.501441488209226
361;-0.944580078125;-0.722900390625;7.523512138731988
362;-0.94384765625;-0.718505859375;7.507754329365372
363;-0.946533203125;-0.72021484375;7.542023042897969
364;-0.945068359375;-0.72021484375;7.602643795154185
365;-0.945068359375;-0.71923828125;7.646670455585779
366;-0.944091796875;-0.72119140625;7.6779421644660975
367;-0.942626953125;-0.7197265625;7.805141015872203
368;-0.94384765625;-0.7196044921875;8.022551413683239
369;-0.94482421875;-0.717041015625;8.226207139835848
370;-0.944580078125;-0.717529296875;8.494528775156079
371;-0.94970703125;-0.715087890625;8.831794196001876
372;-0.9482421875;-0.718505859375;9.150813638388769
373;-0.94873046875;-0.7181396484375;8.950869901606012
374;-0.950439453125;-0.720703125;8.911356692578394
375;-0.94775390625;-0.717041015625;8.84795829921191
376;-0.9423828125;-0.716552734375;8.747823066761374
377;-0.94189453125;-0.718017578125;8.781391762850584
378;-0.944580078125;-0.7186279296875;8.883327242127752
379;-0.947998046875;-0.7164306640625;8.950511937146787
380;-0.944091796875;-0.7152099609375;9.045462806728917
381;-0.94775390625;-0.7154541015625;9.214456818280178
382;-0.94677734375;-0.718017578125;9.49068799470564
383;-0.94677734375;-0.7154541015625;9.818628057621787
384;-0.945556640625;-0.713623046875;9.562073461822523
385;-0.94775390625;-0.7117919921875;9.354137371387402
386;-0.94970703125;-0.7115478515625;9.24468839048506
387;-0.94970703125;-0.7109375;9.153686908177574
388;-0.945068359375;-0.7105712890625;9.218929313143317
389;-0.945556640625;-0.712890625;9.2599196554979
390;-0.943603515625;-0.7115478515625;9.423263361977234
391;-0.94189453125;-0.7120361328125;9.538644055780717
392;-0.943115234375;-0.7139892578125;9.93903952448781
393;-0.94287109375;-0.7108154296875;9.551546571354821
394;-0.942626953125;-0.711669921875;9.41465516048545
395;-0.9423828125;-0.7127685546875;9.345782804909131
396;-0.94189453125;-0.71044921875;9.263858921377487
397;-0.943359375;-0.7100830078125;9.19161734989339
398;-0.940185546875;-0.711669921875;9.132168353310787
399;-0.943603515625;-0.713623046875;9.086434155296077
400;-0.947998046875;-0.71142578125;9.041639268976594
401;-0.943359375;-0.71240234375;9.007331240711613
402;-0.93994140625;-0.7137451171875;9.071357766469653
403;-0.93994140625;-0.7158203125;8.995608414812425
404;-0.94287109375;-0.71240234375;8.916145745760264
405;-0.94287109375;-0.7149658203125;8.907154559129731
406;-0.9453125;-0.7171630859375;8.918808760051071
407;-0.942626953125;-0.7166748046875;8.976598138091468
408;-0.93896484375;-0.713623046875;9.064535057158684
409;-0.93896484375;-0.7137451171875;8.99805128512965
410;-0.940673828125;-0.7144775390625;8.963228996666212
411;-0.939697265625;-0.711669921875;8.91066185915548
412;-0.938232421875;-0.714599609375;8.93045735122041
413;-0.93896484375;-0.716796875;9.054141416482837
414;-0.9384765625;-0.7125244140625;9.105247073780616
415;-0.93896484375;-0.7109375;9.143951537539554
416;-0.93603515625;-0.710693359375;9.243793122475427
417;-0.93359375;-0.71240234375;9.357367507330714
418;-0.931396484375;-0.71826171875;9.494623356977913
419;-0.933349609375;-0.71337890625;9.570335968657114
420;-0.93408203125;-0.71728515625;9.744032720371653
421;-0.93603515625;-0.7158203125;9.876637740932518
422;-0.9365234375;-0.719482421875;10.182901634967687
423;-0.93505859375;-0.719482421875;9.87063404258967
424;-0.932373046875;-0.71923828125;9.631112910477697
425;-0.934814453125;-0.7139892578125;9.468902449040575
426;-0.934814453125;-0.7152099609375;9.3879953092403
427;-0.933837890625;-0.7109375;9.35142325806358
428;-0.931396484375;-0.7138671875;9.39873113156641
429;-0.929931640625;-0.7130126953125;9.309589578433606
430;-0.923583984375;-0.7127685546875;9.306338944811483
431;-0.92236328125;-0.712646484375;9.23924528485697
432;-0.926513671875;-0.712646484375;9.22852829028236
433;-0.917724609375;-0.71240234375;9.129440737346012
434;-0.919677734375;-0.7132568359375;9.09775853349522
435;-0.9189453125;-0.712890625;9.140701514557295
436;-0.916748046875;-0.714111328125;9.354225477911308
437;-0.917236328125;-0.7137451171875;9.536249624919645
438;-0.918701171875;-0.7109375;9.451542633809543
439;-0.919677734375;-0.7103271484375;9.308077068854606
440;-0.92333984375;-0.7110595703125;9.513209107141984
441;-0.923095703125;-0.71044921875;9.280122304959148
442;-0.924560546875;-0.71435546875;9.02449576138823
443;-0.92138671875;-0.71484375;8.861671596487621
444;-0.919921875;-0.7135009765625;8.752852655982128
445;-0.921142578125;-0.7115478515625;8.734035697710226
446;-0.921875;-0.713134765625;8.8209524305772
447;-0.922119140625;-0.7115478515625;8.972144663996907
448;-0.921142578125;-0.71435546875;9.003597881479813
449;-0.921142578125;-0.7120361328125;8.960819101897139
450;-0.919189453125;-0.710205078125;8.928178613448036
451;-0.916748046875;-0.7139892578125;8.734960946454198
452;-0.914794921875;-0.7138671875;8.61963965857266
453;-0.917724609375;-0.71337890625;8.508122623425711
454;-0.91796875;-0.713623046875;8.450840881498518
455;-0.91796875;-0.7117919921875;8.401860971284727
456;-0.9140625;-0.7119140625;8.366545066885509
457;-0.9140625;-0.7119140625;8.344021658116176
458;-0.91455078125;-0.7098388671875;8.38077402667425
459;-0.916259765625;-0.714599609375;8.49195833731203
460;-0.912353515625;-0.7144775390625;8.623703492126443
461;-0.915283203125;-0.7158203125;8.485988353614117
462;-0.916015625;-0.7176513671875;8.322282238252427
463;-0.9140625;-0.7144775390625;8.218921771402458
464;-0.91259765625;-0.71484375;8.06696070966618
465;-0.911865234375;-0.715087890625;8.050860801316384
466;-0.911376953125;-0.712890625;8.029106247481355
467;-0.910400390625;-0.7120361328125;7.9749427370653185
468;-0.91552734375;-0.7108154296875;7.830529738468819
469;-0.912841796875;-0.7125244140625;7.811984346966314
470;-0.9130859375;-0.7138671875;7.54372551513029
471;-0.911865234375;-0.713623046875;7.420285240697808
472;-0.9111328125;-0.7149658203125;7.364741872655436
473;-0.91162109375;-0.716552734375;7.177902418049149
474;-0.907470703125;-0.7130126953125;7.06654275118229
475;-0.903564453125;-0.7110595703125;6.992424818795285
476;-0.90185546875;-0.71728515625;6.938503232016449
477;-0.899658203125;-0.715576171875;6.901660373844674
478;-0.90087890625;-0.71435546875;6.898951842113464
479;-0.901123046875;-0.717529296875;6.86039494966625
480;-0.90283203125;-0.716064453125;6.807912854183746
481;-0.904296875;-0.712890625;6.704416436057488
482;-0.90283203125;-0.7117919921875;6.659221671857632
483;-0.9033203125;-0.7093505859375;6.619981105421323
484;-0.90087890625;-0.7147216796875;6.520750932056698
485;-0.900390625;-0.71142578125;6.465634581141685
486;-0.901611328125;-0.710693359375;6.379887452718016
487;-0.9033203125;-0.7115478515625;6.372168702775976
488;-0.907470703125;-0.710693359375;6.303405447534755
489;-0.908935546875;-0.7119140625;6.245642042540567
490;-0.905517578125;-0.7127685546875;6.185434770405903
491;-0.906494140625;-0.7113037109375;6.141831511620981
492;-0.9072265625;-0.708251953125;6.109448112423482
493;-0.90771484375;-0.708984375;6.095284131619462
494;-0.90185546875;-0.7109375;6.110848486405389
495;-0.904296875;-0.71044921875;6.104646650971565
496;-0.904296875;-0.7120361328125;6.096459529060717
497;-0.90625;-0.7086181640625;6.08440411353348
498;-0.90576171875;-0.70947265625;6.068119726023164
499;-0.906982421875;-0.712158203125;6.049582415414229
500;-0.911376953125;-0.7109375;6.040421656165881
501;-0.91259765625;-0.7117919921875;6.024515357509837
502;-0.91552734375;-0.7142333984375;5.965181091265684
503;-0.91748046875;-0.71484375;5.929593890453851
504;-0.917724609375;-0.7130126953125;5.895835566640443
505;-0.92041015625;-0.7142333984375;5.868378989126015
506;-0.918701171875;-0.7095947265625;5.8458171155775025
507;-0.92578125;-0.715576171875;5.845924960876699
508;-0.9228515625;-0.7149658203125;5.800835326402391
509;-0.924072265625;-0.713134765625;5.772132275095957
510;-0.92138671875;-0.7122802734375;5.707170799283679
511;-0.921142578125;-0.7139892578125;5.669347493969465
512;-0.925537109375;-0.7115478515625;5.58007919805888
513;-0.927734375;-0.7156982421875;5.507004286803624
514;-0.931640625;-0.714599609375;5.4229442111972865
515;-0.928955078125;-0.711669921875;5.349362991714502
516;-0.92822265625;-0.711669921875;5.282309395142684
517;-0.930908203125;-0.713623046875;5.219410086017299
518;-0.92822265625;-0.7132568359375;5.166239823146555
519;-0.9267578125;-0.7177734375;5.128598900969719
520;-0.92724609375;-0.7164306640625;5.112126727300355
521;-0.93115234375;-0.7171630859375;5.130141929475818
522;-0.9296875;-0.717529296875;5.145078959482412
523;-0.929931640625;-0.7177734375;5.137054865142577
524;-0.93212890625;-0.7174072265625;5.116889719314687
525;-0.931884765625;-0.7181396484375;5.08568395340425
526;-0.930908203125;-0.71630859375;5.102425236168691
527;-0.9296875;-0.7156982421875;5.0579927665833315
528;-0.934326171875;-0.7164306640625;5.069744266193803
529;-0.935546875;-0.7161865234375;5.03456248450446
530;-0.9375;-0.71435546875;5.077596656677623
531;-0.94140625;-0.7139892578125;5.000381774914377
532;-0.935791015625;-0.717529296875;4.989561082275749
533;-0.93798828125;-0.7159423828125;4.935775879609274
534;-0.9375;-0.7161865234375;4.910024163530502
535;-0.942138671875;-0.718017578125;4.910739834131669
536;-0.94140625;-0.7166748046875;4.9092847546174445
537;-0.9384765625;-0.7174072265625;4.885607155917193
538;-0.939208984375;-0.720947265625;4.902765532869624
539;-0.94287109375;-0.7193603515625;4.863276864585752
540;-0.9443359375;-0.718994140625;4.801924576513469
541;-0.940185546875;-0.7171630859375;4.736992864076567
542;-0.9384765625;-0.7174072265625;4.699652790037536
543;-0.936767578125;-0.7169189453125;4.689448928472688
544;-0.932373046875;-0.7178955078125;4.703389918225834
545;-0.9326171875;-0.7159423828125;4.746275534591292
546;-0.9326171875;-0.7164306640625;4.791483640818844
547;-0.93505859375;-0.7139892578125;4.85322157012408
548;-0.933837890625;-0.713623046875;4.864559846832132
549;-0.93359375;-0.713623046875;4.95644023850133
550;-0.933837890625;-0.7191162109375;4.9116136958905
551;-0.935302734375;-0.7227783203125;4.946637650808398
552;-0.936767578125;-0.7230224609375;4.987520848871315
553;-0.938720703125;-0.7174072265625;5.0565006149105995
554;-0.9345703125;-0.7220458984375;5.105843388216971
555;-0.942626953125;-0.720703125;5.179441846314647
556;-0.941162109375;-0.72021484375;5.214413436778777
557;-0.942138671875;-0.7215576171875;5.2496936391074005
558;-0.94091796875;-0.71728515625;5.258573322970546
559;-0.94189453125;-0.716064453125;5.259254623646403
560;-0.93994140625;-0.7154541015625;5.269557120449789
561;-0.93896484375;-0.71826171875;5.2635109183443625
562;-0.94287109375;-0.71923828125;5.292341047538587
563;-0.94140625;-0.7222900390625;5.22852194575778
564;-0.93896484375;-0.7210693359375;5.152083307116781
565;-0.939453125;-0.722412109375;5.0848222045416085
566;-0.93994140625;-0.716796875;5.050794777786001
567;-0.9365234375;-0.7213134765625;5.040858298359515
568;-0.943115234375;-0.719482421875;5.061771469780358
569;-0.9384765625;-0.7215576171875;5.122995970205462
570;-0.936279296875;-0.72265625;5.209771382258397
571;-0.936767578125;-0.719482421875;5.252257552608218
572;-0.935546875;-0.7198486328125;5.343716160602984
573;-0.93701171875;-0.7218017578125;5.265131349151252
574;-0.93798828125;-0.7218017578125;5.246444164984977
575;-0.9365234375;-0.7197265625;5.283938325106292
576;-0.932373046875;-0.72216796875;5.253547452526518
577;-0.931640625;-0.7205810546875;5.254588050125592
578;-0.931640625;-0.7227783203125;5.267060141636445
579;-0.93359375;-0.7181396484375;5.307333128986628
580;-0.931396484375;-0.7220458984375;5.339399154781388
581;-0.927490234375;-0.720703125;5.3367174459681515
582;-0.927001953125;-0.7197265625;5.404764799230602
583;-0.92529296875;-0.718017578125;5.468889980611077
584;-0.924560546875;-0.7200927734375;5.526037265405247
585;-0.923828125;-0.717041015625;5.592222812767476
586;-0.923583984375;-0.7193603515625;5.667985633433613
587;-0.92138671875;-0.718017578125;5.756089793878625
588;-0.92236328125;-0.7198486328125;5.761022219081888
589;-0.92041015625;-0.718505859375;5.729466731557876
590;-0.918212890625;-0.7197265625;5.738518081131221
591;-0.91796875;-0.7171630859375;5.6273404553768
592;-0.912841796875;-0.7147216796875;5.532414444497302
593;-0.910888671875;-0.7188720703125;5.550012435346263
594;-0.910888671875;-0.7181396484375;5.438450199324498
595;-0.91064453125;-0.7159423828125;5.335705845533842
596;-0.90966796875;-0.71826171875;5.2782005886383665
597;-0.909912109375;-0.7188720703125;5.234055798610032
598;-0.912109375;-0.7161865234375;5.151673778447963
599;-0.910400390625;-0.715087890625;5.195289575738825
600;-0.908203125;-0.7166748046875;5.006734639894318
601;-0.91259765625;-0.717041015625;4.913333921650006
602;-0.912353515625;-0.7186279296875;4.842915480001662
603;-0.9111328125;-0.7164306640625;4.786124975861284
604;-0.9130859375;-0.71875;4.745823820315815
605;-0.915283203125;-0.71923828125;4.695707324048435
606;-0.906494140625;-0.71533203125;4.648305465850882
607;-0.905029296875;-0.71875;4.578823674709518
608;-0.903076171875;-0.71728515625;4.505133933832725
609;-0.90478515625;-0.71875;4.4599535967830475
610;-0.903564453125;-0.718994140625;4.447066193605716
611;-0.90478515625;-0.71875;4.4012963654020805
612;-0.90625;-0.7176513671875;4.363301639387224
613;-0.905517578125;-0.7164306640625;4.338084067106423
614;-0.9013671875;-0.719970703125;4.324247578688314
615;-0.898193359375;-0.720947265625;4.319962572256894
616;-0.896240234375;-0.7213134765625;4.338029852935979
617;-0.896240234375;-0.7227783203125;4.301296765839214
618;-0.89599609375;-0.7210693359375;4.27143011404154
619;-0.8974609375;-0.7200927734375;4.250402817196166
620;-0.8974609375;-0.7222900390625;4.235342669240875
621;-0.897216796875;-0.7220458984375;4.228406189711629
622;-0.894287109375;-0.722900390625;4.23199219369268
623;-0.89599609375;-0.7232666015625;4.246709216130674
624;-0.896240234375;-0.7197265625;4.281857894206549
625;-0.893310546875;-0.722412109375;4.2794702756059415
626;-0.890380859375;-0.72216796875;4.300706320100416
627;-0.88671875;-0.72607421875;4.281431131422967
628;-0.882080078125;-0.7216796875;4.284672806473335
629;-0.87841796875;-0.7227783203125;4.266254758980409
630;-0.876708984375;-0.7193603515625;4.286545436780044
631;-0.87890625;-0.72265625;4.272180029568687
632;-0.876953125;-0.7200927734375;4.279489461997325
633;-0.879150390625;-0.722900390625;4.297067104084884
634;-0.878173828125;-0.72119140625;4.32545184843417
635;-0.8740234375;-0.7225341796875;4.371264059924191
636;-0.877685546875;-0.72265625;4.493085913681466
637;-0.879150390625;-0.722412109375;4.477873111121078
638;-0.884765625;-0.7197265625;4.538003168361738
639;-0.880615234375;-0.720703125;4.535522730017369
640;-0.874755859375;-0.7205810546875;4.558368475606992
641;-0.8740234375;-0.720458984375;4.576778275961404
642;-0.869384765625;-0.7215576171875;4.507613132723369
643;-0.873046875;-0.7188720703125;4.469699090771125
644;-0.87158203125;-0.721435546875;4.444433407166082
645;-0.866943359375;-0.7215576171875;4.4514987342350265
646;-0.875;-0.7196044921875;4.4260138640569915
647;-0.87060546875;-0.7200927734375;4.377432524544642
648;-0.872314453125;-0.718994140625;4.358402750922176
649;-0.878173828125;-0.72509765625;4.366353133417968
650;-0.88232421875;-0.722412109375;4.383374576905037
651;-0.879638671875;-0.7198486328125;4.425996090418485
652;-0.874755859375;-0.719970703125;4.387767797281567
653;-0.876708984375;-0.7216796875;4.343854939824432
654;-0.876708984375;-0.7220458984375;4.301269918152997
655;-0.871826171875;-0.7216796875;4.275555873684033
656;-0.877197265625;-0.72412109375;4.292574139345267
657;-0.876708984375;-0.724365234375;4.230721272286514
658;-0.878173828125;-0.72412109375;4.184963853890294
659;-0.87646484375;-0.7236328125;4.152618036976461
660;-0.881103515625;-0.720458984375;4.119322938828765
661;-0.88623046875;-0.7218017578125;4.095513067289381
662;-0.879638671875;-0.71875;4.083372399841911
663;-0.8876953125;-0.7220458984375;4.1132122777673565
664;-0.88525390625;-0.7210693359375;4.086656704319845
665;-0.882080078125;-0.7196044921875;4.01524462072615
666;-0.886474609375;-0.71875;4.016451253770263
667;-0.8896484375;-0.71875;3.9479288476488783
668;-0.888671875;-0.71875;3.929721383533121
669;-0.889892578125;-0.7174072265625;3.8891211042618274
670;-0.888671875;-0.71728515625;3.8336288103415455
671;-0.889404296875;-0.71826171875;3.8110511935446865
672;-0.88916015625;-0.7210693359375;3.8059152227830895
673;-0.891357421875;-0.719970703125;3.8135901986402456
674;-0.8916015625;-0.7193603515625;3.822440562708757
675;-0.890869140625;-0.720458984375;3.843762663943388
676;-0.890869140625;-0.7183837890625;3.855543371829943
677;-0.893310546875;-0.7213134765625;3.8412034732178735
678;-0.89697265625;-0.72265625;3.846125696168682
679;-0.895751953125;-0.721923828125;3.859807980324136
680;-0.89404296875;-0.72021484375;3.8863583009049227
681;-0.89794921875;-0.7197265625;3.922142946235586
682;-0.89453125;-0.724609375;3.9694086619208635
683;-0.891357421875;-0.7227783203125;4.049682400766595
684;-0.888427734375;-0.72314453125;4.122348055065819
685;-0.8935546875;-0.7227783203125;4.12018229694123
686;-0.899658203125;-0.721923828125;4.1461234829914115
687;-0.90087890625;-0.7220458984375;4.029894841002046
688;-0.898681640625;-0.721923828125;3.994846988039904
689;-0.89794921875;-0.72119140625;3.9695746687188436
690;-0.89892578125;-0.72216796875;3.9552245469918077
691;-0.895751953125;-0.723388671875;3.947004066661092
692;-0.8896484375;-0.72314453125;3.9485746090105804
693;-0.895751953125;-0.719482421875;3.9683576877280204
694;-0.8916015625;-0.71875;3.952714286493491
695;-0.8916015625;-0.7213134765625;3.952084198171556
696;-0.881591796875;-0.7200927734375;3.9770988130621245
697;-0.88623046875;-0.7203369140625;4.048626283781223
698;-0.89111328125;-0.7225341796875;4.035376680688678
699;-0.8857421875;-0.7210693359375;4.0562431488626824
700;-0.883544921875;-0.7193603515625;4.088633291228535
701;-0.88623046875;-0.720458984375;4.129130501988597
702;-0.88232421875;-0.7174072265625;4.171471834503018
703;-0.88671875;-0.7176513671875;4.214520431938956
704;-0.880126953125;-0.71826171875;4.281479070201759
705;-0.88330078125;-0.7177734375;4.3772008332347685
706;-0.88525390625;-0.7164306640625;4.356412628035262
707;-0.886962890625;-0.717041015625;4.386253956438338
708;-0.8828125;-0.7171630859375;4.430397593842376
709;-0.88232421875;-0.7181396484375;4.492811653903839
710;-0.874267578125;-0.7191162109375;4.523598062247413
711;-0.875244140625;-0.716552734375;4.543799378723833
712;-0.878173828125;-0.7186279296875;4.552913180168831
713;-0.883056640625;-0.7181396484375;4.598018073659647
714;-0.888671875;-0.7191162109375;4.654139741619289
715;-0.885986328125;-0.7164306640625;4.705028280983334
716;-0.8798828125;-0.716796875;4.749535956372063
717;-0.885498046875;-0.7183837890625;4.793083370317824
718;-0.882568359375;-0.7142333984375;4.856140297754215
719;-0.882080078125;-0.7177734375;4.868146353181964
720;-0.881591796875;-0.7156982421875;4.903179629657954
721;-0.879150390625;-0.71630859375;4.9551975420230505
722;-0.87841796875;-0.716064453125;4.970675887557056
723;-0.87890625;-0.71875;5.0237643232952065
724;-0.874755859375;-0.717041015625;4.953031545263027
725;-0.882080078125;-0.7177734375;4.954702877654644
726;-0.8837890625;-0.7156982421875;5.001881141294748
727;-0.8798828125;-0.718505859375;5.011146328713382
728;-0.881591796875;-0.7158203125;5.115775233659657
729;-0.884765625;-0.71630859375;5.074201415630252
730;-0.889892578125;-0.7183837890625;5.082141736958921
731;-0.89404296875;-0.71533203125;5.103178684312557
732;-0.898193359375;-0.7135009765625;5.042934777315701
733;-0.896484375;-0.714599609375;5.008838667307607
734;-0.896240234375;-0.7154541015625;4.995529391100982
735;-0.896240234375;-0.7156982421875;5.016390301695774
736;-0.896484375;-0.7159423828125;4.9447380626892015
737;-0.8984375;-0.714111328125;4.910206920007534
738;-0.898193359375;-0.7130126953125;4.911910766374283
739;-0.903564453125;-0.7139892578125;5.025572313166466
740;-0.906982421875;-0.7154541015625;4.873924485274122
741;-0.910888671875;-0.71533203125;4.789194781571266
742;-0.91162109375;-0.711669921875;4.76465131480912
743;-0.9111328125;-0.715087890625;4.691779441282549
744;-0.9140625;-0.71142578125;4.5879985830890355
745;-0.914306640625;-0.7098388671875;4.498772453938084
746;-0.912109375;-0.7109375;4.427892963618098
747;-0.9111328125;-0.7105712890625;4.371320991446581
748;-0.912109375;-0.708984375;4.328875662264978
749;-0.914306640625;-0.7088623046875;4.33056163606948
750;-0.9140625;-0.708984375;4.2640415726722525
751;-0.915283203125;-0.7086181640625;4.178317309353097
752;-0.9169921875;-0.711181640625;4.112226076448543
753;-0.921875;-0.7135009765625;4.063480440168499
754;-0.9169921875;-0.710205078125;4.026964957210878
755;-0.9150390625;-0.7080078125;4.000908671637376
756;-0.91748046875;-0.70849609375;3.9856993472769484
757;-0.91357421875;-0.705810546875;4.0008562299806965
758;-0.913818359375;-0.7052001953125;3.963086214531887
759;-0.91796875;-0.7041015625;3.95265967542887
760;-0.9208984375;-0.708984375;3.9711045040831037
761;-0.919189453125;-0.706298828125;3.928966463528813
762;-0.923828125;-0.706298828125;3.9144550125971613
763;-0.92041015625;-0.7064208984375;3.913723996156114
764;-0.923828125;-0.7049560546875;3.9175258715478347
765;-0.921142578125;-0.70751953125;3.9299351253920376
766;-0.922119140625;-0.706298828125;3.961284874441054
767;-0.9248046875;-0.7060546875;3.94816155993992
768;-0.925537109375;-0.7052001953125;3.9512808333712304
769;-0.927001953125;-0.7088623046875;3.99276488910002
770;-0.927001953125;-0.7052001953125;4.064201895394253
771;-0.927978515625;-0.7064208984375;4.087016489473554
772;-0.92919921875;-0.7069091796875;4.126270040899219
773;-0.930419921875;-0.7059326171875;4.32306078725086
774;-0.9326171875;-0.7049560546875;4.29557865018481
775;-0.932373046875;-0.70654296875;3.9895243581517663
776;-0.93408203125;-0.7069091796875;3.8568050698565153
777;-0.936279296875;-0.710693359375;3.766502570429462
778;-0.93310546875;-0.7103271484375;3.70354427159035
779;-0.933837890625;-0.7100830078125;3.6597211857697776
780;-0.93603515625;-0.7088623046875;3.627910430852788
781;-0.93994140625;-0.7099609375;3.6091303741042533
782;-0.93310546875;-0.7081298828125;3.6041641210494255
783;-0.92919921875;-0.7086181640625;3.630875600769404
784;-0.940185546875;-0.708984375;3.6240561368610384
785;-0.940185546875;-0.7080078125;3.6155198902841197
786;-0.940673828125;-0.70654296875;3.5883863813279717
787;-0.9404296875;-0.7039794921875;3.58384094433367
788;-0.94140625;-0.704833984375;3.590871265743982
789;-0.939453125;-0.7061767578125;3.629849575100589
790;-0.943603515625;-0.703369140625;3.6129104767307867
791;-0.943115234375;-0.7039794921875;3.580304446374555
792;-0.945068359375;-0.7039794921875;3.561146354135339
793;-0.94482421875;-0.7052001953125;3.579743187111721
794;-0.939697265625;-0.7071533203125;3.544866104324538
795;-0.944091796875;-0.7025146484375;3.5540926599468503
796;-0.9453125;-0.70458984375;3.600786817857005
797;-0.941650390625;-0.70361328125;3.637095153391804
798;-0.9443359375;-0.703857421875;3.6121190134275425
799;-0.94287109375;-0.7054443359375;3.6081601036357243
800;-0.946044921875;-0.7047119140625;3.6336186568933075
801;-0.9462890625;-0.7052001953125;3.5702029287353327
802;-0.94677734375;-0.7027587890625;3.520978469492987
803;-0.94580078125;-0.7039794921875;3.4849713081258455
804;-0.94384765625;-0.7044677734375;3.4661887557089406
805;-0.942626953125;-0.70166015625;3.440126563446103
806;-0.939697265625;-0.70458984375;3.4179147253007125
807;-0.94482421875;-0.704833984375;3.3851414302015606
808;-0.94677734375;-0.701904296875;3.3692185176629823
809;-0.94873046875;-0.70263671875;3.363305375651143
810;-0.943359375;-0.7041015625;3.4010500139648436
811;-0.947021484375;-0.7056884765625;3.3524521551336712
812;-0.9462890625;-0.7037353515625;3.3477576636368807
813;-0.947021484375;-0.705810546875;3.3545255479214617
814;-0.94970703125;-0.7071533203125;3.367511340099301
815;-0.947509765625;-0.705322265625;3.3800103571612827
816;-0.945556640625;-0.7100830078125;3.3929958465589865
817;-0.94384765625;-0.7039794921875;3.412872552662874
818;-0.947998046875;-0.7021484375;3.4502384277806386
819;-0.956298828125;-0.70654296875;3.498740874035183
820;-0.946044921875;-0.7044677734375;3.4713245346599084
821;-0.9482421875;-0.7039794921875;3.491207847741492
822;-0.946533203125;-0.7039794921875;3.4986077587876285
823;-0.948486328125;-0.703125;3.503360371325646
824;-0.946044921875;-0.7054443359375;3.527986117683414
825;-0.94775390625;-0.706787109375;3.6038015778335826
826;-0.950927734375;-0.7076416015625;3.6039801144075483
827;-0.9443359375;-0.7061767578125;3.563399473762117
828;-0.9462890625;-0.7001953125;3.537411137023327
829;-0.9482421875;-0.7022705078125;3.542917549608374
830;-0.944580078125;-0.69921875;3.5638092125189322
831;-0.947021484375;-0.7000732421875;3.6172668243017867
832;-0.946533203125;-0.701416015625;3.6029358961814486
833;-0.949951171875;-0.698486328125;3.6135267777389357
834;-0.946533203125;-0.700439453125;3.6847789579309334
835;-0.94287109375;-0.7012939453125;3.69495528655545
836;-0.9482421875;-0.701416015625;3.632720098234826
837;-0.948486328125;-0.701416015625;3.630191358829275
838;-0.947021484375;-0.7022705078125;3.637131394412729
839;-0.945068359375;-0.7001953125;3.6312043244956316
840;-0.94921875;-0.6998291015625;3.6681391034997324
841;-0.947021484375;-0.7000732421875;3.604603628106813
842;-0.944091796875;-0.701904296875;3.5791093780869483
843;-0.9423828125;-0.7022705078125;3.56716229583186
844;-0.946044921875;-0.700439453125;3.577479561487298
845;-0.9462890625;-0.69873046875;3.5514961676472265
846;-0.945556640625;-0.696533203125;3.5383350975617542
847;-0.943359375;-0.6954345703125;3.5395430709585516
848;-0.943603515625;-0.693359375;3.577241873117111
849;-0.94091796875;-0.692626953125;3.5649719235883603
850;-0.94189453125;-0.6912841796875;3.5509638129262315
851;-0.9462890625;-0.693359375;3.5460526195090325
852;-0.939208984375;-0.6956787109375;3.639099812259649
853;-0.944091796875;-0.69873046875;3.527756233435801
854;-0.94384765625;-0.694580078125;3.5001960386182134
855;-0.94970703125;-0.6959228515625;3.4812509974897896
856;-0.948974609375;-0.6939697265625;3.4719304563226276
857;-0.9404296875;-0.6923828125;3.4720817185612427
858;-0.94287109375;-0.6898193359375;3.477866134133769
859;-0.942138671875;-0.6883544921875;3.4879539294248505
860;-0.943603515625;-0.6917724609375;3.504326653752038
861;-0.949462890625;-0.6917724609375;3.5277660583446058
862;-0.947509765625;-0.6951904296875;3.558507295475497
863;-0.946533203125;-0.6982421875;3.619230324589232
864;-0.946044921875;-0.6968994140625;3.6206307315023345
865;-0.943359375;-0.6988525390625;3.638575684205667
866;-0.9443359375;-0.699462890625;3.6331285192448086
867;-0.95166015625;-0.696533203125;3.6468715713238606
868;-0.95263671875;-0.694091796875;3.6702536359407154
869;-0.953857421875;-0.694580078125;3.701740574049445
870;-0.946044921875;-0.69140625;3.75546155653156
871;-0.953125;-0.68994140625;3.8181313167231674
872;-0.953369140625;-0.6910400390625;3.7807308176444083
873;-0.9560546875;-0.68896484375;3.812629058905027
874;-0.952880859375;-0.688232421875;3.8061135992413844
875;-0.95556640625;-0.68994140625;3.8207938583686794
876;-0.953125;-0.6890869140625;3.8416328212795254
877;-0.953369140625;-0.688720703125;3.8706849081479553
878;-0.955322265625;-0.6903076171875;3.913675849315414
879;-0.9541015625;-0.6878662109375;4.002322439999651
880;-0.956298828125;-0.693115234375;4.0104975007359664
881;-0.95556640625;-0.69140625;4.02465119559635
882;-0.958984375;-0.6895751953125;4.046034806914499
883;-0.958251953125;-0.68896484375;4.067894239842219
884;-0.956298828125;-0.6904296875;4.082446913029497
885;-0.9560546875;-0.691162109375;4.113854051495546
886;-0.955810546875;-0.689697265625;4.170035872357774
887;-0.95556640625;-0.6890869140625;4.214910826108422
888;-0.955078125;-0.6859130859375;4.246163103421699
889;-0.950439453125;-0.6871337890625;4.262251522331077
890;-0.9521484375;-0.6923828125;4.30149175785787
891;-0.951171875;-0.69287109375;4.357816408110649
892;-0.951904296875;-0.692138671875;4.436796875090782
893;-0.954345703125;-0.6888427734375;4.5430964034834025
894;-0.94873046875;-0.688720703125;4.573265188418195
895;-0.95263671875;-0.689208984375;4.650388923191624
896;-0.95166015625;-0.6881103515625;4.775332832985055
897;-0.95166015625;-0.6859130859375;4.955989158979462
898;-0.94873046875;-0.6859130859375;5.039233626630814
899;-0.951171875;-0.6865234375;5.073897784664154
900;-0.948486328125;-0.6876220703125;5.146363799652361
901;-0.94970703125;-0.684326171875;5.202786819857827
902;-0.9521484375;-0.6837158203125;5.184676207122769
903;-0.950927734375;-0.6849365234375;5.231352059360102
904;-0.9541015625;-0.6868896484375;5.287621032990691
905;-0.951416015625;-0.6846923828125;5.308326518548312
906;-0.950439453125;-0.68505859375;5.364193478469355
907;-0.951171875;-0.6868896484375;5.438500936058279
908;-0.9521484375;-0.6883544921875;5.52581552749781
909;-0.9541015625;-0.6854248046875;5.627779711960039
910;-0.951416015625;-0.681396484375;5.767716896767016
911;-0.95458984375;-0.6849365234375;5.762147811953308
912;-0.953125;-0.6846923828125;5.863525540305047
913;-0.948486328125;-0.68115234375;6.113138897056202
914;-0.952880859375;-0.6851806640625;6.27355327737829
915;-0.947265625;-0.683837890625;6.46271514140672
916;-0.947998046875;-0.6839599609375;6.607468834803605
917;-0.949951171875;-0.68701171875;6.6216180252898935
918;-0.94921875;-0.682373046875;6.766188164267363
919;-0.947509765625;-0.6845703125;6.9205906798925
920;-0.953125;-0.68359375;6.686975474252224
921;-0.94775390625;-0.6846923828125;6.302382602744163
922;-0.94921875;-0.685546875;6.02382581903696
923;-0.945068359375;-0.68310546875;5.85595736987449
924;-0.950927734375;-0.6807861328125;5.7317286392889395
925;-0.948974609375;-0.6783447265625;5.703270335328043
926;-0.949462890625;-0.681396484375;5.571407290582485
927;-0.9501953125;-0.683837890625;5.549912473709509
928;-0.94677734375;-0.6800537109375;5.408600883937689
929;-0.945068359375;-0.67919921875;5.331846320408446
930;-0.95361328125;-0.6806640625;5.309723020185874
931;-0.954833984375;-0.681396484375;5.286933091432031
932;-0.955078125;-0.6875;5.258138254055196
933;-0.95263671875;-0.685791015625;5.21743234671365
934;-0.94921875;-0.683349609375;5.232926213981709
935;-0.949951171875;-0.6798095703125;5.2940221796744655
936;-0.94873046875;-0.682861328125;5.422647856278142
937;-0.95068359375;-0.6820068359375;5.512807622688431
938;-0.95166015625;-0.6807861328125;5.550688697993031
939;-0.951171875;-0.679443359375;5.577416755117847
940;-0.954345703125;-0.68310546875;5.477327366854347
941;-0.9462890625;-0.6787109375;5.458307878772283
942;-0.950439453125;-0.677978515625;5.476895445332999
943;-0.953369140625;-0.6781005859375;5.520630384159018
944;-0.952392578125;-0.6768798828125;5.6001263743379495
945;-0.95361328125;-0.6766357421875;5.706363670953835
946;-0.950927734375;-0.67578125;5.802998414174967
947;-0.9541015625;-0.67431640625;5.905240689621672
948;-0.95263671875;-0.6773681640625;5.911778638359104
949;-0.952392578125;-0.6788330078125;5.9579495711734065
950;-0.948974609375;-0.6767578125;6.007345115799288
951;-0.949462890625;-0.6749267578125;6.057312463021546
952;-0.949462890625;-0.67431640625;6.072797714105187
953;-0.95068359375;-0.6732177734375;6.123940684849704
954;-0.94970703125;-0.6739501953125;6.045326146417545
955;-0.94970703125;-0.6719970703125;6.022482453748473
956;-0.948486328125;-0.6732177734375;5.989556935532617
957;-0.944580078125;-0.6710205078125;5.95461227510902
958;-0.94970703125;-0.6700439453125;5.880581805938468
959;-0.947998046875;-0.6690673828125;5.827543003224719
960;-0.945556640625;-0.67236328125;5.769985219180741
961;-0.9462890625;-0.6727294921875;5.686432847247868
962;-0.951171875;-0.6741943359375;5.62157567616403
963;-0.9501953125;-0.6737060546875;5.568230576994356
964;-0.950439453125;-0.6700439453125;5.5302563572655945
965;-0.9541015625;-0.671630859375;5.523649768619287
966;-0.9541015625;-0.6695556640625;5.56801033897938
967;-0.950927734375;-0.670166015625;5.582080334371716
968;-0.949951171875;-0.66748046875;5.64319221848797
969;-0.95263671875;-0.666015625;5.629305368915712
970;-0.95361328125;-0.66650390625;5.677213485203594
971;-0.951904296875;-0.6639404296875;5.616374167003277
972;-0.95263671875;-0.66162109375;5.609703046729487
973;-0.94970703125;-0.66162109375;5.6333634143983105
974;-0.955322265625;-0.6630859375;5.688905350681115
975;-0.953125;-0.662353515625;5.7206513629105835
976;-0.952880859375;-0.660888671875;5.7677575847160485
977;-0.9482421875;-0.6611328125;5.952359163702632
978;-0.948974609375;-0.657958984375;5.919356197362263
979;-0.949951171875;-0.65966796875;5.983793667814589
980;-0.95263671875;-0.6630859375;6.011316668550387
981;-0.9541015625;-0.66015625;6.00399864467587
982;-0.95556640625;-0.6605224609375;6.013134011609766
