0;-0.5963556795540604;0.09251828564635534;6.0806654017688455
1;-0.5965672931498065;0.09263789090641839;6.07716892805419
2;-0.5963198012883483;0.09236180637649133;6.142111089219021
3;-0.5956632671313726;0.09178858997819289;6.222906067573726
4;-0.5946925478276696;0.09087652091420795;6.3051706653251
5;-0.5933714540698036;0.08968722623195186;6.396496318476727
6;-0.5918821009867841;0.08818108278556658;6.492523190476927
7;-0.5900390390912391;0.08640385412267704;6.607592232433985
8;-0.587935508806826;0.08446736435317503;6.73339103171066
9;-0.5854693432812252;0.08216280699892764;6.862118650057957
10;-0.5825254962286001;0.07942864684534973;6.943713832919028
11;-0.5792293079691003;0.07631803703908091;7.039462489276028
12;-0.5756747645034483;0.0729333004024908;7.08272261181102
13;-0.5718324648463508;0.06921487201375098;7.147628211700301
14;-0.5676801230926749;0.06517517081282642;7.2185491155899735
15;-0.5632284879185964;0.06076592359646105;7.315365703582408
16;-0.5584743839315931;0.05603836768666137;7.396381367714277
17;-0.5535236552161937;0.05102346926220269;7.473724536865699
18;-0.548366080254922;0.04577609392381876;7.538939251338261
19;-0.5431190581506644;0.040368978743848816;7.637678967411133
20;-0.5378121076782317;0.03478058542650431;7.761830209007938
21;-0.5324584241058179;0.029017607000014767;7.882060959504597
22;-0.5271198048253756;0.02323978857701048;8.014384558540776
23;-0.521880764739647;0.017461358060304466;8.09373697188169
24;-0.5167603356293073;0.011685254174895077;8.185584213307628
25;-0.5118581182014933;0.00605373357852923;8.25674877698731
26;-0.507262201833407;0.00046309014387801994;8.389695455350804
27;-0.502990671606002;-0.004986829693986672;8.50092428768927
28;-0.49913343982826963;-0.010331780773094046;8.641100697573261
29;-0.4956596869805285;-0.015546210317552822;8.801429978043714
30;-0.4925336500203446;-0.020657655062221336;9.001221461440078
31;-0.48965751641813215;-0.025857516425917937;9.163089918355599
32;-0.48688594216572295;-0.031176725156177643;9.29374178028386
33;-0.4842171850098852;-0.036873760224998;9.421193327244074
34;-0.4814164406164975;-0.043149604749418036;9.545984074897383
35;-0.4784583543557127;-0.050143530917931944;9.753655946737522
36;-0.475341769916032;-0.05784253843617776;9.979244061393747
37;-0.4719450686073019;-0.06642212356804189;10.17548460913926
38;-0.46811163453762605;-0.07627022564086539;10.396573546344381
39;-0.4638341556530545;-0.0873205626290835;10.610125045231118
40;-0.45898704124526124;-0.09974055335286852;10.80671331203079
41;-0.45355454780777005;-0.11371277813541619;10.935387370912265
42;-0.44776177512464366;-0.12897990097560436;11.061405370254967
43;-0.4419071321404641;-0.14538933657746678;11.232720349738198
44;-0.43581477753519665;-0.1628385958360778;11.430374620022171
45;-0.4295811349402979;-0.18124992237187632;11.529139118507697
46;-0.423428394404908;-0.20024694426120548;11.495828838700614
47;-0.41750714629496;-0.21978178729028885;11.52505341462498
48;-0.4121503899132492;-0.23975575152023276;11.584003089256413
49;-0.4073843433981434;-0.2601518621952651;11.548824838551866
50;-0.4032329095913373;-0.28090893491846114;11.557573737321208
51;-0.39994686917645905;-0.30139665528464804;11.554096658889653
52;-0.3975109500826291;-0.32114360638351247;11.532978036964925
53;-0.3960611523027676;-0.33992471120951484;11.532012025814169
54;-0.3957495841652404;-0.35730137865453;11.607876839136544
55;-0.39667078842161396;-0.37311601206438844;11.779802249045431
56;-0.39876972559914514;-0.38740206344869144;12.045772655976155
57;-0.4022123642756235;-0.40004356562370014;12.487520094045548
58;-0.40708881276595144;-0.4106539388658823;13.01228644168328
59;-0.41318197804762735;-0.4190194139393773;13.726471056978504
60;-0.42056396400877966;-0.42499066892619797;16.735400040770227
61;-0.4291777058600907;-0.4287434796410559;13.878984742102029
62;-0.4389840312814268;-0.43037859474499685;13.615253430073398
63;-0.44986022345322035;-0.4303180008730387;14.379756252335914
64;-0.4615082657607902;-0.42823456814685235;13.28164535125617
65;-0.47362141071029285;-0.424398511894983;11.923907172442423
66;-0.4859508146570207;-0.4193968742649116;11.156242706025356
67;-0.49833621869003697;-0.41375173363427964;10.444850570059423
68;-0.5102994110722273;-0.40811696511869444;9.922758073082736
69;-0.5216535522120844;-0.4026547304007262;9.505308363995656
70;-0.5321004906147228;-0.39740728468154873;9.157320450002542
71;-0.541495734342656;-0.3929089329766905;8.84769247861352
72;-0.5495800557356054;-0.3899355921773068;8.545886186601495
73;-0.5563748874778813;-0.3882458500452479;8.259105326748385
74;-0.5619994335733052;-0.38780334397023064;7.995193954662424
75;-0.5662620311140099;-0.38853610410924144;7.765622384947358
76;-0.5691076511894013;-0.3904915409950336;7.550201283904842
77;-0.5705960700308199;-0.39352616745788616;7.3657607661177895
78;-0.5708754008967576;-0.39738483998724994;7.200606460245916
79;-0.5700048866126519;-0.40226363012860844;7.063563862044841
80;-0.5679697405198222;-0.4079481195386071;6.94029503303609
81;-0.5647976398407601;-0.4141738423774478;6.826044307659046
82;-0.5606132518269886;-0.42100303688049023;6.714492579183166
83;-0.5557019070497418;-0.4283017243661702;6.612970286159729
84;-0.5501652810145823;-0.4359814996931406;6.5258378956825105
85;-0.5441318823720811;-0.4438638396743745;6.453834197962024
86;-0.5375992196093714;-0.4518060363064823;6.388305499964927
87;-0.5305705696160862;-0.46004321700633577;6.3271831404218055
88;-0.5231364677839173;-0.4685659006095655;6.267005523213696
89;-0.5154344910350943;-0.47721245982163096;6.206658367106492
90;-0.5076077110979761;-0.4856128404810117;6.151947489709698
91;-0.49964233224500626;-0.4938578715331563;6.101667431623644
92;-0.4917315701000803;-0.501827617160946;6.06021563181265
93;-0.4838090282241595;-0.5096034759806016;6.034267595559976
94;-0.475936748475686;-0.5170921749245617;6.010038287433248
95;-0.46823066917266054;-0.5240648147879667;5.9980191234143625
96;-0.46078888231962617;-0.5304579842602947;5.986041283291547
97;-0.45361849384336783;-0.5363612368713612;5.974515239815958
98;-0.4467164977937195;-0.5418310746988099;5.964723463974856
99;-0.43998476849785917;-0.5468560936266533;5.963276300859514
100;-0.4334980751648376;-0.5514219539934833;5.967728846107921
101;-0.42722506466554666;-0.5556644375628815;5.968612091620825
102;-0.42110521952859725;-0.5595775979539284;5.974220340341638
103;-0.4152491387544428;-0.5632911433521013;5.98313052053533
104;-0.4096727184688361;-0.566643689478602;5.9978316183248195
105;-0.4042931650180454;-0.5697481604499373;6.007613335577156
106;-0.39898849095746464;-0.572602419469507;6.016235780791312
107;-0.393943174170312;-0.5751468453765856;6.028157057989809
108;-0.389091709857188;-0.5773094851348146;6.045053160520606
109;-0.38451943317079523;-0.5792646412681212;6.064898131251013
110;-0.3805611526632997;-0.5809956504495104;6.095587363468474
111;-0.3768733192128412;-0.5824352795161818;6.135581147274442
112;-0.37346794363672864;-0.5835942572973445;6.179618417550357
113;-0.37043966241126025;-0.5844033056911389;6.220438991313529
114;-0.36773557856610534;-0.5850800244535961;6.261368128456948
115;-0.3654679045595056;-0.5855350369051193;6.3068735010194
116;-0.36359373163003306;-0.5855878318898546;6.354684857674053
117;-0.36203877394418144;-0.585133700316471;6.389155116902186
118;-0.36079363183775026;-0.5843926524852037;6.4350402412686165
119;-0.36003072532684344;-0.5832648626867973;6.478749232843472
120;-0.359822180941081;-0.5815709343408696;6.522027715137805
121;-0.3601064246406649;-0.5793814515088896;6.576027483675777
122;-0.36081291572783425;-0.5769763045354173;6.632475087398574
123;-0.36204390067900327;-0.57440634164217;6.676433387700405
124;-0.36378870736128777;-0.5713298118581903;6.72493935300789
125;-0.36597532130781957;-0.568017129509023;6.775397540220723
126;-0.36864599732118364;-0.5645282092720245;6.818037193744794
127;-0.3717782432464933;-0.5608774311965985;6.852791714032449
128;-0.3755309661308652;-0.5568616317614952;6.88898174002588
129;-0.37965450203352036;-0.5525696454975346;6.936836727924469
130;-0.38413763968597175;-0.5482000800791871;6.987162949379418
131;-0.3887417885983386;-0.5438315539238398;7.038554890680489
132;-0.39359649222510307;-0.5394032695939308;7.1003479619255705
133;-0.39872818224993056;-0.5347263092923216;7.1732034863278304
134;-0.40407466631351785;-0.5298974137790328;7.255577497925089
135;-0.4094546406009427;-0.5253450883808105;7.352927301766201
136;-0.41484917730270576;-0.5208636365010527;7.469646085896475
137;-0.42046180443505593;-0.5164694736517194;7.609035282490748
138;-0.42598559444620365;-0.5121287791580618;7.756034235063463
139;-0.43143200164777196;-0.5081692885035485;7.912543293263005
140;-0.43672030138046386;-0.5043797419157433;8.112188752485592
141;-0.4417318298928701;-0.5010809054440732;8.354200890097191
142;-0.44646434556360337;-0.4982661115376785;8.675258619855688
143;-0.4509892348211798;-0.49582828569830545;9.162645659578345
144;-0.4552205141457256;-0.49380474406316593;10.133000527891475
145;-0.4591223402575547;-0.49220776880056893;10.626208420932139
146;-0.46261950301898935;-0.4911284266922795;9.347809138516508
147;-0.4657337877654977;-0.49035123277781345;8.810764036757147
148;-0.46847631260538974;-0.4899576367556403;8.46301017513972
149;-0.47062550206788645;-0.49007827694353145;8.210527369337205
150;-0.47241009396143135;-0.490511955696771;8.022363928493569
151;-0.47389016039204357;-0.49107930183044823;7.873738176107385
152;-0.47508843256864053;-0.49187946797066007;7.7455370145690665
153;-0.47591786244007556;-0.49288209471125827;7.633266279921087
154;-0.47643548738118763;-0.49408452606516895;7.537852291590803
155;-0.47672207488840523;-0.49542252667533665;7.460284317801538
156;-0.476669052938535;-0.49706249608842645;7.392535479167679
157;-0.47649172762420683;-0.49888740326725645;7.332753919342162
158;-0.4762640302985264;-0.5006989090216318;7.278544318293784
159;-0.47594104867414394;-0.5025015060405243;7.240482984900252
160;-0.4756553260831158;-0.5042059772906297;7.212337370217419
161;-0.47539357688168815;-0.5058386262265984;7.1882363279688715
162;-0.4751135392145116;-0.5073888564784654;7.164074509199028
163;-0.4747841556234208;-0.5087826005448782;7.136655217020884
164;-0.4745398623431858;-0.5099175118256652;7.119807564636151
165;-0.47420072162425797;-0.5111176231925991;7.100996541267772
166;-0.47392061220443793;-0.5123346893642328;7.077824444605191
167;-0.47353635841749186;-0.5135744445504391;7.0431219178559665
168;-0.4731380775236504;-0.5146347187211484;7.01010151756553
169;-0.4727010427120896;-0.5156010275467013;6.977310138125223
170;-0.47215059325297193;-0.516555833040206;6.940480248038446
171;-0.47164720038154095;-0.5173470228554264;6.917029873512577
172;-0.4710787675617888;-0.5179797228433758;6.896171405532785
173;-0.47054650747110344;-0.5185106474477639;6.8749149602853095
174;-0.47004964223021756;-0.519000352701005;6.846157638614308
175;-0.46958377927389006;-0.5193165046856957;6.813260670258332
176;-0.4690066363943117;-0.519539397142623;6.774511316566104
177;-0.46846737607620054;-0.5196790049084437;6.7458663826769225
178;-0.4678194741024086;-0.5197747547229246;6.72211250430684
179;-0.46700794429502257;-0.5199316114370908;6.6897335451941355
180;-0.46624904631977665;-0.520066689934576;6.655998299360624
181;-0.46557894598684263;-0.5201685246308324;6.613195841899826
182;-0.4648399138584251;-0.5202389516689808;6.574236153288359
183;-0.4640454964114733;-0.5203533624927046;6.535193403484401
184;-0.46292395975580525;-0.52056809718013;6.496592278280752
185;-0.46164987682607417;-0.520902763138661;6.469041575034531
186;-0.46033880411552186;-0.5212585173177038;6.445818766060395
187;-0.4590149585426443;-0.5216519010753693;6.436912870442921
188;-0.4575758528652367;-0.5220998714746353;6.431706491394893
189;-0.455707748439075;-0.5230010445530221;6.4257853562709
190;-0.45350429850134377;-0.5242914655537326;6.418555433693831
191;-0.45105280113933544;-0.5257506182902308;6.420847259208737
192;-0.4485654889269576;-0.52730890695863;6.425074255552853
193;-0.44589687726658533;-0.5289553574246386;6.43613594921638
194;-0.4434212146186966;-0.5308069611399531;6.449396756932446
195;-0.44080960987531165;-0.5326633087971322;6.4533448735057455
196;-0.4380764472420369;-0.5345049628869785;6.457632374314134
197;-0.4354308604050278;-0.5363502585639738;6.455451067639234
198;-0.43294873696332214;-0.5380816199004111;6.4575947226216215
199;-0.4306415789280195;-0.5396599240487093;6.460161064629725
200;-0.42878731238724793;-0.5409172605497974;6.454701714022908
201;-0.42725013099181286;-0.5419626485561755;6.440947732632223
202;-0.4263434427776912;-0.5427999284191354;6.428894037280579
203;-0.4258966296594828;-0.5430875923654824;6.407240833596925
204;-0.4258512221857163;-0.5430858080375092;6.38148592092541
205;-0.42644013804096126;-0.5424189136511031;6.3566061348943705
206;-0.4277285928165778;-0.5410773783140028;6.3332577702620085
207;-0.4293024613626823;-0.5395252013786609;6.30195149961564
208;-0.43141682120314545;-0.5375260750080948;6.273282050046824
209;-0.4340189265775968;-0.5348548592236118;6.2513666601583
210;-0.43714209042337415;-0.5316321650728273;6.237349279172878
211;-0.4407096397790037;-0.5278795757188726;6.2346742930187045
212;-0.44484876325067474;-0.5237632128075167;6.221795602489813
213;-0.44955242791210415;-0.5192796994960441;6.213414610676782
214;-0.45486186379763277;-0.5142420242215969;6.200326275977495
215;-0.46055735952099264;-0.5087918810446753;6.197847769739792
216;-0.4667790707908086;-0.5031620699332009;6.189982859218345
217;-0.4733273779948166;-0.4973326376318933;6.182746425064698
218;-0.48040040227052805;-0.49137786798614386;6.183352854696533
219;-0.48776599680948035;-0.48508119060060706;6.191177193581714
220;-0.4954079772866353;-0.47857666052222664;6.194743441938964
221;-0.5032248229562165;-0.47187814847018617;6.2005362817969925
222;-0.5110973988197941;-0.4650824288451705;6.204316549587588
223;-0.5188938920942257;-0.4584246075270326;6.217741282364914
224;-0.526494344354616;-0.4523053089684028;6.241290281404004
225;-0.5337111426131137;-0.446785184594513;6.273450990162348
226;-0.5405306727552328;-0.44184889831199925;6.314715173677631
227;-0.5466207542719912;-0.437363284459659;6.352292256092641
228;-0.5520385620639364;-0.4336975277866817;6.398473669622545
229;-0.5565579038922536;-0.43067781765953705;6.4484222749109
230;-0.5601266100831562;-0.42854353393767886;6.507353346705699
231;-0.562557059376972;-0.42739483794845967;6.585945504949113
232;-0.5636780329798544;-0.42751959872425005;6.665986255771594
233;-0.5632341136625176;-0.42883445497722406;6.755782416292941
234;-0.5610980882514919;-0.4315668639634733;6.846256232404786
235;-0.5569954327405231;-0.43578356855485956;6.921463847866004
236;-0.5507724499970553;-0.441507106177658;7.0132189460259315
237;-0.5423567567249716;-0.4485458882438381;7.090499352967148
238;-0.5317740456039926;-0.4572035750828185;7.174985099432845
239;-0.5192856385840608;-0.4672972079816333;7.246072998437777
240;-0.5048992868661045;-0.4787611985357545;7.2990988047889065
241;-0.4887049612820908;-0.4917865669592828;7.331068444961611
242;-0.47140068578154776;-0.5058473961389424;7.341858266135697
243;-0.45168001744237035;-0.5212792311463786;7.334214952961542
244;-0.4302739966986609;-0.538260309428543;7.30212760573275
245;-0.40689625657030115;-0.5567626257846374;7.229340887271398
246;-0.3827005092711252;-0.5758138657393937;7.119284546701746
247;-0.3594527692704619;-0.5943060786651005;6.9688118898959095
248;-0.34023386225373253;-0.6094519387233722;6.790854217841147
249;-0.3277765855959583;-0.6185361489752101;6.595452900954546
250;-0.3231845040045608;-0.6207932218005721;6.401711206412022
251;-0.3261049130220244;-0.6163906116056156;6.2022529314948365
252;-0.3345290409289776;-0.6069478703489103;6.004885698959268
253;-0.34611302168013997;-0.5945711852006657;5.822680826365634
254;-0.35916392657157514;-0.5813676559532646;5.660790213067478
255;-0.37290174196677395;-0.5684718699957166;5.508659078410154
256;-0.38687887481498895;-0.5567961002807691;5.374279100453952
257;-0.40115093190085616;-0.5462384595173664;5.248465848914497
258;-0.41553822698658266;-0.5367215055111105;5.140707899721615
259;-0.42948762633703574;-0.5283568833574497;5.042097828395914
260;-0.44259611319002723;-0.5209322418489178;4.956244028544661
261;-0.4543806883552483;-0.5135991878260645;4.883480252267647
262;-0.4644973239685353;-0.5067889580793696;4.8279189603355945
263;-0.47330064620286305;-0.5007402004643078;4.780786025915361
264;-0.4806506941462281;-0.49561037824958365;4.746868353022115
265;-0.4869842248044552;-0.491188561898298;4.725982934877202
266;-0.49219810445265877;-0.487330100610533;4.717152786209018
267;-0.49638424529834535;-0.4839679657748143;4.718342181321065
268;-0.4997998545100391;-0.48119675667730544;4.732268384929203
269;-0.5026044874840605;-0.4790689942912879;4.758107481034131
270;-0.5048998214666465;-0.4774618851140875;4.792516385900765
271;-0.5069028260696568;-0.47634270873656825;4.838851662584958
272;-0.5085311226076862;-0.4757403186737007;4.889261000917129
273;-0.5098830318963532;-0.4753870862924904;4.9412377131895635
274;-0.5108825186698174;-0.4757143264403002;4.998074151359459
275;-0.5116046348434654;-0.4766045914298469;5.0599836777038165
276;-0.5120306490433812;-0.47794270721553533;5.124305766751835
277;-0.5121704848318063;-0.4795422132667386;5.18981095473365
278;-0.5120353921400003;-0.481059712677921;5.254847303912658
279;-0.5116539848273101;-0.48259491512407815;5.328847880828883
280;-0.5110242044177872;-0.4844006822512631;5.398970390259308
281;-0.5101276600485252;-0.4866054645190778;5.467266661660718
282;-0.5090379651415098;-0.4887883972078074;5.529376139264521
283;-0.5077888415865007;-0.4908601235619643;5.5790878690252566
284;-0.5063630616737159;-0.49278154318591005;5.629201229396798
285;-0.5048103014515484;-0.4946218906691233;5.683279583264065
286;-0.5031301824800752;-0.4964356316218178;5.726506522750294
287;-0.5013443224421692;-0.4981406832443751;5.770588008490982
288;-0.49952615289532065;-0.4997347951193868;5.804211149148813
289;-0.49763901236009916;-0.5014169154512661;5.829947422319906
290;-0.4956878057495975;-0.5031990797415369;5.840847742708315
291;-0.49378104069185924;-0.5048086228797015;5.845574566807943
292;-0.4919181076321889;-0.5062090461890703;5.837609948257884
293;-0.49018373965232365;-0.5073399411927584;5.8247356130069505
294;-0.48852328830319114;-0.5083277044847578;5.812814201455839
295;-0.48696057524497993;-0.5091136129493099;5.796566014088828
296;-0.4855850665248798;-0.5097146141832477;5.77035056239005
297;-0.48444292914088716;-0.5101240316031164;5.730099422062361
298;-0.48350734873499773;-0.5103067669204664;5.689895881562716
299;-0.48271155010458505;-0.5102847919291084;5.650620639509597
300;-0.4825467559790457;-0.5102478537439854;5.654438293891756
301;-0.48236198507866324;-0.5091259384963599;5.592676026071359
302;-0.4836053535177935;-0.5077405889476528;5.481137129282116
303;-0.48523933448782264;-0.5065085893423507;5.371468308240769
304;-0.48694744164312187;-0.5045425930533718;5.301078667982141
305;-0.488650698534936;-0.5026568595559928;5.211052313580673
306;-0.490591707753837;-0.5010256885176323;5.106519762391366
307;-0.4927619244461369;-0.4999374678133068;5.00729053676812
308;-0.49469826762046465;-0.49871410018778994;4.918258182130254
309;-0.4967085759292454;-0.4975426145269096;4.84304947781656
310;-0.49849770527688736;-0.49678572419510625;4.782307060750597
311;-0.5001009470672111;-0.4965331988852797;4.7182133103693875
312;-0.5013077299941818;-0.4960761622187243;4.653291091511037
313;-0.5022846755431832;-0.495034715624567;4.595402136100509
314;-0.5033786053213177;-0.4944582632273604;4.5285519656303945
315;-0.5041969869863007;-0.4941640302206537;4.463186945740734
316;-0.5048708073892205;-0.4943063603929121;4.406319229768679
317;-0.5053566163148588;-0.49445118959574585;4.351965261238998
318;-0.505732120490538;-0.49422288183047136;4.304298518604634
319;-0.5057865120355147;-0.4942186667799431;4.259615165423046
320;-0.5056682909680925;-0.4943497759824802;4.21651923066498
321;-0.5054292984155992;-0.49438924670488404;4.180830088957466
322;-0.505166180646902;-0.49399907146231326;4.151075497969713
323;-0.5049810847683777;-0.493700120615563;4.134581754005225
324;-0.5046935163310123;-0.49354203841554833;4.119875596899567
325;-0.5043692636261947;-0.4934119873496149;4.109904692041026
326;-0.503892512694543;-0.4932394840389651;4.105125084429463
327;-0.5033008631064422;-0.4932746325623725;4.105290137837646
328;-0.5026178902932845;-0.4934127505862389;4.103777054963951
329;-0.5019408791610936;-0.4937935232728502;4.110172820569238
330;-0.5012954821679318;-0.49426787034665;4.121608728920806
331;-0.5007888215366243;-0.4947245009379406;4.137469123060587
332;-0.5004398273248211;-0.4950390682638449;4.150819219793359
333;-0.5000981153369581;-0.4952276376017514;4.157882091861368
334;-0.4999624983810873;-0.49550564054811164;4.161840602049744
335;-0.49984014873238314;-0.4959110014280273;4.1597174940629245
336;-0.4999491740741508;-0.4962023457508661;4.161140425806156
337;-0.5000738436496741;-0.49630520862982175;4.160573438163993
338;-0.5003223413834259;-0.4963692539896634;4.166314420781378
339;-0.5006659944554321;-0.4965333383882844;4.1741463408885
340;-0.5008249302097609;-0.4967970374361028;4.187617644644775
341;-0.5009370090971061;-0.4970538377300532;4.194773136357632
342;-0.5009281095129814;-0.49729714811710246;4.203361792306836
343;-0.5007198937990268;-0.4977313441603656;4.207052102841532
344;-0.5004074537407519;-0.4980718717524075;4.211257748177312
345;-0.5000022037247329;-0.49845209387657796;4.216797447429498
346;-0.4994293951327992;-0.4989763443366003;4.226092299527266
347;-0.49872933204596914;-0.4997162628035206;4.241704267322035
348;-0.49789080861082047;-0.5007131785793657;4.261800601221889
349;-0.4968688885248341;-0.5017708330718764;4.276364101544321
350;-0.49574597262102893;-0.5028205877021864;4.282522290026586
351;-0.49454429301929237;-0.5037225727578676;4.285491172022489
352;-0.4933979309298844;-0.5045679646195544;4.286858556554706
353;-0.49235153964558354;-0.505282263138848;4.297940231398091
354;-0.49147145881750026;-0.5058183553402862;4.301640844086101
355;-0.49094717273619226;-0.506185664747372;4.304084308564385
356;-0.4907655006151335;-0.5060270004073124;4.299915563034869
357;-0.49101840555476856;-0.5059017111366579;4.288267935403647
358;-0.4916500550870685;-0.5057622674146016;4.2715224688915505
359;-0.492501228632656;-0.5053630934317797;4.244964416570196
360;-0.4936485116320426;-0.5046201552202452;4.211838111664397
361;-0.49492041027944345;-0.5035909504230724;4.168504033114729
362;-0.49630067531517985;-0.5024013045961887;4.124908347569555
363;-0.4975406020877364;-0.5010985831025152;4.076808676052561
364;-0.49879139902761604;-0.4997980414778901;4.035315306081893
365;-0.49993140453589485;-0.49848702940159056;3.9975525683221176
366;-0.5008846303245796;-0.4974075268447823;3.953257482889761
367;-0.5017469968833895;-0.49647927292677896;3.910623160176761
368;-0.5024505042301365;-0.4957266668513528;3.8678537616850166
369;-0.5029193043531793;-0.4952082008921528;3.8226017627252937
370;-0.5030424198041147;-0.49476511654666055;3.772416507976387
371;-0.5028971588756026;-0.49450023040174773;3.7201300323466406
372;-0.5025521302959213;-0.4944067330554037;3.6693710651426565
373;-0.5023127621629078;-0.49417647366382744;3.621174310842616
374;-0.502130770019216;-0.49359531216054264;3.568757624675923
375;-0.5020945534045079;-0.49256578855918787;3.519920765916623
376;-0.5023281292294679;-0.4911592093049553;3.4680772594500295
377;-0.5027552326511244;-0.4892770797793559;3.413621948176763
378;-0.5030966271013494;-0.48703316599856983;3.364566458532167
379;-0.5035349852969493;-0.4844517965747949;3.3203778326349367
380;-0.5041369323920808;-0.4817291991196539;3.2769219756744903
381;-0.5046368304559378;-0.478811750039729;3.2359600108546838
382;-0.5053305779094286;-0.4760418214018295;3.2023371865306833
383;-0.5060591806883449;-0.47350247531794176;3.174700306948469
384;-0.5066115503696436;-0.47130932555545746;3.1445849272590793
385;-0.5065962577005516;-0.469925168678769;3.117433135697257
386;-0.5058547522200401;-0.46956655791739577;3.0891450765911093
387;-0.5040561017313177;-0.470109268069822;3.0597062272825624
388;-0.5012898595150058;-0.47174467583805135;3.0276799210854852
389;-0.4975298983840346;-0.4743092224596328;2.9926854313806475
390;-0.49250665807655947;-0.4775156139970741;2.955686088587702
391;-0.4875369510711065;-0.481051849158215;2.918258313622541
392;-0.48289345867324557;-0.4846584819265103;2.8745299152163706
393;-0.47871109223226616;-0.4878363690773535;2.8222121098326847
394;-0.4749808482025687;-0.49025813640632865;2.763172418449164
395;-0.4721980150012913;-0.4915593919872292;2.694932733195044
396;-0.4702492704357739;-0.4915857474384828;2.6250430735978387
397;-0.4700142087978594;-0.49072115684825784;2.549574695653915
398;-0.47161253959558075;-0.4884519688367823;2.4741134404574048
399;-0.4747126382063593;-0.48478325774549175;2.3969440638598285
400;-0.47991244121568677;-0.48001604387556485;2.3195983923108185
401;-0.4861861025705801;-0.47441301925806145;2.2413475771545937
402;-0.4925360507727564;-0.46838704097796513;2.165705444636841
403;-0.49892513485212037;-0.46293539128726163;2.094334151245146
404;-0.5049261307912556;-0.4583008396410485;2.027117656470595
405;-0.5093096245596205;-0.4549770347906905;1.965118850344751
406;-0.5127555481625072;-0.4533786994702964;1.9059881942284413
407;-0.5146227307671362;-0.4536573796667537;1.8510465439729882
408;-0.5157745963390745;-0.45561108434354036;1.7999674602719025
409;-0.5162445600898083;-0.45840457239512267;1.752953866882817
410;-0.5164789683802167;-0.4614763111187039;1.7068491188422397
411;-0.5172544266321932;-0.4636906061997489;1.663111062082249
412;-0.5188879227985355;-0.4645555780571714;1.6201092544126874
413;-0.5218497822340317;-0.46413250597754907;1.5799432353423142
414;-0.5257045504290817;-0.46275013935000997;1.5416225547652151
415;-0.5299976811097076;-0.4608860852865182;1.5044270610775918
416;-0.534193662084417;-0.459039768287548;1.4641348626757953
417;-0.537487595140752;-0.4577813710496734;1.4189258962036022
418;-0.5402687590368864;-0.456835476022194;1.367298006486576
419;-0.542754258707897;-0.4552858114219367;1.3128046097453252
420;-0.5450346498434492;-0.45289242012532827;1.255973870757839
421;-0.547151393153283;-0.4496080646409173;1.1966448291920109
422;-0.5491036731041661;-0.44517859854044295;1.1377629759886618
423;-0.5514372370387914;-0.439690654904921;1.0786579223540949
424;-0.554699895331046;-0.4329396404297171;1.019930205957853
425;-0.5591372552299814;-0.42519483006233516;0.9620075174055128
426;-0.5644312025062843;-0.4160948925085367;0.9064115398887407
427;-0.5706116609410609;-0.4058680686291838;0.8541243647283381
428;-0.5778720218383695;-0.39465163666481606;0.8040354628215474
429;-0.5863825436822059;-0.3822339241216729;0.7572406203696536
430;-0.596413490211084;-0.3687629341605253;0.7130170117110142
431;-0.6072177266843266;-0.35409469429072526;0.6729523100998008
432;-0.6184499159919965;-0.3386048897933387;0.6362708797993171
433;-0.6300062040158568;-0.3225630851491188;0.6023432897614893
434;-0.6420598480771141;-0.3060924873338895;0.5703923967799956
435;-0.6543201063348474;-0.2892476338805172;0.5411625340549321
436;-0.6663327161748952;-0.2722604502600515;0.5137999736521845
437;-0.6775768890109757;-0.2550111103503059;0.4895556727746869
438;-0.6893444063943893;-0.23723138664704857;0.4677136674793487
439;-0.7013160543166745;-0.21888592125057316;0.44838199479289337
440;-0.7135394024757715;-0.1999691742431654;0.4319473253332103
441;-0.7263389756871738;-0.1802399034169444;0.4186826795229837
442;-0.7400226760501152;-0.15956945865834404;0.4075357887501438
443;-0.7549164087710015;-0.1385685671545438;0.3993101102817645
444;-0.7714039160337473;-0.1173491224928489;0.3927099210495727
445;-0.7882892313373412;-0.09618905011170387;0.38939050267072484
446;-0.8058259016424401;-0.0753981074513913;0.38941551046525563
447;-0.824142862144592;-0.05556285596945809;0.3923506124517955
448;-0.8419279789025615;-0.036928675518773324;0.3957271800983036
449;-0.8593695797391283;-0.020475906413979117;0.4002815858232217
450;-0.8751639916837937;-0.0066272347136481224;0.4054141030053261
451;-0.8889203738633973;0.004100944484642932;0.4107295873618932
452;-0.8992499545860256;0.010310078249814114;0.4161919044312797
453;-0.9040930325717456;0.011227551334362373;0.4202079168222031
454;-0.9020891857236617;0.006647171230026783;0.42351488302331886
455;-0.8924551671943194;-0.0035928026695276616;0.4257654387884359
456;-0.8746730145905754;-0.018955983646724905;0.42652597566755285
457;-0.8497792846388416;-0.0362383948259265;0.42762279666990044
458;-0.8197449410111315;-0.05321033221276994;0.42964934496322205
459;-0.788593647041391;-0.06761548090903302;0.4334509348087868
460;-0.7598075270856692;-0.07844856957602975;0.4407813477348912
461;-0.7371647453822261;-0.08599632626450049;0.4499589592505582
462;-0.7214433821566721;-0.09126717757395086;0.46203586462192225
463;-0.7142536997213442;-0.09636876625683133;0.47798293929706215
464;-0.7126353189707251;-0.10148677447755994;0.4955454297504758
465;-0.7138009721372273;-0.10716458143348384;0.5152553248028542
466;-0.7154995446518498;-0.1133190084528779;0.5358134561035635
467;-0.7140904071399469;-0.11986264353979292;0.5566417411364395
468;-0.7087351075776258;-0.12704674415176254;0.5750638721023267
469;-0.6979369209005877;-0.13522623917898635;0.5918670983964099
470;-0.681812984413151;-0.14466870148109845;0.6053489363781739
471;-0.662099441465758;-0.156279627495031;0.6142875040050424
472;-0.6399724617403477;-0.16959183139997303;0.6203291123154697
473;-0.6171151663568561;-0.18545619455658802;0.621594584305553
474;-0.5941749560200513;-0.2034622448078568;0.6170516228364186
475;-0.5718173812776617;-0.22249068996937027;0.6081488477103569
476;-0.5506905417657066;-0.24187652731408515;0.596333856035646
477;-0.530508014964656;-0.260145417757238;0.5825579407843158
478;-0.5111924624891613;-0.2759585715209897;0.5658356337138917
479;-0.492529648750512;-0.28754281392615083;0.546415524289566
480;-0.4755167396008392;-0.2941034499576944;0.5258843915154103
481;-0.46034233534918;-0.29516629642829634;0.5056049079655063
482;-0.44787043439246815;-0.2904582346839242;0.4845023744955891
483;-0.4386531798667352;-0.2804391902852135;0.4625888181855656
484;-0.4341340454838034;-0.26574640558556856;0.4411653324021324
485;-0.4352341406358179;-0.2475041068294489;0.42094160649879264
486;-0.44159987470580764;-0.22661371076343878;0.4018835840921185
487;-0.4528165401755891;-0.2034897462105621;0.38477039243836075
488;-0.46797870989481116;-0.17879655134990158;0.3695870283695306
489;-0.4872801319114586;-0.15329414515102213;0.35710913112442944
490;-0.509018989003776;-0.12691748865093788;0.34746367703046954
491;-0.5329320673707278;-0.10026815460113636;0.34125047016670496
492;-0.5588025286479118;-0.07340166176861329;0.33904970131266304
493;-0.5862730845286472;-0.04683083613454986;0.33975432594961186
494;-0.61450679203426;-0.020692416348677467;0.3437429195733443
495;-0.6430221690157041;0.004932330534445639;0.35053967087208393
496;-0.6707277938364992;0.02926025585583858;0.3604937422543571
497;-0.6971839237686259;0.052206924462682824;0.37310397473609413
498;-0.7220697645401875;0.07299920935421933;0.38791508370349603
499;-0.7453954313092135;0.09142007130234597;0.4051065601160788
500;-0.7666538810159558;0.10723721583213852;0.4229357640597139
501;-0.7854326629055057;0.11998336835928525;0.44177164799395163
502;-0.8021669320479768;0.12944156341992585;0.46186984202401526
503;-0.8160499055893464;0.13503148262043152;0.48157745966306964
504;-0.8266735311680761;0.13708434556218085;0.5016451037575598
505;-0.8341423583651252;0.13542935802745504;0.5210364907312328
506;-0.838597226235245;0.12957941174939724;0.5385857228557722
507;-0.839954247933776;0.11993809682131173;0.5546625869388951
508;-0.8385929513900059;0.10646400421195512;0.5693236904537371
509;-0.8347814683493471;0.08943471461966679;0.5821603802399513
510;-0.8285924785948664;0.06911945432872812;0.5938718354407685
511;-0.820413813566383;0.045946182799353696;0.603705852857121
512;-0.8107145770955688;0.020048536607168654;0.6111611171723197
513;-0.799986718660059;-0.007706153824164397;0.6163090480025422
514;-0.7880402768056434;-0.03665459318485831;0.6202903671031315
515;-0.7753620478473777;-0.06657631210640014;0.6220327907494523
516;-0.761756271852197;-0.09686626638756834;0.6219900934821343
517;-0.7471696635725811;-0.12697638811900958;0.6197832027675068
518;-0.7320167315265049;-0.15683357009009613;0.6150707233652495
519;-0.716895595759276;-0.18622803607169103;0.6075754970620385
520;-0.7013840066721103;-0.2146392225646847;0.5975202678181334
521;-0.686116647074818;-0.24183713492998682;0.5847510556620021
522;-0.6712620397278064;-0.26746420813547656;0.5689511662077317
523;-0.6574409184631531;-0.2908793521577705;0.550356137114723
524;-0.6447311881301365;-0.3115730311425611;0.5293948299661079
525;-0.6328928107904618;-0.3289295089244846;0.5065277977979885
526;-0.6223484377938087;-0.3427812768672285;0.4823446204904519
527;-0.6130471238594789;-0.3526400018996374;0.45731658171733475
528;-0.6050003340986205;-0.3584330599911606;0.43154729426318034
529;-0.598816677395718;-0.36047705524136153;0.40550795612123647
530;-0.5943648116317746;-0.3591244846495023;0.3794464363199316
531;-0.5915380034085336;-0.35452974519734826;0.35410845211044506
532;-0.5902888732962505;-0.3471919283286681;0.32941538172841833
533;-0.5904900989801498;-0.3367921758551974;0.3056832590852149
534;-0.5915787508040378;-0.32379377617552807;0.28370831981446154
535;-0.593889479825657;-0.3082143417435457;0.263817359359067
536;-0.5972643539519757;-0.29010589319332103;0.24678664845410392
537;-0.6014699576804277;-0.26975730569031764;0.2325882898020435
538;-0.6067837628762487;-0.24737787817021406;0.22203877291117025
539;-0.612827229989028;-0.22350731682107272;0.21544752830282565
540;-0.6201779202649579;-0.198588249677909;0.21339959434796613
541;-0.6274883891519357;-0.1731737508295712;0.21575860269643038
542;-0.634321492168157;-0.14772782811353635;0.22297760841266068
543;-0.6403865037742462;-0.12279861123273594;0.23453656300085945
544;-0.6463951903448839;-0.0986497163959279;0.25046125173759143
545;-0.6506435772523165;-0.07556519497125014;0.2708772700941426
546;-0.6539107311112522;-0.0539968697120754;0.2947865680805563
547;-0.656343362299233;-0.03465524667246933;0.3222381715997434
548;-0.6568358640301599;-0.017853836051652472;0.35274080296154053
549;-0.6568875125261716;-0.0036794573037352007;0.38577315407018664
550;-0.6573704023899103;0.007352996775423226;0.4206915016194104
551;-0.6574953082891801;0.015220179396113198;0.456918065462985
552;-0.657593831440374;0.019150242328074496;0.493046932004442
553;-0.6578600540097728;0.01893056615672417;0.5297966395091376
554;-0.6579381062554421;0.014281790913165837;0.5662658906058684
555;-0.6576122634210866;0.005010024582640771;0.6017368401749728
556;-0.6560005558865294;-0.008366860074275895;0.6362692884741694
557;-0.6528506445639362;-0.025607837014771984;0.6687735865083898
558;-0.6472821447012816;-0.04584137623074047;0.6996402916843625
559;-0.6396734759803773;-0.06777360312566127;0.7289960711744248
560;-0.6299656452673841;-0.09006391593852592;0.7563696185358659
561;-0.6183987628383656;-0.11162251411753132;0.7810925805572009
562;-0.605557548945008;-0.1311282261742106;0.8042430471636492
563;-0.5923963402271994;-0.14813438781256638;0.8260031798905829
564;-0.5810247743526749;-0.1630611989598244;0.8472392012221072
565;-0.5726353885002087;-0.17586812473287128;0.8675187931644919
566;-0.5683201788320036;-0.18710087239670992;0.8868384064596208
567;-0.5681679221042167;-0.19783206897488226;0.9052923162322366
568;-0.5725878389867248;-0.2095122703826443;0.9235232407229821
569;-0.5798362626964476;-0.2233437286422132;0.9404704396248905
570;-0.5874840685502127;-0.24049293608087985;0.9554249924388138
571;-0.5932033808338275;-0.26247779217316425;0.9677520518455461
572;-0.593108386260166;-0.28858743792031694;0.9778628240964771
573;-0.5857920368574112;-0.31734092412791004;0.9849076819740678
574;-0.5714465999681835;-0.34455387204457066;0.9885686548703614
575;-0.5517435282468193;-0.3676261356899224;0.989698724919872
576;-0.5306096311601084;-0.3848774754518737;0.9894024518889434
577;-0.5125683902554278;-0.3973786987681158;0.9873472386550428
578;-0.49959965344422785;-0.4069615357282542;0.9843798535953647
579;-0.4915866195488524;-0.41491215441449286;0.9812004435440957
580;-0.4877376199112286;-0.4219232192124598;0.9777378540810622
581;-0.4863403439906113;-0.42687221457316843;0.9734287055445232
582;-0.4860070001690492;-0.4286781566339308;0.968807910738767
583;-0.48588778340643063;-0.42705342923331735;0.9624738139684097
584;-0.48587046036184445;-0.42252691090974936;0.9547614371501569
585;-0.4863087442305297;-0.41664831461926316;0.9449264078205999
586;-0.48746299234642065;-0.41105558423016797;0.9320065564942376
587;-0.48971474395979603;-0.40669603108773744;0.9166611545211034
588;-0.4927057909704874;-0.4044379328366331;0.8988660992311024
589;-0.49600560749930145;-0.40316770846409444;0.8766475975086039
590;-0.4988622020334012;-0.40172080390053455;0.8525244495898983
591;-0.5010016614563496;-0.39996907825589234;0.825322074392348
592;-0.5029463674680338;-0.39719800020463436;0.7941112128719343
593;-0.5053000271803514;-0.39282484922854977;0.7602623957826351
594;-0.5081486585049805;-0.3868558261098078;0.7243458539694367
595;-0.5121339386267478;-0.3798499589766402;0.6864083796460758
596;-0.5176164081891566;-0.37176097896834814;0.6476573689796343
597;-0.5244670497575199;-0.36275298489577057;0.6079352489775365
598;-0.5333082335803667;-0.3529758330194942;0.5679837144746757
599;-0.543207348317395;-0.342200082188739;0.5279159853203704
600;-0.554075307884799;-0.33046657570645765;0.486822497910857
601;-0.5651603973219125;-0.31765761057478104;0.4463736466934198
602;-0.5763856665059968;-0.30413600496980675;0.40667899803059276
603;-0.5879249202223857;-0.289616227144432;0.36773629539202535
604;-0.5988429486569243;-0.27462362141474417;0.329657814137053
605;-0.6087579997922161;-0.2591635516392661;0.29311352872769025
606;-0.6174292848202445;-0.24333797664994106;0.25899917957408003
607;-0.6257067397694299;-0.22700616558092024;0.22765461506857393
608;-0.6337610262304367;-0.20999457901283525;0.19877303559845877
609;-0.6415639101010654;-0.19191736267939596;0.17305864125221132
610;-0.649424357159683;-0.17283738410351923;0.15093036433737644
611;-0.6578829303961443;-0.15278107364390303;0.13243734060699192
612;-0.6661257770845392;-0.13192113147535967;0.11814660095036633
613;-0.6754910373126323;-0.11051807967539096;0.1075834180549386
614;-0.6846933941531658;-0.08894314078515297;0.10124760970787117
615;-0.6946000427101104;-0.06753719496448918;0.0996717303333367
616;-0.7040330237034385;-0.046956909120513646;0.10185377117875333
617;-0.7135489938576773;-0.02736482588131417;0.10793551896912928
618;-0.7233063157745665;-0.008949780966115206;0.11747645023593778
619;-0.7335407050840332;0.008010931257025011;0.1300565320710384
620;-0.7443734308409985;0.023113151801930076;0.14496327646530743
621;-0.7547542609798447;0.03594220945408688;0.16140419599859507
622;-0.7647751360031598;0.04685674387700389;0.1790620119251179
623;-0.7754141319658084;0.05540569266477957;0.1981021158193556
624;-0.7867449979260481;0.06113596036167068;0.21719567665726391
625;-0.7973242710907752;0.0647134260574167;0.23601208544423558
626;-0.8075892677562099;0.0659576327593363;0.2535234723649052
627;-0.8188553526381163;0.0649561248738999;0.269431915150293
628;-0.8302466181633632;0.062394263281273066;0.2832527805618162
629;-0.8413688815174234;0.05858416775143904;0.2951923602531578
630;-0.8509511209507354;0.05388502464364242;0.305158386101593
631;-0.8593217722291822;0.0488970487343523;0.31294013692381095
632;-0.8654893622150942;0.04409264112509104;0.31877647545465904
633;-0.8695528843191827;0.0398220930568316;0.32310333567448335
634;-0.8718372506837867;0.03613152576142564;0.3260132375649517
635;-0.8724998358224163;0.03265672572017597;0.32783186813350507
636;-0.8722168377671845;0.02906805574557514;0.32878175122205583
637;-0.8714320179366402;0.024862396245914242;0.3294614430639256
638;-0.8707811373683356;0.019542792019058286;0.3303619693860646
639;-0.8700212854819175;0.01312152408955769;0.3308306189315729
640;-0.8685787134766391;0.0060485140893365985;0.33140123260714266
641;-0.8664470984123419;-0.0015906312387347077;0.33169142910547406
642;-0.8633604267982907;-0.009427850556570139;0.3317104764698099
643;-0.8589805564755212;-0.016976488928223787;0.33172894672517333
644;-0.8530860339466977;-0.024542110348261703;0.3312676406019692
645;-0.8457545822315005;-0.03196833621730588;0.33028665812047503
646;-0.8371393344347053;-0.03929668803377895;0.32835365300307345
647;-0.8280883873688701;-0.04623335562359476;0.32566284052175365
648;-0.8189011982727403;-0.05278143832497206;0.32209847086167687
649;-0.8098514069521816;-0.05879203230437824;0.3182441122581297
650;-0.8014191186342239;-0.06399017359444348;0.31391436396085337
651;-0.794193160034228;-0.0685197473334428;0.3094709401174408
652;-0.7880445941134266;-0.07245130875639572;0.3049383528281614
653;-0.7827684421291715;-0.07533273604888169;0.30086929734538864
654;-0.7779633025377013;-0.07749425181204028;0.29738935805891387
655;-0.7733780122247265;-0.07920956689173264;0.29445734416752617
