0;-0.515625;0.0048828125;6.404207487643619
1;-0.5419921875;-0.001953125;6.843253562172305
2;-0.568359375;0.0263671875;6.88933567189043
3;-0.580078125;0.06640625;6.966179326374613
4;-0.5849609375;0.0732421875;3.357309935375091
5;-0.5888671875;0.0478515625;6.8000285977551576
6;-0.5859375;0.07421875;3.059106275757847
7;-0.578125;-0.0146484375;6.7733000498209055
8;-0.568359375;0.0029296875;2.74587086512948
9;-0.5361328125;-0.0185546875;2.8885423738828484
10;-0.537109375;-0.0556640625;2.5179827082600785
11;-0.490234375;-0.0810546875;1.9666179173036586
12;-0.462890625;-0.150390625;1.5802240439372663
13;-0.45703125;-0.193359375;1.4553713667197123
14;-0.447265625;-0.2216796875;1.4571136540252694
15;-0.455078125;-0.287109375;1.2974337839023533
16;-0.41796875;-0.30859375;1.154564118378014
17;-0.388671875;-0.3203125;1.157402152525045
18;-0.4814453125;-0.3671875;1.0391814617354131
19;-0.44921875;-0.3212890625;1.21431250893944
20;-0.478515625;-0.3681640625;1.0512482457323344
21;-0.4775390625;-0.3349609375;1.0805872543974318
22;-0.458984375;-0.33984375;1.1202078459653484
23;-0.51171875;-0.3662109375;1.1120549703886915
24;-0.494140625;-0.314453125;1.2520549404798353
25;-0.490234375;-0.3046875;1.5038552545244013
26;-0.5234375;-0.3095703125;1.535289013915005
27;-0.5205078125;-0.306640625;1.5907814810403624
28;-0.53515625;-0.3251953125;1.835155624131353
29;-0.5400390625;-0.2783203125;2.166857838291531
30;-0.5361328125;-0.2861328125;2.3000832845287262
31;-0.5439453125;-0.3173828125;2.478553851655653
32;-0.525390625;-0.3388671875;2.9086688151327245
33;-0.4990234375;-0.345703125;2.890543073245325
34;-0.4755859375;-0.4111328125;2.5243717959849334
35;-0.4296875;-0.453125;2.7033595244675
36;-0.439453125;-0.4521484375;2.8438106494077533
37;-0.431640625;-0.5234375;3.2912832896762234
38;-0.412109375;-0.509765625;3.1289184076509122
39;-0.4267578125;-0.5048828125;2.6339700858961494
40;-0.427734375;-0.541015625;2.4850810582956866
41;-0.4541015625;-0.529296875;1.9122700570675681
42;-0.447265625;-0.525390625;1.620314365135904
43;-0.453125;-0.494140625;1.3933030651948801
44;-0.490234375;-0.4677734375;1.1098962140569029
45;-0.5419921875;-0.42578125;0.9081776597067219
46;-0.5458984375;-0.3681640625;0.7234634033385207
47;-0.5517578125;-0.2802734375;0.6527439094200724
48;-0.572265625;-0.2607421875;0.47784116706136204
49;-0.583984375;-0.27734375;0.34889330226601517
50;-0.60546875;-0.1875;0.35702399350382436
51;-0.61328125;-0.171875;0.20648634774302477
52;-0.6396484375;-0.171875;0.1777760854428906
53;-0.6572265625;-0.1591796875;0.2152630639657351
54;-0.658203125;-0.05078125;0.19767561857526972
55;-0.6484375;-0.1064453125;0.21154046393217213
56;-0.650390625;-0.048828125;0.24087875821682364
57;-0.66796875;-0.013671875;0.3152229414651818
58;-0.6669921875;0.0361328125;0.4147691621022153
59;-0.6904296875;-0.0185546875;0.5025682956133044
60;-0.66796875;0.0205078125;0.6110432580630054
61;-0.6474609375;0.078125;0.6692348879910268
62;-0.6806640625;0.0419921875;1.081342719158444
63;-0.671875;0.05859375;0.9841389076883084
64;-0.6923828125;0.021484375;1.1897239797183221
65;-0.6435546875;-0.0126953125;1.6783361946913429
66;-0.65625;0.0087890625;2.132137874685475
67;-0.6474609375;-0.064453125;2.0661027660301134
68;-0.6396484375;-0.041015625;2.4975273700516145
69;-0.6142578125;-0.1015625;2.810797291620545
70;-0.607421875;-0.0849609375;5.99827783579584
71;-0.6455078125;-0.115234375;6.217249055567094
72;-0.626953125;-0.0673828125;6.470908539062005
73;-0.61328125;-0.0966796875;2.7782675004109687
74;-0.6337890625;-0.0390625;6.214260237610338
75;-0.63671875;-0.046875;2.711212976590629
76;-0.650390625;0.015625;2.6793359491829345
77;-0.626953125;0.0234375;1.8513605627929879
78;-0.625;-0.0048828125;2.2279737444814622
79;-0.59375;0.05078125;1.9541963669392994
80;-0.609375;0.0205078125;1.7348482250662742
81;-0.5859375;0.0751953125;1.5426273743030814
82;-0.6044921875;0.07421875;1.4017099700016211
83;-0.5654296875;0.0546875;1.4443171986311807
84;-0.576171875;0.0341796875;1.5356600611397004
85;-0.572265625;0.0751953125;1.4605334412689777
86;-0.55859375;0.060546875;1.4363377593182054
87;-0.55078125;0.0341796875;1.367141913309913
88;-0.5166015625;0.0400390625;1.34846467668086
89;-0.5234375;-0.0439453125;1.5566364672577628
90;-0.509765625;-0.0517578125;1.3982068919554969
91;-0.515625;-0.0693359375;1.6815154231578942
92;-0.5390625;-0.06640625;1.6887663407759566
93;-0.5205078125;-0.0517578125;1.7971191953922725
94;-0.5576171875;-0.087890625;1.9457835787119901
95;-0.5556640625;-0.12890625;2.1004889021725157
96;-0.595703125;-0.17578125;1.9864827559896
97;-0.58984375;-0.1240234375;2.484366943708141
98;-0.58984375;-0.1455078125;2.7621122968817793
99;-0.673828125;-0.134765625;2.8809074476100105
100;-0.693359375;-0.1484375;2.9033775606607812
101;-0.7099609375;-0.1611328125;2.9621123247593797
102;-0.736328125;-0.2001953125;3.116691096373169
103;-0.74609375;-0.146484375;3.4961247446663717
104;-0.8125;-0.1552734375;3.038539798241497
105;-0.8330078125;-0.1025390625;3.4541740255216706
106;-0.8564453125;-0.0546875;2.4409042057907806
107;-0.865234375;-0.03125;2.6766467369996816
108;-0.888671875;-0.0400390625;2.552097772606273
109;-0.900390625;-0.056640625;2.4616807808860166
110;-0.8681640625;-0.0458984375;2.35552169184949
111;-0.857421875;-0.052734375;2.5880457927781504
112;-0.84375;-0.0751953125;2.416136378536099
113;-0.8193359375;-0.0703125;2.274229878393704
114;-0.849609375;-0.1201171875;2.590759394677119
115;-0.8330078125;-0.0712890625;2.585448933945663
116;-0.8642578125;-0.0322265625;2.4240379879659892
117;-0.8603515625;-0.0234375;2.3917164681657908
118;-0.853515625;0.00390625;2.000835745371687
119;-0.8427734375;0.01953125;2.8889646637383777
120;-0.8427734375;-0.0205078125;2.3093815388274725
121;-0.8310546875;-0.0029296875;2.3306768643731357
122;-0.8232421875;-0.0146484375;3.2297318520245275
123;-0.79296875;-0.0302734375;2.7542247930263963
124;-0.787109375;-0.05078125;2.4303363931344504
125;-0.7861328125;-0.0634765625;3.029072642888717
126;-0.78125;-0.033203125;2.4812713454122375
127;-0.802734375;-0.05859375;2.9544603336133863
128;-0.791015625;-0.0859375;2.51092792917288
129;-0.7958984375;-0.05859375;2.622246338917569
130;-0.833984375;-0.052734375;2.7024374882029765
131;-0.8291015625;-0.060546875;3.003541715328553
132;-0.8193359375;-0.0361328125;2.5899727917482886
133;-0.8076171875;-0.078125;2.5157915450607673
134;-0.7705078125;-0.1015625;2.8478483641193004
135;-0.740234375;-0.1396484375;2.8097137139009356
136;-0.7275390625;-0.154296875;2.539228338497578
137;-0.75;-0.1484375;2.5720569757257836
138;-0.720703125;-0.1435546875;3.5633396956188976
139;-0.7451171875;-0.134765625;3.2396681579641395
140;-0.7421875;-0.1396484375;2.7330726175664357
141;-0.7265625;-0.1474609375;3.1396016723871494
142;-0.7275390625;-0.0888671875;2.8262830385929196
143;-0.734375;-0.0947265625;2.9263372190800343
144;-0.74609375;-0.08984375;2.7592429010340207
145;-0.740234375;-0.05078125;3.020392599086024
146;-0.7509765625;-0.0498046875;2.819647019195589
147;-0.7314453125;-0.037109375;3.24419385249659
148;-0.73828125;-0.083984375;2.91003044384126
149;-0.7578125;-0.025390625;2.8116069269687696
150;-0.755859375;-0.029296875;2.651569952110856
151;-0.7431640625;-0.01171875;2.7710133030484556
152;-0.767578125;0.0107421875;2.8793020186133167
153;-0.7802734375;0.005859375;2.775524569737561
154;-0.7890625;0.0166015625;2.89606863567852
155;-0.7724609375;0.0087890625;2.6422569204331077
156;-0.7666015625;0.0029296875;2.8733762599836536
157;-0.7509765625;-0.0048828125;2.6910163165595904
158;-0.751953125;-0.01171875;2.91447270763774
159;-0.71875;-0.0244140625;2.8590770586153647
160;-0.7353515625;-0.0302734375;2.66324706092175
161;-0.7021484375;-0.0419921875;2.8087442029580503
162;-0.669921875;-0.0341796875;2.9846145709732372
163;-0.658203125;-0.0654296875;2.6853267549787825
164;-0.6630859375;-0.0419921875;2.7529168498379275
165;-0.6845703125;-0.099609375;2.9348484187264066
166;-0.638671875;-0.126953125;3.3370012072597546
167;-0.6435546875;-0.0859375;3.0913577976308466
168;-0.62890625;-0.1396484375;3.028324160608264
169;-0.60546875;-0.13671875;3.3644968163772426
170;-0.611328125;-0.16796875;3.1896381909979903
171;-0.5966796875;-0.16796875;3.247126570224563
172;-0.5966796875;-0.1611328125;3.2599077861834127
173;-0.5703125;-0.20703125;3.15385170277499
174;-0.6083984375;-0.17578125;3.243541693355595
175;-0.6162109375;-0.1640625;3.4330231696621616
176;-0.6171875;-0.162109375;3.752974768185727
177;-0.6318359375;-0.140625;3.895811813318267
178;-0.626953125;-0.0791015625;3.663691204467006
179;-0.6435546875;-0.0947265625;3.3314002447392363
180;-0.67578125;-0.10546875;4.421352303902192
181;-0.6953125;-0.1162109375;4.238384465634002
182;-0.7001953125;-0.0400390625;4.355629034665012
183;-0.73046875;-0.0302734375;4.8166544123418396
184;-0.7548828125;0.0009765625;4.783957088774303
185;-0.7666015625;-0.00390625;4.288684028097486
186;-0.783203125;0.015625;5.28396687265516
187;-0.791015625;-0.0087890625;4.385974287653224
188;-0.80859375;0.0048828125;5.377779362011219
189;-0.8251953125;0.00390625;9.328730060690036
190;-0.83984375;-0.0166015625;4.469405960767076
191;-0.828125;0.00390625;3.711687870444222
192;-0.841796875;0.001953125;4.0327879648123695
193;-0.814453125;-0.048828125;3.999611013893353
194;-0.8232421875;-0.0419921875;3.83867678508706
195;-0.8046875;-0.076171875;3.569834913134862
196;-0.826171875;-0.0556640625;3.517089776368151
197;-0.8095703125;-0.0498046875;3.239107625900682
198;-0.822265625;-0.083984375;3.2088154300082605
199;-0.8212890625;-0.083984375;3.0843101296308726
200;-0.7998046875;-0.0771484375;3.0607773378863308
201;-0.84375;-0.072265625;2.8693793234038742
202;-0.8212890625;-0.078125;2.6607241873733245
203;-0.84765625;-0.0517578125;2.910364239828056
204;-0.8154296875;-0.07421875;2.7372129540047756
205;-0.8349609375;-0.05078125;2.514885096917963
206;-0.783203125;-0.056640625;2.632564394247721
207;-0.830078125;-0.0703125;2.5914481656704216
208;-0.802734375;-0.083984375;2.4439471897277314
209;-0.8095703125;-0.0458984375;2.6188543001453812
210;-0.80078125;-0.021484375;2.456189790888478
211;-0.783203125;-0.03515625;2.5700725764309746
212;-0.7685546875;-0.0400390625;2.344579226936098
213;-0.7734375;-0.0263671875;2.515187775628058
214;-0.7392578125;-0.078125;2.44175243455987
215;-0.7353515625;-0.05078125;2.676142944094087
216;-0.7568359375;-0.0361328125;2.817405510973973
217;-0.71484375;-0.07421875;2.904813952658019
218;-0.7080078125;-0.05859375;2.428838544023174
219;-0.69140625;-0.07421875;2.8767815771673324
220;-0.693359375;-0.0771484375;2.8201056554896953
221;-0.7060546875;-0.064453125;3.3615117427784766
222;-0.6884765625;-0.0458984375;3.4164446398200354
223;-0.6884765625;-0.04296875;3.267483506692182
224;-0.6875;-0.05859375;3.4516783554361683
225;-0.669921875;-0.0341796875;6.755692555351021
226;-0.6865234375;-0.072265625;6.698153089103453
227;-0.68359375;-0.037109375;6.59751482684416
228;-0.708984375;-0.05078125;3.2354422065765154
229;-0.7080078125;-0.015625;6.843317405521328
230;-0.7099609375;0.0302734375;2.8287613974597585
231;-0.6796875;-0.01171875;2.8259962410309907
232;-0.7158203125;-0.005859375;2.101179488829393
233;-0.7041015625;-0.048828125;2.3011997663906643
234;-0.6865234375;0.017578125;2.0792826254408845
235;-0.7197265625;0.0107421875;2.2985605750740064
236;-0.7275390625;0.013671875;2.1578681755146047
237;-0.7216796875;0.060546875;1.7767584642352918
238;-0.755859375;-0.001953125;1.6086276300429758
239;-0.736328125;0.0556640625;1.7677710965955367
240;-0.75;0.037109375;1.5893114383972695
241;-0.759765625;0.087890625;1.63842717112783
242;-0.7431640625;0.0234375;1.4775044964092583
243;-0.751953125;0.033203125;1.5006316154238806
244;-0.755859375;0.017578125;1.6441045669935683
245;-0.7685546875;0.029296875;1.5093158834636171
246;-0.7666015625;0.037109375;1.4190610937508887
247;-0.755859375;0.0419921875;1.3638129615384798
248;-0.767578125;0.0068359375;1.3031120251108093
249;-0.7822265625;0.0283203125;1.2872879292723496
250;-0.77734375;0.0556640625;1.368782075023382
251;-0.79296875;0.02734375;1.290727529655003
252;-0.78515625;0.0263671875;1.2712967678449913
253;-0.78515625;0.03125;1.224589606452154
254;-0.81640625;0.03515625;1.2201340552673703
255;-0.794921875;0.0400390625;1.3359348943251401
256;-0.796875;0.0498046875;1.282476333595019
257;-0.796875;0.029296875;1.3049463117419426
258;-0.8115234375;0.0234375;1.2037345589488642
259;-0.7890625;0.0224609375;1.2157348440190239
260;-0.767578125;0.033203125;1.2578139851238985
261;-0.787109375;-0.005859375;1.3565473742419176
262;-0.7529296875;0.0146484375;1.5055818582191491
263;-0.7861328125;0.0224609375;1.3621557777752513
264;-0.7626953125;0.033203125;1.4197258550499943
265;-0.7685546875;0.0390625;1.5482888458897808
266;-0.740234375;0.01171875;1.3625015552333575
267;-0.7734375;0.0029296875;1.6010262966691116
268;-0.759765625;0.0234375;1.5981352066147443
269;-0.7607421875;-0.021484375;1.6920132866874311
270;-0.7685546875;0.0048828125;1.645910246314923
271;-0.7197265625;-0.03125;1.6062704766639524
272;-0.748046875;-0.0234375;1.6521791014666622
273;-0.7490234375;-0.0224609375;1.7805972780956374
274;-0.7236328125;-0.0595703125;1.8058084617876204
275;-0.7490234375;-0.009765625;1.9453249350664419
276;-0.740234375;-0.05859375;1.9226774035042473
277;-0.7392578125;-0.064453125;1.9439272359108037
278;-0.705078125;-0.0498046875;1.995287470419463
279;-0.7490234375;-0.0380859375;1.9687389316435555
280;-0.7216796875;-0.099609375;2.099111533624856
281;-0.6962890625;-0.0849609375;1.9766916271742396
282;-0.685546875;-0.05859375;2.221931112139196
283;-0.6689453125;-0.0390625;2.332522656512949
284;-0.6435546875;-0.068359375;2.3132084919887
285;-0.650390625;-0.080078125;2.6151186815899425
286;-0.6728515625;-0.0693359375;2.445977586705774
287;-0.6494140625;-0.0908203125;2.6265578718908835
288;-0.6572265625;-0.0947265625;2.3206519948562576
289;-0.6396484375;-0.05078125;2.7083314589589054
290;-0.587890625;-0.0849609375;2.7919646890204657
291;-0.5908203125;-0.09375;2.961677914887147
292;-0.607421875;-0.1005859375;3.0191010683601633
293;-0.55859375;-0.0966796875;2.872246733804409
294;-0.5673828125;-0.109375;2.990249461033201
295;-0.56640625;-0.1103515625;3.18910448146438
296;-0.501953125;-0.1181640625;3.4013814921382965
297;-0.4892578125;-0.1787109375;3.4299226383161323
298;-0.501953125;-0.1396484375;3.480749117559136
299;-0.49609375;-0.1708984375;3.7295166571051492
