0;-0.6183859367611828;0.1124766569950314;8.110480424572183
1;-0.6218337247501431;0.1156778202355816;8.22320312403479
2;-0.6254079280469831;0.11937184251730759;8.342267423773585
3;-0.6290593527718971;0.12356304457559797;8.458549402114507
4;-0.6326928564535458;0.12812846015061496;8.56345631677347
5;-0.6362460620220234;0.1328002592763876;8.65518956941435
6;-0.6397423245821747;0.13738726243478983;8.735647140343069
7;-0.6432525139169736;0.14181243449917247;8.807323937793925
8;-0.646900338833974;0.1460821946872563;8.87320202953994
9;-0.6508309326279595;0.15027429761681188;8.937190641245898
