0;-0.7253723393863195;-0.5201092088320939;0.3558692162054572
1;-0.7363457060411798;-0.5167593124030571;0.07864986631517357
2;-0.7471835791552461;-0.5138693995305182;0.07518029719053376
3;-0.7577931194721728;-0.5110447038788496;0.07445358201278218
4;-0.7680727553646571;-0.5085115022731186;0.2771067967806985
5;-0.7780116210727226;-0.5054678891005364;0.05491866703727377
6;-0.7875516754066089;-0.5030874527357587;0.05462093794188272
7;-0.7966518082333656;-0.5008205253225259;0.07541924264397337
8;-0.8052961183130641;-0.49863882075485055;0.07529867467892382
9;-0.8134791346539356;-0.4966295640692523;0.07522165615908583
10;-0.82120626311729;-0.4945415956575564;0.27262068884387747
11;-0.8284814824184249;-0.49285313819582616;0.3461808240468134
12;-0.83531310436783;-0.49128028302506616;0.3447049029486101
13;-0.8417080659552557;-0.4903015365034104;0.07546024193991074
14;-0.8476785523951722;-0.4885286801017862;0.267830867327815
15;-0.8532253098691307;-0.4881274655633112;0.07621998722482504
16;-0.8583500338976425;-0.48647555572075407;0.26562587727702236
17;-0.8630576839713193;-0.4875377551572705;0.06528095313713367
18;-0.8673328152046227;-0.4860907721370339;0.07854754066999992
19;-0.8711615302678499;-0.48468300012251214;0.3350910775446704
20;-0.8745258130508704;-0.48559112680506866;0.08089324386688534
21;-0.8774335755282766;-0.4867424124213906;0.07485313078796907
22;-0.8798469076059908;-0.48431309446483123;0.261651488967681
23;-0.8817491259361585;-0.4846248271218968;0.3314600370296692
24;-0.8831266655356517;-0.4851065758676947;0.3306319036368538
25;-0.8840032478451756;-0.48869859911507185;0.08650337058049729
26;-0.8843555625777184;-0.48669311057982245;0.3288402357026018
27;-0.8842283706123348;-0.4907381408247572;0.09260574648219888
28;-0.8836251739320343;-0.49111813917349123;0.0932038403254879
29;-0.8825546221333601;-0.4905280946554148;0.3252376598118081
30;-0.8810535125449794;-0.49217712526329305;0.3236387866505862
31;-0.879212180009185;-0.496795399805929;0.09401629500072273
32;-0.8770657586798473;-0.49798997171038617;0.09537872503683797
33;-0.8746314970545538;-0.4979692359184776;0.31719001771984645
34;-0.8719678897295476;-0.5001178580157343;0.31441543475837475
35;-0.8691870369372996;-0.5040373909923728;0.0962519376993537
36;-0.8662849874644851;-0.5046166133517249;0.30787463955547156
37;-0.863315883661803;-0.5069167168850417;0.3041213127030715
38;-0.8603294221866313;-0.5092311136182267;0.30006988307576143
39;-0.857370184388002;-0.5115337035510261;0.2957487581677295
40;-0.8544772921631163;-0.5137999436265641;0.2911932260340241
41;-0.8516843698105125;-0.5160070758245482;0.2864436528549177
42;-0.849157054849148;-0.5176256733168157;0.08122412053976513
43;-0.8467598404298904;-0.5201254266127472;0.2765383554054871
44;-0.8446682699955499;-0.5207401957359452;0.07618542622551616
45;-0.8428801653009543;-0.522117102414865;0.07302570066260472
46;-0.8413894126649586;-0.5233627384428672;0.06899413293420387
47;-0.8400481319832134;-0.5262945982486323;0.1949963513443842
48;-0.839009073109841;-0.5254757736325978;0.06362347279106584
49;-0.8382613669078909;-0.5263116087463808;0.059923320225640286
50;-0.8377943439263813;-0.527015857736661;0.057737258375168965
51;-0.8375997317011821;-0.5275517033514175;0.054372904404721534
52;-0.8376704346677676;-0.5279325347959444;0.051792991529204024
53;-0.8378330086329568;-0.5312293421418275;0.2280276667589498
54;-0.8381506128578302;-0.5306225902050722;0.16416697284383364
55;-0.8387683533194602;-0.5279779702656135;0.04491094847618149
56;-0.8396312370229351;-0.5283589382229653;0.08043174327780467
57;-0.8407868716771688;-0.5270626766027922;0.041368456168151324
58;-0.8421543854612059;-0.5275211941390543;0.09543102052368746
59;-0.8436444498780906;-0.5283252089472696;0.2037545386487355
60;-0.8452722947170653;-0.5271071236391425;0.20006481832939937
61;-0.8471536254737135;-0.5238643917106107;0.08066807524274455
62;-0.8493464357862489;-0.5213716323226602;0.03396335080007129
63;-0.8517645252540295;-0.5207451009707825;0.08193852961529668
64;-0.854470369657242;-0.5178786367922199;0.03191414994422603
65;-0.8572813392419657;-0.5183796115033739;0.1829353142951331
66;-0.8603622720204237;-0.5138478656165146;0.030337326754653948
67;-0.8636900164140913;-0.5116820457620956;0.02966031179263595
68;-0.8670842925143437;-0.511631132150485;0.1736269723612237
69;-0.8705425605754366;-0.5092810213054868;0.1706716989238911
70;-0.8742052574602979;-0.5048331045768237;0.028440382324848246
71;-0.8778915517937564;-0.5046078448097953;0.1649639959373368
72;-0.8817307641482973;-0.5002524505539586;0.02811194253547511
73;-0.885684582087827;-0.498048726162163;0.028084533519310062
74;-0.8897121878221962;-0.4959366576822494;0.028186840802747914
75;-0.8936733933889632;-0.4953432486032876;0.10224446908751761
76;-0.8975351972136263;-0.49350115878369305;0.10013948254137572
77;-0.9013527678809012;-0.49046249454418434;0.028773761303218293
78;-0.9050797028234684;-0.4889846026901383;0.029178290440256993
79;-0.9086701678002862;-0.48772890585733386;0.029571984675166196
80;-0.911955770967361;-0.4886926507645417;0.13443251640157927
81;-0.9149086689033075;-0.4880448221541096;0.139694313414661
82;-0.9175294703425436;-0.4871019520108574;0.11780439210993943
83;-0.9198941380893095;-0.4850365329190267;0.03137029376199907
84;-0.9219781642060472;-0.48494435039547357;0.031925713421886326
85;-0.9236431002343478;-0.48748872045983477;0.14714242600553484
86;-0.9248895291351817;-0.4879330590518411;0.14938455543806095
87;-0.9258364459701841;-0.4860374248775525;0.03328075157644872
88;-0.9263886363316105;-0.4889567914836245;0.13022527510451176
89;-0.9265429338836789;-0.49039208234725806;0.15516551166854753
90;-0.9263628388910533;-0.4902101830096737;0.0761784209236307
91;-0.9259319060272512;-0.49002423440239806;0.034531305416920954
92;-0.9251840957028453;-0.49360546838087677;0.13548854772832364
93;-0.9241358460218017;-0.4954479847195663;0.16008839113426587
94;-0.9228596997429742;-0.4954497018024005;0.0719235529872313
95;-0.9213694071216365;-0.49785545407411924;0.13723149508954702
96;-0.9197756979217807;-0.4970990210879831;0.03454558913576866
97;-0.9180541387792989;-0.49977238913721583;0.0699572563314026
98;-0.9162908088591598;-0.5000452242735792;0.033996790668527344
99;-0.9144420441813709;-0.5033138800228063;0.11331867594045464
100;-0.9125469822265757;-0.5045583676583689;0.1133146428792533
101;-0.9106633613780537;-0.5050570498630091;0.06935362660127964
102;-0.9088571140745237;-0.5053132111813141;0.031921866151960576
103;-0.90715084826122;-0.5064351882937488;0.03140231327403786
104;-0.9055330506122492;-0.5085617333174933;0.11549329032992817
105;-0.9040345715751372;-0.5092576102485423;0.11659568782155294
106;-0.9026888032765341;-0.5098879915656068;0.1480250682741523
107;-0.9015129320531916;-0.509698166826996;0.027797244517286157
108;-0.900528421915352;-0.510493640596103;0.12118771378974513
109;-0.8997285173853087;-0.5105565218708149;0.02585030156594814
110;-0.8991521850164192;-0.510594226512734;0.13638918591085836
111;-0.8987617856832473;-0.510894145232764;0.024011025046884016
112;-0.89860984256504;-0.5101676690725668;0.12979640542038873
113;-0.8987087334505686;-0.5096810835916964;0.13249520917768176
114;-0.8990559490315981;-0.5091153862671078;0.13516500945462218
115;-0.8995442776504984;-0.510036568891795;0.020102967515505665
116;-0.900276476772388;-0.5076469258415914;0.1407563365107075
117;-0.9012005287025522;-0.5074752319281863;0.09149716538457553
118;-0.9022078912866351;-0.5082674233000255;0.01754522318702545
119;-0.9032854339738892;-0.5075253175683265;0.01684914870821863
120;-0.904417927233339;-0.5067491131942068;0.01618035138695162
121;-0.9057085260845101;-0.5035581984585276;0.1005646297212589
122;-0.9071857845186422;-0.5013245573377719;0.1581201840735269
123;-0.9086315444029444;-0.5041827533404082;0.014655153874474025
124;-0.9100323953047226;-0.5032862383718184;0.014270924382590033
125;-0.9115229861616446;-0.4990879353935393;0.10932286018246029
126;-0.9130210623122551;-0.49906047120725683;0.07012101332965148
127;-0.9146269781924952;-0.49544344610924695;0.1712958357691865
128;-0.9160838932623947;-0.4998265254093376;0.013345235279551115
129;-0.9173885104938813;-0.49904481957532876;0.013253756750065793
130;-0.9187680907899063;-0.49243634144262294;0.17788112836203018
131;-0.9199596711775626;-0.4976515398254353;0.013212761800560302
132;-0.921066121155887;-0.49437262921245423;0.06235290717243436
133;-0.9219811256311379;-0.4965277480765691;0.013325761119439727
134;-0.9227104862880379;-0.4960889586187488;0.012998124697883084
135;-0.9234334501257994;-0.4907263162768719;0.1251684753820519
136;-0.9239613520562862;-0.49543842179495506;0.013189595951301647
137;-0.924306476731146;-0.4952252428791403;0.013794171919094933
138;-0.9246533194806442;-0.48975115671104386;0.12720842361076934
139;-0.9248196592795122;-0.49503479950984053;0.01402455234179767
140;-0.9248230842360683;-0.4950491189904003;0.01411058623343131
141;-0.9246805554652655;-0.4951430283014432;0.013596062054514468
142;-0.9244086965495178;-0.4952892543723862;0.014186646417904458
143;-0.9240236243147677;-0.49550254044051045;0.014164001946065374
144;-0.9235410473027041;-0.495769473709391;0.014094473987925848
145;-0.9232055884505947;-0.4881697091191033;0.186054978100629
146;-0.9229049950890753;-0.49248287967329596;0.08113673342874672
147;-0.9225167272997871;-0.49681653727718067;0.012995223781161358
148;-0.9220628286049116;-0.4972204404485993;0.013333745256637108
149;-0.9216860293624005;-0.4937859888683701;0.08380496347521926
150;-0.9212672412615691;-0.49812080852550567;0.012128084467763034
151;-0.9209423561784933;-0.49479953973985;0.08586659578673528
152;-0.9206840704911174;-0.49629807208204135;0.06860398207575835
153;-0.9205198615330294;-0.49591873034347395;0.08814276324456427
154;-0.920505228486879;-0.4930301032200122;0.16763449716791023
155;-0.9204715721900478;-0.5005260334998411;0.010786644737810769
156;-0.9205374112007475;-0.4962351642020004;0.10460478466750911
157;-0.9206053917471784;-0.5015091370563385;0.010077343771432212
158;-0.9206934440297755;-0.5019922622399121;0.00940108923537275
159;-0.9208889664358939;-0.4995750252000609;0.096163107977708
160;-0.9212172122227662;-0.4976413164938859;0.15019457068823783
161;-0.9215743144009501;-0.5033020468865079;0.009070038071551045
162;-0.9220189287659251;-0.501832483053325;0.08048103096207837
163;-0.9225078479118516;-0.504030046580519;0.008827758990463841
164;-0.923049445062679;-0.50432920138257;0.008773540469291019
165;-0.9236487679735377;-0.5045791550068621;0.008761208061366266
166;-0.9243435140901799;-0.5032660209642512;0.0859343904789891
167;-0.9251550046030486;-0.5016062457184025;0.13126517901670698
168;-0.926072108410144;-0.5019434502548947;0.12895567786671025
169;-0.9270305939761183;-0.5050538602511371;0.009062839724548133
170;-0.9280312909062951;-0.5050302900105891;0.009205486116123485
171;-0.9291077956240336;-0.5032100270797144;0.07245071569075612
172;-0.9302656860999983;-0.5025913110763673;0.12098287161058441
173;-0.931447833893166;-0.5046066865833703;0.009721680397680954
174;-0.9326723479033592;-0.5034547661127595;0.09557013150863158
175;-0.9339383927903895;-0.5028237208163028;0.06743738593367432
176;-0.9352051562596051;-0.5037092740149471;0.010546802825273094
177;-0.9364920942717163;-0.5023821586160602;0.1202511154597593
178;-0.9377874839107102;-0.5020314951546178;0.12107318548092794
179;-0.9390736245829847;-0.5018406424334539;0.09970549409674667
180;-0.9403178769780688;-0.5020509131676446;0.011252847881477734
181;-0.9415433498375779;-0.5007822534550544;0.06294907259555638
182;-0.9427396691619416;-0.5003750894642441;0.06251807337542337
183;-0.9438608813968281;-0.5007424971484333;0.01123807361535234
184;-0.9448964381027121;-0.5003409122626553;0.011656966011865721
185;-0.9458687979979694;-0.49929485050215194;0.12446776895863976
186;-0.9467918316589148;-0.4985872391050109;0.10884304378949083
187;-0.9476312238138707;-0.4986849605524478;0.1246164233602235
188;-0.9483390688920218;-0.4991299528828166;0.011650366101578213
189;-0.9489376991351879;-0.4984224309406831;0.1020314268274446
190;-0.9494290788039434;-0.49814248067558137;0.1240746832713252
191;-0.9498438202069741;-0.497587839979382;0.1095639967209564
192;-0.9501776626794592;-0.4975467535113912;0.10998173394101018
193;-0.9503806547936291;-0.49813766292055794;0.12253343183630627
194;-0.9503933265354804;-0.49906542823723776;0.010367988309449294
195;-0.9502102709618123;-0.4993032619129609;0.010086496599455597
196;-0.9498255301502194;-0.49962911060489956;0.010053523830175548
197;-0.9492328715022871;-0.5000419734686038;0.009679888606782372
198;-0.9485415959196064;-0.4990614805645197;0.06561056779640884
199;-0.9477534044182634;-0.49946247558686174;0.06639417099576006
200;-0.9467305591995404;-0.5016851969713553;0.008063914972403774
201;-0.9456728107446558;-0.49973844070066487;0.11787811270518334
202;-0.9445869224518137;-0.5001839310394119;0.11926677392265861
203;-0.9432374695722653;-0.5037700375421424;0.006376383869319935
204;-0.9418887240000379;-0.501106103578697;0.12240591892917696
205;-0.9403303243892643;-0.5042704413725977;0.08359273233001041
206;-0.9384910504456451;-0.5061720024060408;0.004455321570886128
207;-0.9367093357602583;-0.5024924716099132;0.1281371183241542
208;-0.9346274067721744;-0.5079411884460845;0.003159508718202142
209;-0.9322477777780762;-0.5088738209707204;0.0025479598172656326
210;-0.9295712842931403;-0.5098660952866126;0.001985744801128897
211;-0.9265968377267845;-0.510930766643357;0.0015428952956106912
212;-0.923396576171503;-0.5105453921749336;0.06624642139613235
213;-0.9198909158470793;-0.5132011868785571;0.0008533571813621466
214;-0.9160806647264965;-0.514403201772223;0.0007848454234899993
215;-0.9119659940318284;-0.5156910151612658;0.000932941856350622
216;-0.9075477320749255;-0.5170518407965603;0.001355537212995639
217;-0.9028921730699768;-0.5166464630077163;0.0537639733150963
218;-0.8979314746568321;-0.5200029929031753;0.003260521223658719
219;-0.8927318652365377;-0.5196335909942075;0.050018552367160796
220;-0.8872935373273918;-0.5212825291748053;0.04865323286444434
221;-0.8815608664650861;-0.5251234678672392;0.009483285979311473
222;-0.87555043000067;-0.5269904991095471;0.013220083264451454
223;-0.8700563606536273;-0.5088737660934446;0.14373766826146117
224;-0.8642526802623326;-0.5309347844611637;0.022484743909446214
225;-0.8581899468602461;-0.5329909257279617;0.02847049974955196
226;-0.8528045965924179;-0.508790392314673;0.17546772504796015
227;-0.8483309401187556;-0.5022396568376236;0.2534888861028688
228;-0.843568829485008;-0.5388806438244125;0.05277238562730824
229;-0.8386604688392485;-0.5407011934274363;0.06248248485634922
230;-0.8337546472665471;-0.5425797995870565;0.07481288186949131
231;-0.8299770985314159;-0.5066520890658093;0.2514321027811217
232;-0.8265245691803468;-0.5368786385252373;0.09510950197402068
233;-0.824382400482458;-0.504414548554725;0.28937486980378035
234;-0.8226110510653784;-0.5478238787824188;0.1319075317384799
235;-0.8225760103932338;-0.4899333361836923;0.39827037756369654
236;-0.8231142428758373;-0.5480419789553199;0.16419297717657633
237;-0.8253180737902762;-0.49586464931590235;0.370118716137115
238;-0.8292831804313123;-0.48011021326977965;0.45866286673988066
239;-0.8339714535979438;-0.5441065327730567;0.21037269521695245
240;-0.8402111271918752;-0.48562223963724505;0.42490023370624863
241;-0.8472264094035241;-0.538679528485526;0.23553826113364962
242;-0.8555762642639095;-0.47727200096542244;0.45369331520046585
243;-0.8650084165749938;-0.45796698567761385;0.5356957106792624
244;-0.8747613716683925;-0.5274954487980973;0.25925794109223643
245;-0.8846872213731185;-0.5231162549887528;0.2612431794429263
246;-0.8945362585967731;-0.5192245861272295;0.2624535617427747
247;-0.903998740065924;-0.5159790716251477;0.2631053214701501
248;-0.9130358330131845;-0.45322342499489293;0.48261253239628477
249;-0.9210405300188187;-0.5101890665914659;0.2549975027048771
250;-0.927801881657419;-0.507904183737367;0.24649383561004024
251;-0.9332123280175111;-0.5066388832342922;0.23834868188426195
252;-0.9375442520155292;-0.4472619300902182;0.45019623070311465
253;-0.9406702847538186;-0.5061969622331395;0.2212839653467148
254;-0.9428105229305043;-0.5065583514621377;0.2115343797439545
255;-0.9442068514260923;-0.5070986052004207;0.20057854232581995
256;-0.9450578377467778;-0.47560790984150214;0.1542685745696184
257;-0.9456350669690797;-0.5089919567916453;0.18575594462700495
258;-0.9460678678403965;-0.4771272451640072;0.14651499666514722
259;-0.9464833296937858;-0.48710105672920423;0.13844831191384432
260;-0.9471542400698428;-0.45692173955554816;0.3599753334511525
261;-0.9478972980085487;-0.48893882800949884;0.13384159408801588
262;-0.9487481908669306;-0.48134669953833625;0.13775585488872244
263;-0.9497157001011762;-0.5113329370597502;0.15991674570328807
264;-0.9507691082563052;-0.5112502277320978;0.15732482944863535
265;-0.951909036854302;-0.46216478660127647;0.3375751356074468
266;-0.9530727421634215;-0.5097479901506703;0.1554025798714025
267;-0.9542016374934292;-0.4637545865631947;0.33408031513981695
268;-0.9552168084520078;-0.45103516658230713;0.401332553879423
269;-0.9561244027489589;-0.4836819943598312;0.12974131523984256
270;-0.9569957217203657;-0.5059999614412244;0.15186659943502823
271;-0.9576893113896148;-0.46754028797440206;0.3316827115379116
272;-0.9583462750618552;-0.503789159960258;0.15037797264029096
273;-0.9589748930701084;-0.5026858300899013;0.14964807122239376
274;-0.9593836155734514;-0.4698019843659541;0.33187407812177183
275;-0.9596947355466537;-0.4875191007706007;0.11702608168222328
276;-0.9600023726176551;-0.4995460863083174;0.14747738291507584
277;-0.9600773709088717;-0.47179889165669214;0.33253912023552734
278;-0.9601606567005363;-0.4976999573180231;0.14604281131799102
279;-0.9599419946219492;-0.46530536642817255;0.40315107195247124
280;-0.9594349831729148;-0.46662617658448363;0.4034634428144024
281;-0.9588050040858274;-0.48222416240032734;0.11577215324397017
282;-0.9581998882270517;-0.49524077592906113;0.1424347253039947
283;-0.9576065787498578;-0.4947492210493194;0.14168565387897913
284;-0.9570031844730169;-0.49410382141059395;0.1417208826812576
285;-0.956369194619947;-0.4938248864158299;0.14097437430543824
286;-0.9556820731900475;-0.4936494272791419;0.14020823783655567
287;-0.9545418252863224;-0.47583548455679264;0.4028566875374824
288;-0.9529513284039671;-0.4772785327365891;0.40231653017228475
289;-0.951281410567099;-0.4938421299116834;0.13778517197240103
290;-0.9495130241755347;-0.49414728463399676;0.13693808828017773
291;-0.947215112394746;-0.4823244623019195;0.40009705490229996
292;-0.9448123829849289;-0.49510221833737383;0.1351967882912909
293;-0.9422983912521353;-0.49573995708429974;0.13430652145818134
294;-0.9396775667387705;-0.49655256589120866;0.13242173933290458
295;-0.936573956733491;-0.4919377861954003;0.3240683166807923
296;-0.9330856938560924;-0.4946353110225713;0.10791444125017513
297;-0.9290222353314784;-0.4942163397363737;0.3938011706102399
298;-0.9247026239286109;-0.49853921705387094;0.10096928758365775
299;-0.9201514066164094;-0.5001662761466321;0.10050422928306768
300;-0.9152386852093851;-0.5015756176156373;0.3183233843778759
301;-0.909844823475372;-0.50376263964528;0.3892468226079109
302;-0.9043493519694659;-0.5051309379814711;0.0991298690174861
303;-0.899137457620695;-0.5050479870139779;0.12465549776375628
304;-0.8936941475621574;-0.5094458954084906;0.3143722612973753
305;-0.8886317970184521;-0.5065770444457558;0.12437404295669141
306;-0.8834788219811891;-0.5118176761605531;0.10404498314125599
307;-0.8788091475332704;-0.5074709542219931;0.12245800910990312
308;-0.8739895791901615;-0.5152125716608773;0.3120422358898234
309;-0.8697300592712119;-0.5078916347815482;0.12285576430115863
310;-0.8653457073511412;-0.5170303048527367;0.3117629344591665
311;-0.8608706198322402;-0.5176970915360325;0.3118952569341159
312;-0.8570847122391123;-0.50695259726029;0.12203772745523545
313;-0.8539689194126956;-0.5064652961027393;0.12324767919032353
314;-0.8515072856336257;-0.5056600554172006;0.12371457272075725
315;-0.8485682045360268;-0.5235716111899573;0.3866676111200291
316;-0.8463220290791588;-0.5035713555723361;0.1251502703231262
317;-0.8447429966838491;-0.5021032478886245;0.12526844154784278
318;-0.8437841400110655;-0.5007167083628012;0.12643690659537088
319;-0.8424788371697483;-0.5162729012450445;0.32100106150349217
320;-0.8410746056087062;-0.5116339950630364;0.10501572629770106
321;-0.839568575629096;-0.5104863354622509;0.10580010124295769
322;-0.838628791395738;-0.49473471523900614;0.13399638984689344
323;-0.838173030000989;-0.49313415904365543;0.13622248214109234
324;-0.8381140657003394;-0.49160458640083826;0.13868353029472136
325;-0.8373888691588549;-0.5111236034906883;0.33917420261965603
326;-0.8356801508833646;-0.5181378345711927;0.41632756523145054
327;-0.8330186490445499;-0.5179121851587711;0.42087479698751606
328;-0.8307221952366044;-0.4866957260070803;0.1510212375117379
329;-0.8276736199017146;-0.5098773853074242;0.35759400266464225
330;-0.8248587045420115;-0.48542962299770254;0.15877878600448248
331;-0.8211382642608643;-0.5106815910612855;0.36876637372409127
332;-0.8169298815499958;-0.5018376414266436;0.12398779464915921
333;-0.8127704645134304;-0.48584442637985725;0.17244625007018322
334;-0.8072027149318236;-0.5229224559374435;0.4617200086721973
335;-0.8016087231331691;-0.48794986928452466;0.18288416273460362
336;-0.7953665135495158;-0.5056815771459463;0.13506171940377543
337;-0.7879296365295201;-0.5206024077878213;0.40972511593801353
338;-0.7790361903398022;-0.5325715420618968;0.49158028319302005
339;-0.768756022226469;-0.5360494040888737;0.4997030131390018
340;-0.7580482390592151;-0.5154206966416957;0.14782092202782826
341;-0.7460333148789614;-0.5441587851611837;0.5167082906054334
342;-0.7337454642297675;-0.5223521193380087;0.1546893991552264
343;-0.7216528080917081;-0.5116209797633174;0.23429061898023407
344;-0.7084254612118943;-0.5582780141104298;0.5440623049439908
345;-0.694236183002008;-0.5633808107147897;0.5536360069769597
346;-0.6804145289366457;-0.5341958971277615;0.17246595789297436
347;-0.6673024307641053;-0.5288760690907326;0.2646119774526493
348;-0.6536227206141747;-0.5787812668270044;0.5834656953896209
349;-0.6396255491257814;-0.5836783395230027;0.5936628245152212
350;-0.6268646439884594;-0.5436229162326947;0.29164282310349143
351;-0.6141869447091929;-0.5926462965681734;0.6141115713873202
352;-0.6018700419705008;-0.5964967277498818;0.6242212677792951
353;-0.590189873045148;-0.5998446838148768;0.634146535444957
354;-0.5794158584206613;-0.6025724720019126;0.6437959290846814
355;-0.5698048588970964;-0.6045679200943413;0.653070722884979
356;-0.5615942259998589;-0.6057281058251011;0.6618671634017314
357;-0.5561673239100988;-0.5563665753144199;0.354120628557143
358;-0.5524031820652517;-0.6050043634199351;0.677521696820382
359;-0.5515258848145959;-0.5547262168455313;0.3701563093883896
360;-0.5534921200337929;-0.551702886751406;0.3769556950176962
361;-0.5582506527782563;-0.5459014021844307;0.3827093231788241
362;-0.5647241130220677;-0.5827017151986633;0.6284145378901245
363;-0.57367755553523;-0.5375500288210866;0.39201055834197995
364;-0.5848935703966087;-0.5291669163820333;0.3949449175620837
365;-0.598015570734803;-0.5243984046455312;0.39714434991725645
366;-0.6127261835707568;-0.5149894118185343;0.39821757362501276
367;-0.628626385815642;-0.5074333220731462;0.39861553609079325
368;-0.6445734674689113;-0.5380550108892729;0.6920642298321655
369;-0.66038738667683;-0.5243728076577657;0.6214004487872983
370;-0.6763573322648282;-0.4840323723262584;0.39715359429481956
371;-0.6922336762529386;-0.47064922188555075;0.29943361555606574
372;-0.7074084738797043;-0.4720657711100278;0.3969374052878334
373;-0.7217029615778618;-0.4592930005584174;0.3066902448848108
374;-0.7344363330459232;-0.48320384089790247;0.6631010027822969
375;-0.745580550993075;-0.4762112305288769;0.6599127640109497
376;-0.7553127618902868;-0.44576045925032626;0.3399833778034512
377;-0.7634013510635511;-0.4499051546230467;0.4143555175118334
378;-0.7698784571976057;-0.44258385262818845;0.3659612341593611
379;-0.7747077329021079;-0.4473864615232048;0.4324615548325489
380;-0.7781341396560473;-0.4542881566521183;0.6668059468166081
381;-0.7801817848462199;-0.44802146358346195;0.4565457094725963
382;-0.7809966063072861;-0.4478345836611134;0.46905857653497696
383;-0.7809335120188334;-0.4506434346649387;0.6903881056965806
384;-0.780146411522247;-0.4506930550070444;0.7003781969063599
385;-0.7785538396140415;-0.45441566290690477;0.5117904814956971
386;-0.7764601014501182;-0.4524158915361917;0.7214854111034863
387;-0.7737710246842888;-0.46038462837653815;0.5380339005305467
388;-0.7705939817090344;-0.4638315539854362;0.5494979463512588
389;-0.7670439108267313;-0.4682832108329141;0.5609543685180911
390;-0.76335163722468;-0.4609716154671899;0.7123942324872002
391;-0.7595875272838697;-0.46415763506607344;0.7199145248648231
392;-0.7557475389184206;-0.47976198759647165;0.5805286688802125
393;-0.7519765388531952;-0.484334550133802;0.5858545554318445
394;-0.7484149063376014;-0.48848789030411865;0.5884097065733724
395;-0.7450066264663924;-0.5095117223704225;0.5474583829724486
396;-0.7420811223657939;-0.48592609111611096;0.7894547567395616
397;-0.7396579425807438;-0.5181421926739478;0.5431911948017172
398;-0.7380168665865405;-0.5036604480041484;0.5867510796695374
399;-0.7372276468640183;-0.5067355056449049;0.5862043584863601
400;-0.7371759146725202;-0.5307805913759358;0.5326177086248867
401;-0.737910717446022;-0.5334888158076766;0.5280693842309149
402;-0.7395878352981055;-0.5130484762365762;0.5785897598471594
403;-0.7420419370533806;-0.5351536421178567;0.5190187666832861
404;-0.7452023735699225;-0.5381052884879651;0.5133698991471287
405;-0.7491162518276544;-0.5067717707130914;0.7462094491618451
406;-0.7537423729891927;-0.5148933570519411;0.566077085979477
407;-0.758851100263646;-0.5355510580963847;0.5000174831390456
408;-0.7643186518637209;-0.536969545184423;0.4936529246802164
409;-0.7701907961506047;-0.5066571336900871;0.7467377310933809
410;-0.7762605015658546;-0.5317408759486721;0.486550401769854
411;-0.7825763737350442;-0.5090315249670962;0.5539376571451299
412;-0.7890619082146052;-0.5037069579672496;0.7467568077225266
413;-0.79565411539207;-0.5056129725189469;0.549019614513277
414;-0.8022636591192319;-0.5065865469637959;0.8068946948850942
415;-0.8088622548363351;-0.5052122471025798;0.8069730597950893
416;-0.8154707550425084;-0.49840214877022737;0.7452271219572155
417;-0.8220429491990822;-0.4984349535361688;0.5396250186213547
418;-0.828553378081357;-0.4968805672903914;0.5366760256589524
419;-0.8349691840825588;-0.49937762939591457;0.805456094615111
420;-0.8412922466350854;-0.49787507227769795;0.8046854250665797
421;-0.847347949700676;-0.5117462435589746;0.4452153015141366
422;-0.8533523075100251;-0.4900206618005759;0.5294624658463953
423;-0.8592803674898907;-0.4933570314714405;0.8019612705008535
424;-0.8651583083594592;-0.486941463868757;0.5265360327977662
425;-0.8707731741282976;-0.5044605998757719;0.4385300149615423
426;-0.8763464364053415;-0.4842704217047599;0.5240787623282007
427;-0.8816560540105676;-0.5013411327370259;0.43730012590187317
428;-0.8868980937651771;-0.48620535221435907;0.798815200418217
429;-0.8920559016481732;-0.48490822694464164;0.7988192413671751
430;-0.8971316544474757;-0.4793368312323109;0.5243742654989174
431;-0.9020775212231376;-0.4825558301437003;0.799734889743781
432;-0.9069197929023365;-0.47694829084023704;0.7369199516030817
433;-0.9115996163061841;-0.4764114379328266;0.5289744844202917
434;-0.9160879152907234;-0.47594808793969984;0.5304807246839506
435;-0.9203596892936279;-0.47547746046863504;0.5328367463449033
436;-0.9244212262319362;-0.47442442987231886;0.7445276293928383
437;-0.9282003256791481;-0.47840751922322156;0.8102558654682073
438;-0.9317063906486919;-0.47490255280208865;0.541981812319312
439;-0.9349312952422466;-0.47512066060603697;0.5452333701997021
440;-0.9378985799951601;-0.4745982243877387;0.7565351085177137
441;-0.9404145172827445;-0.4897154485520233;0.4675145830745906
442;-0.9426612488426775;-0.4794427284747854;0.8258828361622654
443;-0.9446686355928624;-0.47765871107577335;0.5590062557317768
444;-0.9464541607209291;-0.47865503138379495;0.5624309744741058
445;-0.9480265736745127;-0.4818982580341695;0.8362728323962106
446;-0.9494236771518443;-0.48099329737495666;0.5689978979333312
447;-0.9505376142019231;-0.49405837893517424;0.48443346524998043
448;-0.9515498882131862;-0.48361089966528265;0.5750129549404022
449;-0.9524847700599784;-0.48510878445480976;0.5772652780960743
450;-0.9533925582183842;-0.4848128288282246;0.79010167799376
451;-0.9542690444982592;-0.487852253287685;0.5822621433116264
452;-0.9551388301497007;-0.489069492919718;0.5849660489575463
453;-0.9560439641912253;-0.4887844703313994;0.7978431548674569
454;-0.9569778492397565;-0.4915961234231104;0.5889124039656064
455;-0.9579562643104129;-0.4927421387782609;0.5906667534076393
456;-0.9589909284437796;-0.4938917849481951;0.5918827747043289
457;-0.9600926042542596;-0.49472684355567975;0.5938294156275796
458;-0.9612678683610862;-0.4955447687947182;0.595279002633414
459;-0.9625203884731033;-0.49623740617720147;0.596668940507832
460;-0.9638516383553946;-0.49704779921917663;0.8738508477896917
461;-0.9651968341283738;-0.5039945410062947;0.49944122603361474
462;-0.966624055472633;-0.4975630224716009;0.6003479978273445
463;-0.9681269909784498;-0.4976381482721608;0.6020257832281173
464;-0.9696479431223907;-0.503186589542064;0.5024523570346765
465;-0.9712331709687673;-0.49763087533834105;0.6045084513135461
466;-0.9728295698466134;-0.5021677155460506;0.5046564153722772
467;-0.9744379920974661;-0.5010836575970425;0.5122070348939698
468;-0.9760487462107826;-0.5008636405833279;0.5070641787032844
469;-0.9776891987637707;-0.49619456068950063;0.8889488825409139
470;-0.9793412305277185;-0.4957835249664659;0.6126451094259873
471;-0.9809963337964992;-0.4944805100682967;0.8295908604275041
472;-0.9826300617552742;-0.4948091808019625;0.6161215747647022
473;-0.9842270679799927;-0.4943678444542934;0.6176320556216037
474;-0.9857523731476945;-0.4965058721081384;0.5153130252554392
475;-0.9872183366856755;-0.493356249140863;0.9001067636953661
476;-0.9886101058256018;-0.49307211077974533;0.6232795784372902
477;-0.9899014572679776;-0.4945706878421602;0.5265093976623412
478;-0.9910983720574928;-0.4924813473748415;0.6267304026783331
479;-0.9921909138221738;-0.4922905904384983;0.6283662915216779
480;-0.9931705747472196;-0.49218252741302104;0.629920147489835
481;-0.9940210700422474;-0.4934250728090137;0.5317976269326639
482;-0.994749195555178;-0.49214075741965324;0.9115492248923621
483;-0.9953507334478608;-0.4922948442657991;0.912770237560838
484;-0.9958226071075749;-0.4926085761792667;0.6350111789115265
485;-0.9961644170188255;-0.4929359220704558;0.635938915978629
486;-0.9963790995842068;-0.4931088471723077;0.8531722542119756
487;-0.9964681763293061;-0.49378169983500203;0.9161642450592647
488;-0.9964360392624648;-0.4943957785535585;0.637760285470156
489;-0.9962869582608561;-0.4955511318082967;0.5372484052311168
490;-0.9960329011143798;-0.49553662833159995;0.8547239769795044
491;-0.9956823136009618;-0.4964046958546846;0.6377672653484072
492;-0.9952457209005462;-0.4975398673347915;0.5297092652887216
493;-0.9947363458420624;-0.49824577720372754;0.5293879796320786
494;-0.9941677995997109;-0.4989336562168879;0.5362737051103439
495;-0.9935520197292957;-0.49943646337062164;0.6361605530760683
496;-0.9929010844658799;-0.5001240897478343;0.8525082754477495
497;-0.9922277586834602;-0.5008621004210752;0.8517489070550419
498;-0.9915461652159148;-0.5015998321268771;0.6341539965674726
499;-0.9908691016640145;-0.5022473602754585;0.6329238848606686
500;-0.9902153249391279;-0.5028764951319282;0.5247230547333921
501;-0.98958887648964;-0.5033665691902879;0.9108478518997549
502;-0.9890092681556515;-0.5037910623495833;0.52301847691218
503;-0.988476988284864;-0.5042085601191257;0.6291154952702664
504;-0.9880092210194377;-0.5044207325883664;0.528505560199187
505;-0.9876140566998977;-0.5045999770896755;0.5205703493324376
506;-0.9872831610675056;-0.5048934662291944;0.9068444529735853
507;-0.9870197521657327;-0.5049564830856822;0.9062197678477453
508;-0.9868416254480875;-0.5046800120667797;0.5185344186481957
509;-0.98673342412473;-0.5048223752758658;0.6248529919129435
510;-0.9866937969937717;-0.5046539824615204;0.6243885217936347
511;-0.9867201261775217;-0.5044158342905947;0.623771492305891
512;-0.986808206408837;-0.5041212764777021;0.623526199200106
513;-0.9869461081173774;-0.503903863925008;0.8412837349548203
514;-0.9871271156254977;-0.5035250878818827;0.8413645303038965
515;-0.98735051432518;-0.5029618585404461;0.6237044679070578
516;-0.9876054085803218;-0.5025575898135862;0.9052338552210795
517;-0.9878824760109952;-0.5020892534482585;0.9056823503222801
518;-0.9881744327818263;-0.5015538440979221;0.6246063191486845
519;-0.9884683327041442;-0.5011343024932038;0.9068796400432582
520;-0.9887849676333235;-0.4999421099488506;0.5248253118928947
521;-0.9890838538497813;-0.5001393037223251;0.6263513854217126
522;-0.9893518095353242;-0.499781311196149;0.9093061749312041
523;-0.9895825598144619;-0.4993059037349785;0.6278750862825722
524;-0.989766949447679;-0.49894646769574647;0.6287147921661294
525;-0.98989649219668;-0.4986332955372239;0.6295915092186074
526;-0.9899639640746567;-0.49836000263447816;0.6302469425472921
527;-0.9900009387705382;-0.4971840935154159;0.52893464531381
528;-0.9899606513735721;-0.4979997981790518;0.632074483088085
529;-0.9898382808126343;-0.49792098663896245;0.6332325863347634
530;-0.9896306701144524;-0.49789157785950955;0.6341170019433564
531;-0.9893358217876405;-0.49792407610746003;0.6349679893898559
532;-0.988999476085398;-0.49679276444672404;0.5321484131490026
533;-0.9885720595709551;-0.49816440961038355;0.6365272714841053
534;-0.988105045123775;-0.49704908281256943;0.5331993708947753
535;-0.9875990668608722;-0.49725659135490374;0.5336432863851948
536;-0.9870045424336502;-0.4988948209077311;0.638100948374059
537;-0.986326679900831;-0.49924904303605344;0.6388230036868088
538;-0.985553840366498;-0.5001110083679055;0.8599573064634589
539;-0.98471252748775;-0.5000294294811204;0.6394523346382437
540;-0.9838099382476398;-0.5004595586664992;0.6396233019307954
541;-0.9828336493824874;-0.5014396483297956;0.8606452526744333
542;-0.9818062583174378;-0.5015286979568769;0.9239359106864282
543;-0.9807417242364874;-0.501828405450172;0.6395511607932496
544;-0.9796480267874488;-0.5022658697254339;0.639065572899681
545;-0.9785311579745226;-0.502738075100513;0.6390309904759499
546;-0.9773739110736219;-0.5037956878705592;0.8597024348825916
547;-0.9762899469817045;-0.5014145274275839;0.5254611026324321
548;-0.9751713079449982;-0.5046349712066427;0.8586613118639801
549;-0.9740500851330709;-0.5043308180504377;0.6370026766718011
550;-0.9729220197226938;-0.5048628461714347;0.9207202398800438
551;-0.9717987771970672;-0.5049466473664614;0.6355897394319099
552;-0.9706525990217505;-0.5059504813987701;0.8556870888321864
553;-0.9695061769396118;-0.5056497464934575;0.918275456208987
554;-0.9683686533389901;-0.5056037802073257;0.6331235710433778
555;-0.9672044956934567;-0.5065839581718309;0.8528857499162151
556;-0.9660461517800802;-0.5058641890133398;0.6313239508082511
557;-0.9648523396947961;-0.5068463752654888;0.850839938921106
558;-0.9636446208547546;-0.5062798390941399;0.9133316539059538
559;-0.9624285108524867;-0.5060301725836615;0.6284984966471745
560;-0.9611977577563782;-0.5059985818053118;0.6273003755219744
561;-0.9599435694720896;-0.5059862360368875;0.6263365902490281
562;-0.9586545212718439;-0.5060034537618766;0.6256060335760504
563;-0.9572712001902315;-0.5071328264434687;0.8442149577749176
564;-0.9558338984274557;-0.5059485248722586;0.6236604870133293
565;-0.954332563122011;-0.5058800964088761;0.6224433882550231
566;-0.9527545858661226;-0.505868641560241;0.6214563177097472
567;-0.9510255259665656;-0.5073140701192707;0.839488179820997
568;-0.9491942882583257;-0.5059663015175742;0.6196903308588686
569;-0.9472470319058648;-0.5060342882082621;0.6186635238682561
570;-0.9451725471671193;-0.5060750867139725;0.6173675464311246
571;-0.9431984184001762;-0.5005593051434052;0.5096653111756665
572;-0.9410541758115141;-0.5064298626098802;0.6154274252406844
573;-0.9389952515038849;-0.5003670546260987;0.5081875938109373
574;-0.9369792222345739;-0.5009557624907237;0.5143236184054383
575;-0.9346501715632233;-0.5090301388454679;0.8284811334576885
576;-0.9323599824628875;-0.5010119799255242;0.5125435419120528
577;-0.9301265711684608;-0.5003713981667028;0.5048673299906168
578;-0.9276158734608257;-0.5080879781015389;0.6077693075177685
579;-0.9248313092823055;-0.5084256359918993;0.6059987397050994
580;-0.9216726397967735;-0.5113107767520085;0.8195797755104309
581;-0.9182411323378898;-0.5095955305553751;0.6030550815093318
582;-0.9144343118808291;-0.5127102913618697;0.8153948131757358
583;-0.9103367810357393;-0.5115356301161366;0.8759812107791208
584;-0.9063784590085618;-0.5018817915255404;0.49713427202578897
585;-0.9021303627113779;-0.5125171083799908;0.595535928995111
586;-0.8974825497241217;-0.5162316909618703;0.8057321344676533
587;-0.8925647004581254;-0.5142385926748304;0.5911715432545399
588;-0.8873834936768643;-0.5151754862091334;0.5888264582549566
589;-0.8818213344526264;-0.5193845710133657;0.7972340414061708
590;-0.8764785470536782;-0.505528285210235;0.4932552204055667
591;-0.8708787962180273;-0.5181424398597481;0.5811087934720922
592;-0.8649030931162676;-0.5227189994014039;0.7875781965921718
593;-0.8587134977096407;-0.5201555306064752;0.5753782007458621
594;-0.8523132818797348;-0.5216452800286813;0.8428673390333442
595;-0.8457269337259009;-0.5226159145742577;0.8390716399969514
596;-0.8396130754219158;-0.5062065020505029;0.47508567865819284
597;-0.8333371706938719;-0.5237815326778089;0.5621185506105382
598;-0.8269301140842779;-0.5245967596690196;0.5585629678987606
599;-0.8204161131925409;-0.5256021898884211;0.5551965119421176
600;-0.8138291440590255;-0.526347555077762;0.5513800479869918
601;-0.8072044860230609;-0.5270381551464347;0.5474309880587268
602;-0.800592803123772;-0.5273969745627392;0.8085342833879965
603;-0.7940396805217251;-0.5277195526629799;0.8035991394900797
604;-0.7875664487069345;-0.5285194661806282;0.5347458684862088
605;-0.7812153849533852;-0.528780255612165;0.5302205616051869
606;-0.7750675403120488;-0.5278956325378197;0.787901136715985
607;-0.7691261093706826;-0.5288994815988026;0.5206833694160475
608;-0.763433733224354;-0.5287410545035192;0.5156577348998134
609;-0.758040324887032;-0.5281255057902798;0.5101045617923886
610;-0.7528698637267563;-0.5323521332421118;0.7027221462154246
611;-0.7488392950578484;-0.49799733688919906;0.42611943154711374
612;-0.7452235053668226;-0.523395968097642;0.7524154628181465
613;-0.7426215150088594;-0.49818573956061074;0.4187635264930124
614;-0.7409713211418677;-0.4965403981241477;0.413600329771761
615;-0.7395202000569241;-0.5259375107804041;0.670229666978066
616;-0.7385029928255878;-0.5163142344418923;0.7258645347578454
617;-0.738417060847079;-0.4910637312840401;0.3965429856051319
618;-0.7386188695613851;-0.5170605442310822;0.4535897106029311
619;-0.7391160656220179;-0.5173621543839746;0.6413033870637715
620;-0.739961974526856;-0.5132833520527997;0.4387394816716329
621;-0.7417665118471679;-0.47893903988140374;0.36927565157520814
622;-0.7438748121682677;-0.5084480291042345;0.42170010212256737
623;-0.746331523748748;-0.5065768660173698;0.6097966474324386
624;-0.7491256566710365;-0.504066244138565;0.4047533150828826
625;-0.7523256840984777;-0.500640630837377;0.5932846248033894
626;-0.7559565108206845;-0.49760656267417425;0.5848978410957302
627;-0.7599575584620071;-0.4959288620215527;0.3760926722692274
628;-0.7643174867172722;-0.493549901099965;0.3672943013176535
629;-0.7694151646624452;-0.4614871985248439;0.3021121241071424
630;-0.7747764782397911;-0.48834782105579766;0.3482957110184285
631;-0.7803869477657835;-0.4858715131448511;0.3390786095014332
632;-0.786227952460034;-0.48346357469105106;0.3302201420832984
633;-0.7925651202039972;-0.45474504682704164;0.2667057948142194
634;-0.7990323659260375;-0.47900585842295107;0.31413268049976306
635;-0.805802532264577;-0.4561797367639208;0.24994554620854348
636;-0.8128699094177356;-0.461204476744454;0.5812474796951455
637;-0.8200960870293961;-0.45475349454803216;0.23772479373954902
638;-0.8272853976385666;-0.47187067808892663;0.2918389119243532
639;-0.8346666034640067;-0.4560695654238946;0.5707678325831402
640;-0.8421969355989034;-0.4548966523143386;0.5688220688364947
641;-0.8496082434111779;-0.46796511339401786;0.2848833056741984
642;-0.8569769064358459;-0.4511832497140883;0.2238868106821711
643;-0.8641888062775207;-0.46640322203103746;0.28633129854351935
644;-0.8712387697899577;-0.465852962620658;0.287835190077969
645;-0.8782659456115707;-0.4572738812529563;0.4995720710687098
646;-0.8852346310210478;-0.4571890653431642;0.5016944862918108
647;-0.8919788906165428;-0.46511384597063404;0.2957826395087886
648;-0.8984894094130967;-0.4651472812964992;0.29876507991228685
649;-0.9048689842567041;-0.45816982618704594;0.5101553504586674
650;-0.910978916420569;-0.46576013203062705;0.30666397675449286
651;-0.9167977166598111;-0.46041019497539554;0.23951902332505093
652;-0.9223153356525153;-0.4617133282921973;0.24246020529640822
653;-0.9275299189029302;-0.46192016393891505;0.24306465292538948
654;-0.9325275510944963;-0.4609568383852348;0.5943649942390021
655;-0.9371991017761272;-0.46544827035454484;0.2482836361094185
656;-0.9415696198261103;-0.47123895700448837;0.32947167727843163
657;-0.9456238610900136;-0.4692303345463009;0.2531523851559627
658;-0.9494397409377737;-0.46835560778309737;0.6079596577982074
659;-0.9530135759002987;-0.470385547614589;0.6113923774738512
660;-0.9563154032953816;-0.47699982902062343;0.34298913266338293
661;-0.9593412526248057;-0.47746438268517527;0.26557754724079974
662;-0.9621578560363107;-0.4765381813704398;0.6217046832343378
663;-0.964757335687587;-0.48168254206719485;0.35202394766427936
664;-0.9671597018844758;-0.4831945241986797;0.3549868486575569
665;-0.9693840152178828;-0.48467326422459006;0.3577861860691499
666;-0.9714326040775836;-0.4857345177493903;0.2700098850321553
667;-0.97334999580501;-0.48571698583123146;0.6387210900623341
668;-0.9751416019753258;-0.4887659307730106;0.3657606071562596
669;-0.976820552505825;-0.4899921829760051;0.3682818896727288
670;-0.9783874357108158;-0.49119035275387557;0.27537930130382915
671;-0.97986517413707;-0.4921983243919049;0.3730513309902669
672;-0.9812533018446159;-0.4933527600995766;0.2836241920628674
673;-0.9825604779984198;-0.4942535876402053;0.2848733296638145
674;-0.9837995815535676;-0.4948390274784826;0.3798492273061099
675;-0.984966963522639;-0.495778820528882;0.280817839885917
676;-0.986067067139258;-0.49642208165255963;0.2883161734760623
677;-0.9871066106708866;-0.4967636297276702;0.38586818800294553
678;-0.9880816725675347;-0.49747350185256434;0.29037931230585723
679;-0.9889933019020527;-0.49789875155558017;0.2913474742995441
680;-0.9898448700061351;-0.49807278427220325;0.3913340783328929
681;-0.9906326838618822;-0.4985960362121057;0.28593416704957386
682;-0.9913597170375936;-0.49861010846269677;0.6148550426065407
683;-0.9920247678881703;-0.4989330460808487;0.3960854552197681
684;-0.992626078608088;-0.49927823166727797;0.29562703108417876
685;-0.9931642339980618;-0.49945894629619453;0.28871015768759256
686;-0.9936402518181044;-0.499600468799143;0.2893387445606985
687;-0.9940554399090453;-0.4997108345108814;0.2977965774182041
688;-0.9944112375146639;-0.49981667078250513;0.29845920882294763
689;-0.9947092479982604;-0.499849102841653;0.4037202060472931
690;-0.9949514365001968;-0.4999991111302571;0.29161280705820425
691;-0.9951395354131906;-0.5000320264417291;0.4057479564838318
692;-0.9952757427780186;-0.5001133860013693;0.4066707288975038
693;-0.9953625393840413;-0.5001904687936688;0.4075345758015071
694;-0.995404057830836;-0.5002702156878043;0.29350978645202996
695;-0.9954018417991566;-0.5003354118466437;0.4090912450132118
696;-0.9953605210953921;-0.5003920681157455;0.30272043261920967
697;-0.9952820690513108;-0.5004659351402782;0.7031691325135463
698;-0.9951689688693495;-0.5005384036763754;0.6369306446118921
699;-0.9950241630267571;-0.5006045992481069;0.4115397275542577
700;-0.9948505089697643;-0.5006697714393109;0.4120612572666772
701;-0.9946508611247235;-0.5007310507425136;0.6388339123682379
702;-0.9944286858295074;-0.5007750824283598;0.7064056186899268
703;-0.9941852946652345;-0.5008564391957775;0.4132880319796274
704;-0.9939229953212194;-0.5009108182824;0.6402102061085599
705;-0.9936434974286942;-0.5009717922356103;0.41391176586274825
706;-0.9933484670633693;-0.5010253643741447;0.41414927378822186
707;-0.9930392368672265;-0.5010780078678051;0.41440306815040073
708;-0.9927169122208142;-0.5011273357219097;0.41460525819025085
709;-0.9923823413080908;-0.5011740793570103;0.4147817137046703
710;-0.9920378244557265;-0.5011748890760382;0.708802114285694
711;-0.9916819718710653;-0.5012586986460132;0.4150450079295659
712;-0.9913201964000357;-0.5011664486660755;0.30639407791438367
713;-0.9909487647084481;-0.5012838319394706;0.7091072177302853
714;-0.99056545100355;-0.501370127143563;0.41535570170970093
715;-0.9901719832862647;-0.5013466363223943;0.7091924433734769
716;-0.9897678202664637;-0.5013765707423943;0.7092061054059375
717;-0.9893501729466843;-0.5014675301810909;0.4155200037945703
718;-0.9889205831394647;-0.5014357786300048;0.7091839085850812
719;-0.988476029144495;-0.5015313467268484;0.4155767659263687
720;-0.9880179680293717;-0.501497331685665;0.7091039397409835
721;-0.987552221182936;-0.5013498247170091;0.29822222584117075
722;-0.9870683964108782;-0.5016334339629053;0.4155965628479784
723;-0.9865657321727087;-0.5016706046741358;0.41558685786717886
724;-0.9860455704571154;-0.5016390564475119;0.7087937351359036
725;-0.9855151495773721;-0.5014554252998937;0.29833616696839316
726;-0.9849625379433116;-0.5017982359625364;0.41550802366675343
727;-0.9843967338733152;-0.5015628142054946;0.3070331964093225
728;-0.9838064552835728;-0.5018982804853981;0.41541100050164725
729;-0.9831910141063293;-0.5019510137423409;0.41533140718415473
730;-0.9825601989056283;-0.5016952911941094;0.3070223990935056
731;-0.981901557816888;-0.5020780248497202;0.4151896647526365
732;-0.981215520674498;-0.5020802128391246;0.7075711628236312
733;-0.9804995102509545;-0.5022210119687741;0.414985339223638
734;-0.9797533127792286;-0.5022401858291494;0.7071179111901453
735;-0.9789886223827093;-0.5019545873256591;0.29828029882145923
736;-0.9781889657585272;-0.5024762795049422;0.4145829049833385
737;-0.9773496713185938;-0.5026353646695367;0.6395906737132872
738;-0.9764877941765293;-0.5021993574001695;0.2981415850426723
739;-0.9755852014387947;-0.5027839515404151;0.41405338588982
740;-0.9746561519770784;-0.5023928605746136;0.2980145531677957
741;-0.9736814725720292;-0.5030199216196192;0.4136237401197369
742;-0.9726759328001731;-0.5026129274241644;0.29785988983081335
743;-0.9716131104489907;-0.50341251543216;0.6375115269443761
744;-0.9704902681398011;-0.5035731213310274;0.6370836401835768
745;-0.9693298454362373;-0.5030047042013618;0.2975771118852326
746;-0.9681045736356997;-0.5038068115719891;0.7026795580449687
747;-0.966833879798116;-0.5033731407888963;0.3057094832837183
748;-0.9655150225262499;-0.5034869451557552;0.29723551534597736
749;-0.964124811971024;-0.5043002162026549;0.4112046644965901
750;-0.9626773385008756;-0.5039208917041483;0.3052358244899901
751;-0.9611359704377929;-0.505032574908092;0.6333071695597943
752;-0.9595304497374839;-0.504295853595923;0.2966915412744159
753;-0.9578359952674502;-0.5052124044881972;0.40952526967982683
754;-0.9560669718623218;-0.5047892986834892;0.2963818843419139
755;-0.9541977662095288;-0.5057685007007215;0.4085524870539785
756;-0.9522231942636235;-0.5060682193064776;0.40802254043844344
757;-0.9501562266843833;-0.505703914824429;0.3038326052556931
758;-0.9479894447113104;-0.5060309904349106;0.303595084735482
759;-0.945669419685765;-0.507599160534435;0.6929429988532201
760;-0.9432354025816944;-0.5067273034989691;0.2952938046457997
761;-0.9406288962067747;-0.5086032761208386;0.6247476709154026
762;-0.9378406047998791;-0.5091194812434062;0.6236084702393306
763;-0.9348987853151342;-0.5088157154373963;0.403432391896397
764;-0.9318076654562167;-0.5085739765951574;0.2944180735988856
765;-0.9285420908178694;-0.5098776830296575;0.40177102801125986
766;-0.9251027094804523;-0.5097045690214459;0.2939265446944547
767;-0.9214792303010655;-0.5103132848299812;0.3009251636632747
768;-0.9175876543738815;-0.513074019060816;0.6151855786694309
769;-0.9134044934331376;-0.5139751849220426;0.6789110316848477
770;-0.9090009272472122;-0.5124673851657724;0.29976009267025583
771;-0.9043527503044393;-0.5133765429048823;0.2925035244507149
772;-0.8994466751513384;-0.5148971482453741;0.39416457131814353
773;-0.8941643328682486;-0.5181135115667507;0.67035830226239
774;-0.888487216384411;-0.519357350489549;0.6678348405336265
775;-0.8824176971520721;-0.5204167698232154;0.6003450621783558
776;-0.8759371733740768;-0.5218469362029876;0.5975815887650926
777;-0.8690270126891444;-0.5233992035509843;0.5946091427232137
778;-0.8616691140787469;-0.5250793861127199;0.591407271512833
779;-0.8538120117812165;-0.5274521693894673;0.6520719927778565
780;-0.8454384354642177;-0.5294942725223961;0.6481361422317655
781;-0.8367030965819975;-0.5258524759867873;0.2935482520571904
782;-0.827566654932599;-0.5280750551736113;0.2880428996790455
783;-0.8178573965265671;-0.5363554091943148;0.6342901136274011
784;-0.807831358893093;-0.5318268765823536;0.36928580247220943
785;-0.7972289834709161;-0.5415141417074311;0.6230579865844992
786;-0.7862370424030214;-0.5364685808432312;0.28603965548694876
787;-0.7747028086186376;-0.5471335147490615;0.6099177912860985
788;-0.7627487524736178;-0.5483931817431322;0.5412310097972476
789;-0.7503506855757505;-0.5532135356559533;0.5945971398302289
790;-0.7376703274898652;-0.5542627744812301;0.525765879403443
791;-0.7250451430364814;-0.5464852654751118;0.3421490216726468
792;-0.7125506763168852;-0.5485960718739848;0.33710938337756424
793;-0.7000860538068638;-0.551984271036718;0.2837368509888931
794;-0.687698403385838;-0.5653006667000466;0.48791978900729227
795;-0.6757795010555855;-0.5535988549691068;0.3216329125177041
796;-0.6642072965955862;-0.5696568170384927;0.46560946660870595
797;-0.6533724698989404;-0.5558211922930485;0.3102051521212206
798;-0.6430567289490018;-0.5622695767654933;0.2872796389665031
799;-0.6333855727784882;-0.5632586514736717;0.2888339952991754
800;-0.6246502496208256;-0.5740168030837465;0.41586019634773197
801;-0.6168583633095605;-0.5793576177101156;0.4521319814721231
802;-0.6102633767612179;-0.5735361461523385;0.3896590108255257
803;-0.6049461579610049;-0.5725865057941026;0.376547146648503
804;-0.6007068023595306;-0.5589206318531108;0.29173694394864713
805;-0.5979115745112226;-0.5474743114678908;0.2692028647424993
806;-0.5960463624165153;-0.5589827136271618;0.30759819617144357
807;-0.5953067215595726;-0.5714381803967074;0.3659133575353669
808;-0.5957463848946238;-0.5600981179577056;0.31384569670973295
809;-0.5968566208427226;-0.5476641981130721;0.30203857942383205
810;-0.5989173068408042;-0.5526352550231669;0.29086930542599276
811;-0.6017751512233005;-0.5239580732049897;0.24133877681263494
812;-0.6051380289152748;-0.5552040250716127;0.30294612072073335
813;-0.6089730863518843;-0.514938737094806;0.23121471452147102
814;-0.6126772432751779;-0.5337426131165253;0.3036312166504572
815;-0.6165860603879663;-0.5447170992370527;0.2708561837403013
816;-0.6207574803496397;-0.5284995961889556;0.2299899916564767
817;-0.6250160682981205;-0.49866976846883304;0.20796130038859084
818;-0.6293042829881882;-0.4952433467384378;0.20240589817287624
819;-0.6336049443348096;-0.4917725570471251;0.1954176311886977
820;-0.6379129027926964;-0.4887281343180976;0.18918345746271092
821;-0.6417791119376783;-0.5306481738649751;0.3079954923741183
822;-0.6457574809633152;-0.4837735611101745;0.17765489588290895
823;-0.6501175878581189;-0.5044710990463707;0.17425289414093026
824;-0.6546436986683513;-0.47885760607147687;0.16668750889017914
825;-0.6589944416523277;-0.5217655391608065;0.27632139661477284
826;-0.6632786140991722;-0.5218984099322088;0.2752607419250066
827;-0.6679244427455843;-0.4733241556625313;0.1545528576496047
828;-0.6729388843782549;-0.4716025258141602;0.15164462873942275
829;-0.678326254844396;-0.46993149883676405;0.149410108701583
830;-0.6845194677587707;-0.4803720888066081;0.12839115638631482
831;-0.6910762706824682;-0.4663376935199469;0.1470711691922031
832;-0.6984829330729758;-0.4722224133422577;0.11601063392812905
833;-0.7059852055944119;-0.5308414432058466;0.31867630031947636
834;-0.71388857434905;-0.4590005693827853;0.14904342843466167
835;-0.7219613873275863;-0.5294213051002217;0.33167141991043014
836;-0.7310029492577113;-0.45380125993510945;0.0947394994391001
837;-0.7403644546614296;-0.45203971383875463;0.15806785745745489
838;-0.7498666918713525;-0.52631946751771;0.35619661625255794
839;-0.759525700342266;-0.5252177797448311;0.3653713221446385
840;-0.7693384066845905;-0.5243129309834618;0.3748808572291772
841;-0.7792345475997922;-0.514979366204861;0.35391125468007156
842;-0.7892328620392237;-0.4423589177067777;0.18797538172781214
843;-0.7992305278013794;-0.44083130618403144;0.1954179296561135
844;-0.8091414171469616;-0.43810822295929885;0.2021579806547431
845;-0.8189488367612815;-0.5206948423600883;0.42331708999031414
846;-0.8284898496964197;-0.438404053872572;0.21896613626324546
847;-0.837697836139444;-0.4365625226774696;0.2256336060997396
848;-0.8465911083673106;-0.5126464021013294;0.4177649099984304
849;-0.8552114415025389;-0.5182729555488294;0.45584260441164703
850;-0.8632872983017046;-0.4383726452188821;0.2474149301015921
851;-0.8707690380351891;-0.43973973965591084;0.2537891163569226
852;-0.8777875389070083;-0.5135066988164412;0.4421440555735302
853;-0.8840988432017123;-0.4437395050156706;0.26471236845825175
854;-0.8901257681504048;-0.3747345897625141;0.12674533481320727
855;-0.8957225706774885;-0.3739291598823534;0.13219452860022696
856;-0.9006326004919543;-0.5146230128239094;0.4519887631065055
857;-0.9049249491113627;-0.3740831616498138;0.14305711061745474
858;-0.9086674308484217;-0.3758270152141576;0.13753188382143777
859;-0.9117395463741009;-0.5136016082575598;0.47820053343338553
860;-0.9138927766751583;-0.46313952203939407;0.2816879371986356
861;-0.915267538550871;-0.46829844741279003;0.28300198760895123
862;-0.9160975373344862;-0.3833709484630743;0.16981048668567578
863;-0.9166612664340025;-0.5119045137895833;0.4644347014938899
864;-0.9168059881637742;-0.4779937935684209;0.281083285912906
865;-0.9166868878855913;-0.47920897149297437;0.2789380572611575
866;-0.9166664420165109;-0.510503919789163;0.4494722452377349
867;-0.9165995830584424;-0.48470610714040896;0.27646327379233016
868;-0.916435896798911;-0.40175636467724;0.20333131975754148
869;-0.9166177783843983;-0.5131662905528926;0.40793401237480276
870;-0.9171748865917857;-0.5122224911121198;0.4025084942735325
871;-0.9176725119675148;-0.39929286655735496;0.23463542647002877
872;-0.9185894113427544;-0.5039427547274138;0.41481066465301264
873;-0.9194104101676082;-0.414081942718716;0.2360426946228652
874;-0.920647791084473;-0.5065979136898975;0.38091206579643055
875;-0.9220973429826653;-0.4944766962495397;0.2690262280348712
876;-0.9238716968721636;-0.503162637931367;0.370675207519238
877;-0.9257548311427322;-0.49291185685981076;0.2686017207324424
878;-0.9277025018423741;-0.49370214570714105;0.26930596052958444
879;-0.9297608675533187;-0.4919934610974599;0.37613080060020276
880;-0.9317527916377134;-0.4922828147434496;0.271100894849978
881;-0.9337133872188239;-0.4891808202205252;0.3668096947801055
882;-0.9351139324797448;-0.4254807575126584;0.31607464602184754
883;-0.9363357578307554;-0.4922588419768248;0.2769030704079034
884;-0.9373972805523441;-0.48631445159078923;0.3549065442355336
885;-0.9378502221975454;-0.42981300946183754;0.34891138157361634
886;-0.9380408133948488;-0.4944253162827807;0.2854746679548279
887;-0.9379281871322562;-0.49457104317408307;0.2894333235759473
888;-0.9372174355037679;-0.43623874254899664;0.3829522406957785
889;-0.9362610634781781;-0.48601434153475936;0.3409023515773011
890;-0.9347640309269993;-0.4417592964453813;0.4053651908453414
891;-0.9330184398584266;-0.5005724738346793;0.3047794067427154
892;-0.9310321618249084;-0.501637031047892;0.30961642159357217
893;-0.9288278168268662;-0.5034223562201108;0.3137791589575213
894;-0.92645488733879;-0.49065251342480487;0.3327603067693341
895;-0.9239450391752639;-0.5075306657831039;0.32114378181018444
896;-0.9213560326431508;-0.5092208294750902;0.32503358171553687
897;-0.9187540542503744;-0.5108232332191429;0.3287989828667973
898;-0.9161929126061239;-0.49522080112888833;0.328864457345178
899;-0.9137659684943267;-0.513027047061304;0.3366978376671792
900;-0.9112988872823127;-0.4584440712578547;0.5563818354214827
901;-0.9091432497717287;-0.5034525239174452;0.3213916643085508
902;-0.907126375275322;-0.463156467208252;0.5708419324728833
903;-0.9056039896304073;-0.515748885234488;0.3487582270238224
904;-0.9043593029849305;-0.46724609066861683;0.5836430212122443
905;-0.9037186532150344;-0.514656258374049;0.3554041639770371
906;-0.9034413969261051;-0.47032960578071503;0.5950814700926765
907;-0.9038107276672205;-0.512672540018046;0.36125626846923087
908;-0.9047888198951173;-0.5112303759519634;0.364223110132328
909;-0.9063226061726979;-0.5095319002594542;0.3672524107748639
910;-0.9083461042119652;-0.507898901711537;0.3697070058692935
911;-0.9107344501577922;-0.4949695311759761;0.33022782738868295
912;-0.9133949827964065;-0.4890198214968774;0.3347926853077666
913;-0.9163149501406211;-0.5011930365892951;0.3804377996895879
914;-0.9193356701279114;-0.4853271467839631;0.33928704042269053
915;-0.9222945044755034;-0.4683427954469488;0.6384348401951643
916;-0.9251499169555106;-0.4676087438258736;0.6430481691331471
917;-0.9279242662596016;-0.4838247329822619;0.34614235073530786
918;-0.9305414071330353;-0.49133886683234274;0.40009126777000037
919;-0.9328937685156791;-0.4899958759156778;0.40438653361454535
920;-0.9348755283212241;-0.4805637652351815;0.35683288411843495
921;-0.936424461916024;-0.48836765140580235;0.41312652333109
922;-0.9374701057347353;-0.48830897760378583;0.4166279888280523
923;-0.9379586212756787;-0.48835049356051297;0.4217572460952832
924;-0.9378699542218716;-0.4680996635018978;0.6783495792675586
925;-0.9372244459281149;-0.4694483654991752;0.6820982656522592
926;-0.9360103308151365;-0.49139438825523923;0.4325486956404774
927;-0.9342638329989426;-0.48503452037330497;0.38172146997434486
928;-0.93205388479411;-0.4754556040665426;0.691449345166119
929;-0.9293771202906153;-0.4970671822563779;0.4422894640689997
930;-0.926289102997621;-0.4995063010302072;0.44433874547924634
931;-0.9228592123377279;-0.5021371630267571;0.4458929384481809
932;-0.919168258399309;-0.5048908225425159;0.4469404664605172
933;-0.9153673491490755;-0.4941632241251612;0.6370054666307963
934;-0.9114930915388417;-0.51042425793175;0.44754322123585366
935;-0.9076424562910462;-0.5130611034354489;0.44714894723734044
936;-0.9039940923831606;-0.49734596978342416;0.6982253604382549
