0;-0.7633713947564852;-0.2687150558128798;0.6490756294314918
1;-0.7649359261871453;-0.2683987133604211;0.6534100962849478
2;-0.7665019041579533;-0.26808628101161397;0.6577739556849679
3;-0.7680731781915761;-0.2677778840200902;0.6621670434101234
4;-0.7696550792060002;-0.26747367016065937;0.6665891698651527
5;-0.7712549246458793;-0.2671738224124219;0.6710401108636328
6;-0.7728823956166812;-0.26687857970171336;0.675519595232812
7;-0.7745492624866006;-0.26658826804582114;0.6800272887985119
8;-0.7762676330346416;-0.266303339740813;0.6845627766847847
9;-0.7780464053284268;-0.26602440451265186;0.6891255489075074
10;-0.7798875903008734;-0.2657522188400346;0.693714995129348
11;-0.7817855453740046;-0.2654876086111975;0.6983304104437575
12;-0.7837297958051129;-0.26523135672541676;0.7029710083078077
13;-0.7857088114313083;-0.26498412676811867;0.7076359348545266
14;-0.7877123882618922;-0.2647464527402397;0.7123242808812513
15;-0.789732402017565;-0.26451876783469824;0.717035090435368
16;-0.791762673219227;-0.26430143843509624;0.721767366360264
17;-0.7937985554343786;-0.26409478907625683;0.7265200735777024
18;-0.7958365275537693;-0.26389911763764484;0.7312921408266027
19;-0.7978738719679743;-0.26371470384325935;0.7360824613971835
20;-0.7999084414710858;-0.2635418138486899;0.7408898932285664
21;-0.8019384961541194;-0.2633807026822098;0.745713258610345
22;-0.8039625905087984;-0.26323161553329;0.7505513436419929
23;-0.8059794952133009;-0.2630947884220113;0.7554028975478402
24;-0.8079881425683809;-0.262970448532574;0.7602666319099061
25;-0.8099875880542753;-0.26285881436213915;0.7651412198589392
26;-0.8119769829424369;-0.26276009576695913;0.7700252952507125
27;-0.8139555545594465;-0.2626744939511033;0.7749174518467902
28;-0.8159225919063325;-0.2626022014233644;0.7798162425145903
29;-0.8178774350696341;-0.26254340193712633;0.7847201784593812
30;-0.8198194673485568;-0.262498270421918;0.7896277285000214
31;-0.821748109349841;-0.26246697291189813;0.7945373184002862
32;-0.8236628145235978;-0.26244966647449475;0.7994473302682005
33;-0.8255630657650582;-0.26244649914120677;0.8043561020366967
34;-0.8274483728121178;-0.2624576098418483;0.809261927039979
35;-0.8293182702419791;-0.2624831283430816;0.8141630537011537
36;-0.8311723159221276;-0.26252317519181717;0.8190576853478455
37;-0.8330100898079301;-0.2625778616639285;0.8239439801736721
38;-0.8348311930059333;-0.2626472897186513;0.8288200513644874
39;-0.8366352470414045;-0.26273155195902825;0.8336839674092582
40;-0.8384218932829732;-0.26283073159877535;0.8385337526161583
41;-0.8401907924878256;-0.26294490243599156;0.8433673878550586
42;-0.8419416244388127;-0.2630741288341919;0.8481828115478537
43;-0.8436740876507623;-0.2632184657112108;0.8529779209280561
44;-0.8453878991277866;-0.2633779585366002;0.8577505735907432
45;-0.8470827941567949;-0.26355264333821515;0.8624985893531407
46;-0.8487585261250523;-0.26374254671875397;0.867219752444908
47;-0.8504148663516541;-0.2639476858830799;0.8719118140454506
48;-0.852051603924382;-0.26416806867720644;0.8765724951832455
49;-0.8536685455346841;-0.26440369363986155;0.8811994900093072
50;-0.855265515304535;-0.2646545500675716;0.8857904694533313
51;-0.8568423545997943;-0.264920618094202;0.890343085266898
52;-0.8583989218254194;-0.26520186878587604;0.8948549744532415
53;-0.8599350921985364;-0.26549826425213047;0.8993237640776368
54;-0.8614507574959781;-0.2658097577741112;0.9037470764463358
55;-0.8629458257734806;-0.2661362939504884;0.9081225346354306
56;-0.8644202210543035;-0.26647780886164185;0.9124477683439742
57;-0.8658738829856019;-0.26683423025250763;0.9167204200383723
58;-0.8673067664614903;-0.2672054777342734;0.9209381513476347
59;-0.868718841212334;-0.2675914630048903;0.9250986496616893
60;-0.8701100913604219;-0.2679920900881254;0.9291996348778602
61;-0.871480514942832;-0.26840725559061024;0.9332388662340716
62;-0.8728301234029261;-0.2688368489760631;0.9372141491614824
63;-0.8741589410525589;-0.2692807528555723;0.9411233420845375
64;-0.8754670045077072;-0.2697388432925383;0.9449643630928577
65;-0.8767543621008148;-0.27021099012060174;0.9487351964073768
66;-0.8780210732736842;-0.27069705727261467;0.9524338985627745
67;-0.8792672079552352;-0.2711969031184829;0.9560586042296292
68;-0.8804928459288396;-0.2717103808095001;0.9596075316030812
69;-0.881698076194239;-0.2722373386266491;0.9630789872899125
70;-0.8828829963292555;-0.2727776203302333;0.9664713706329565
71;-0.8840477118565832;-0.27333106550814634;0.9697831774203777
72;-0.8851923356208927;-0.27389750992010886;0.9730130029374711
73;-0.886316987181331;-0.2744767858352516;0.9761595443298455
74;-0.8874217922241981;-0.27506872236057167;0.979221602258979
75;-0.8885068820001972;-0.275673145757948;0.9821980818436443
76;-0.8895723927901455;-0.2762898797476625;0.9850879928933127
77;-0.8906184654024729;-0.2769187457966181;0.9878904494519206
78;-0.8916452447051714;-0.2775595633897796;0.9906046686819544
79;-0.8926528791941892;-0.27821215028368185;0.9932299691293284
80;-0.8936415205995527;-0.27887632274119856;0.9957657684187275
81;-0.89461132352979;-0.2795518957471143;0.9982115804367241
82;-0.8955624451545641;-0.2802386832043783;1.0005670120658916
83;-0.896495044924756;-0.2809364981112423;1.0028317595372735
84;-0.897409284328696;-0.2816451527197823;1.0050056044708797
85;-0.8983053266826891;-0.2823644586765606;1.0070884096744794
86;-0.8991833369535798;-0.28309422714641735;1.009080114769873
87;-0.9000434816107529;-0.2838342689205616;1.0109807317133535
88;-0.9008859285046955;-0.28458439451027245;1.012790340273265
89;-0.9017108467691037;-0.28534441422762696;1.0145090835227548
90;-0.9025184067434104;-0.28611413825472687;1.0161371634002085
91;-0.9033087799126218;-0.2868933767029158;1.0176748363837094
92;-0.904082138861402;-0.2876819396634772;1.0191224093192761
93;-0.904838657239466;-0.2884796372512461;1.0204802354360973
94;-0.9055785097355268;-0.2892862796425172;1.0217487105752854
95;-0.9063018720572327;-0.2901016771085301;1.0229282696524122
96;-0.907008920914786;-0.29092564004572163;1.0240193833679796
97;-0.9076998340061853;-0.29175797900381484;1.0250225551744674
98;-0.9083747900023027;-0.29259850471269605;1.0259383185034925
99;-0.9090339685302835;-0.29344702810891243;1.0267672342521705
100;-0.9096775501540215;-0.2943033603624907;1.0275098885238048
101;-0.9103057163507227;-0.29516731290466725;1.0281668906147727
102;-0.9109186494828077;-0.29603869745699896;1.0287388712366845
103;-0.9115165327646515;-0.29691732606222215;1.0292264809607263
104;-0.9120995502238466;-0.29780301111711494;1.029630388869416
105;-0.9126678866568693;-0.2986955654075443;1.0299512813997813
106;-0.913221727579206;-0.29959480214578205;1.0301898613612028
107;-0.9137612591701263;-0.30050053501010887;1.0303468471107404
108;-0.9142866682124164;-0.3014125781866628;1.0304229718686693
109;-0.9147981420274969;-0.30233074641342766;1.0304189831571766
110;-0.9152958684064101;-0.30325485502622096;1.0303356423455559
111;-0.9157800355372514;-0.30418472000649605;1.030173724285879
112;-0.9162508319296426;-0.30512015803074655;1.029934017023879
113;-0.9167084463368791;-0.30606098652127844;1.0296173215706559
114;-0.9171530676764144;-0.30700702369809824;1.0292244517217939
115;-0.9175848849493177;-0.30795808863165375;1.0287562339115093
116;-0.9180040871593625;-0.3089140012961642;1.028213507090468
117;-0.9184108632323533;-0.3098745826232647;1.027597122617054
118;-0.9188054019362923;-0.31083965455570767;1.026907944152866
119;-0.9191878918029461;-0.311809040100853;1.0261468475543323
120;-0.9195585210513103;-0.312782563383706;1.0253147207533377
121;-0.9199174775134521;-0.3137600496992624;1.0244124636207346
122;-0.9202649485631379;-0.31474132556393186;1.0234409878076005
123;-0.9206011210475937;-0.31572621876584206;1.0224012165599408
124;-0.9209261812227151;-0.3167145584138261;1.021294084503448
125;-0.9212403146919441;-0.3177061749849198;1.0201205373956657
126;-0.9215437063490148;-0.31870090037022025;1.018881531843659
127;-0.9218365403246715;-0.3196985679189658;1.0175780349859904
128;-0.9221189999374372;-0.3206990124807251;1.0162110241383648
129;-0.9223912676484309;-0.3217020704455994;1.0147814864029312
130;-0.9226535250201982;-0.32270757978235587;1.0132904182416744
131;-0.9229059526794616;-0.3237153800744399;1.011738825014824
132;-0.9231487302836496;-0.3247253125538216;1.0101277204855874
133;-0.9233820364910332;-0.32573722013264783;1.0084581262928523
134;-0.9236060489342541;-0.326750947432701;1.006731071393816
135;-0.9238209441970031;-0.32776634081265943;1.0049475914787531
136;-0.9240268977935817;-0.3287832483931854;1.0031087283603166
137;-0.9242240841510605;-0.32980152007987107;1.0012155293399758
138;-0.9244126765937326;-0.33082100758408256;0.9992690465542711
139;-0.9245928473295594;-0.3318415644417537;0.9972703363037108
140;-0.9247647674382921;-0.33286304603019323;0.9952204583671513
141;-0.9249286068609679;-0.33388530958296414;0.9931204753045615
142;-0.9250845343904754;-0.33490821420291406;0.9909714517510451
143;-0.9252327176629033;-0.33593162087342826;0.9887744537049943
144;-0.9253733231494014;-0.3369553924679841;0.9865305478131903
145;-0.9255065161482954;-0.3379793937580882;0.984240800655578
146;-0.9256324607772315;-0.339003491419675;0.9819062780323917
147;-0.9257513199651379;-0.3400275540380512;0.9795280442561751
148;-0.9258632554438238;-0.3410514521114593;0.9771071614511281
149;-0.9259684277390636;-0.3420750580533486;0.9746446888621065
150;-0.9260669961610382;-0.34309824619341445;0.9721416821754136
151;-0.9261591187940363;-0.3441208927774926;0.96959919285344
152;-0.9262449524853444;-0.34514287596637155;0.967018267484993
153;-0.9263246528332779;-0.3461640758335873;0.9643999471530578
154;-0.9263983741743348;-0.3471843743622696;0.9617452668215236
155;-0.926466269569479;-0.34820365544109383;0.9590552547422931
156;-0.9265284907895677;-0.3492218048593954;0.9563309318839923
157;-0.9265851882999777;-0.35023871030150155;0.9535733113833857
158;-0.9266365112444805;-0.35125426134032445;0.9507833980203996
159;-0.9266826074284524;-0.3522683494302672;0.9479621877175385
160;-0.9267236233014954;-0.35328086789947866;0.945110667064329
161;-0.9267597039395724;-0.35429171194150444;0.9422298128672597
162;-0.9267909930267617;-0.355300778606365;0.9393205917255878
163;-0.9268176328367363;-0.3563079667911008;0.9363839596332167
164;-0.926839764214085;-0.35731317722981426;0.9334208616067506
165;-0.9268575265555864;-0.3583163124832413;0.9304322313397205
166;-0.9268710577915547;-0.3593172769278844;0.927418990882837
167;-0.9268804943673634;-0.36031597674472826;0.9243820503500741
168;-0.92688597122526;-0.36131231990757606;0.9213223076502476
169;-0.9268876217865757;-0.3623062161710217;0.9182406482436982
170;-0.9268855779344332;-0.36329757705808996;0.9151379449236166
171;-0.9268799699970345;-0.36428631584756455;0.9120150576214461
172;-0.9268709267316326;-0.3652723475610315;0.9088728332357825
173;-0.9268585753092508;-0.36625558894965715;0.9057121054840872
174;-0.9268430413002344;-0.3672359584807222;0.9025336947765463
175;-0.9268244486606934;-0.3682133763239381;0.8993384081112916
176;-0.926802919719895;-0.3691877643375614;0.8961270389902358
177;-0.9267785751686552;-0.37015904605432637;0.8929003673547115
178;-0.9267515340487766;-0.37112714666722196;0.8896591595400806
179;-0.9267219137435623;-0.37209199301512064;0.8864041682484765
180;-0.9266898299694387;-0.37305351356828886;0.8831361325388344
181;-0.9266553967687078;-0.37401163841378676;0.8798557778333492
182;-0.9266187265034436;-0.3749662992407831;0.8765638159394933
183;-0.9265799298505475;-0.375917429325792;0.8732609450867463
184;-0.9265391157979601;-0.37686496351785465;0.8699478499771905
185;-0.9264963916420367;-0.3778088382236765;0.8666252018491168
186;-0.9264518629860748;-0.3787489913927322;0.863293658552828
187;-0.9264056337399855;-0.37968536250235524;0.8599538646378152
188;-0.9263578061210974;-0.38061789254282274;0.8566064514505195
189;-0.9263084806560743;-0.38154652400244315;0.853252037241901
190;-0.9262577561839234;-0.38247120085266334;0.8498912272840536
191;-0.9262057298600719;-0.38339186853319873;0.8465246139951477
192;-0.9261524971614867;-0.3843084739371995;0.84315277707198
193;-0.9260981518928049;-0.38522096539645867;0.8397762836294593
194;-0.9260427861934483;-0.3861292926666696;0.836395688346361
195;-0.9259864905456796;-0.38703340691273946;0.8330115336167284
196;-0.9259293537835789;-0.38793326069416334;0.8296243497063205
197;-0.9258714631028903;-0.3888288079504676;0.8262346549135153
198;-0.9258129040717099;-0.3897200039867216;0.8228429557341451
199;-0.9257537606419703;-0.39060680545912446;0.8194497470297187
200;-0.92569411516169;-0.39148917036067166;0.8160555121985495
201;-0.9256340483879348;-0.3923670580068989;0.8126607233493219
202;-0.9255736395004631;-0.3932404290217111;0.8092658414766553
203;-0.9255129661160045;-0.39410924532329417;0.8058713166382383
204;-0.9254521043031353;-0.3949734701101109;0.8024775881331702
205;-0.9253911285977043;-0.3958330678469857;0.7990850846811139
206;-0.925330112018774;-0.39668800425127193;0.7956942246019442
207;-0.9252691260850274;-0.3975382462791085;0.7923054159955578
208;-0.9252082408316069;-0.3983837621117608;0.7889190569215654
209;-0.9251475248273369;-0.3992245211420479;0.7855355355785674
210;-0.9250870451922978;-0.4000604939608543;0.7821552304827949
211;-0.9250268676157049;-0.40089165234372537;0.7787785106458534
212;-0.9249670563740537;-0.4017179692375465;0.7754057357513715
213;-0.9249076743495006;-0.40253941874730326;0.7720372563303536
214;-0.9248487830484294;-0.40335597612292073;0.7686734139350639
215;-0.9247904426201813;-0.40416761774618426;0.7653145413112783
216;-0.924732711875899;-0.4049743211177358;0.7619609625687549
217;-0.9246756483074615;-0.40577606484414597;0.7586129933497987
218;-0.92461930810647;-0.40657282862506194;0.7552709409957983
219;-0.9245637461832574;-0.4073645932404265;0.7519351047116403
220;-0.9245090161858871;-0.4081513405377699;0.7486057757279035
221;-0.9244551705191131;-0.4089330534195704;0.7452832374607481
222;-0.9244022603632749;-0.4097097158306833;0.7419677656694499
223;-0.9243503356930991;-0.41048131274583727;0.7386596286115058
224;-0.9242994452963831;-0.41124783015719635;0.7353590871952679
225;-0.9242496367925352;-0.41200925506198505;0.7320663951300662
226;-0.9242009566509547;-0.41276557545017734;0.728781799073791
227;-0.9241534502092206;-0.4135167802922473;0.7255055387779061
228;-0.9241071616910819;-0.4142628595269793;0.7222378472298888
229;-0.9240621342242228;-0.41500380404934073;0.7189789507930595
230;-0.9240184098577875;-0.41573960569840845;0.7157290693438406
231;-0.9239760295796522;-0.41647025724536;0.712488416406392
232;-0.9239350333334286;-0.4171957523815135;0.7092571992846822
233;-0.9238954600351844;-0.4179160857064323;0.7060356191919668
234;-0.9238573475898766;-0.4186312527160789;0.7028238713777111
235;-0.9238207329074739;-0.4193412497910277;0.699622145251961
236;-0.9237856519187768;-0.42004607418473183;0.6964306245072012
237;-0.9237521395909123;-0.42074572401184407;0.693249487237708
238;-0.9237202299425065;-0.4214401982365913;0.6900789060564322
239;-0.9236899560585248;-0.4221294966612046;0.6869190482094462
240;-0.923661350104775;-0.42281361991440175;0.6837700756879768
241;-0.9236344433420746;-0.42349256943992386;0.6806321453380675
242;-0.9236092661400683;-0.42416634748512594;0.6775054089678929
243;-0.9235858479907144;-0.4248349570896209;0.6743900134527798
244;-0.9235642175214085;-0.4254984020739775;0.6712861008379525
245;-0.9235444025077753;-0.42615668702847187;0.6681938084390524
246;-0.9235264298861069;-0.4268098173018946;0.6651132689404722
247;-0.9235103257654568;-0.42745779899041036;0.6620446104915315
248;-0.9234961154393904;-0.42810063892647365;0.6589879568005511
249;-0.923483823397391;-0.4287383446677978;0.6559434272268542
250;-0.9234734733359234;-0.4293709244863826;0.6529111368707324
251;-0.9234650881691627;-0.4299983873575941;0.6498911966614322
252;-0.9234586900393777;-0.43062074294930197;0.6468837134431851
253;-0.9234543003269899;-0.4312380016110748;0.643888790059329
254;-0.9234519396602925;-0.4318501743634296;0.6409065254345641
255;-0.9234516279248446;-0.4324572728871411;0.6379370146553756
256;-0.9234533842725359;-0.43305930951260685;0.6349803490486643
257;-0.9234572271303321;-0.43365629720927334;0.6320366162586297
258;-0.9234631742086953;-0.43424824957511954;0.6291059003219353
259;-0.9234712425096863;-0.4348351808261973;0.6261882817411958
260;-0.9234814483347538;-0.4354171057862366;0.6232838375568304
261;-0.9234938072922076;-0.435994039876306;0.6203926414173091
262;-0.923508334304382;-0.43656599910453764;0.6175147636478329
263;-0.9235250436144857;-0.4371330000559104;0.61465027131748
264;-0.9235439487931502;-0.43769505988209584;0.6117992283048611
265;-0.9235650627446661;-0.4382521962913666;0.6089616953623034
266;-0.923588397712917;-0.43880442753856447;0.6061377301786106
267;-0.9236139652870077;-0.4393517724151356;0.6033273874404206
268;-0.9236417764065914;-0.4398942502392223;0.600530718892202
269;-0.9236718413668882;-0.4404318808458238;0.5977477733949121
270;-0.923704169823407;-0.4409646845770163;0.5949785969833541
271;-0.9237387707963601;-0.44149268227223964;0.5922232329222565
272;-0.9237756526747738;-0.4420158952586442;0.5894817217611118
273;-0.9238148232202976;-0.4425343453415055;0.5867541013877964
274;-0.9238562895707063;-0.4430480547946987;0.5840404070809968
275;-0.9239000582430961;-0.4435570463512401;0.581340671561487
276;-0.923946135136774;-0.4440613431938914;0.5786549250422552
277;-0.9239945255358413;-0.4445609689458266;0.5759831952775305
278;-0.9240452341114617;-0.4450559476613628;0.5733255076107273
279;-0.9240982649238219;-0.44554630381675786;0.5706818850213219
280;-0.924153621423784;-0.4460320623010651;0.568052348170698
281;-0.9242113064542128;-0.446513248407055;0.5654369154469845
282;-0.9242713222509992;-0.4469898878221979;0.5628356030088952
283;-0.9243336704437619;-0.4474620066197095;0.560248424828607
284;-0.9243983520562298;-0.44792963124965596;0.5576753927336928
285;-0.9244653675063139;-0.4483927885301211;0.555116516448127
286;-0.924534716605852;-0.4488515056384331;0.5525718036323909
287;-0.9246063985600412;-0.4493058101024503;0.550041259922692
288;-0.9246804119665495;-0.4497557297919068;0.5475248889693181
289;-0.9247567548143117;-0.4502012929098125;0.5450226924741539
290;-0.9248354244820054;-0.45064252798391446;0.5425346702273584
291;-0.9249164177362217;-0.45107946385820774;0.5400608201432476
292;-0.9249997307293135;-0.4515121296845061;0.5376011382953757
293;-0.9250853589969463;-0.4519405549140616;0.5351556189508512
294;-0.925173297455341;-0.45236476928923997;0.5327242546038897
295;-0.9252635403982162;-0.45278480283524125;0.5303070360086306
296;-0.925356081493447;-0.4532006858518742;0.5279039522112269
297;-0.9254509137794298;-0.4536124489053749;0.5255149905812279
298;-0.925548029661177;-0.4540201228202725;0.5231401368422687
299;-0.9256474209061436;-0.45442373867129815;0.5207793751020765
300;-0.925749078639799;-0.45482332777533685;0.5184326878818187
301;-0.9258529933409518;-0.4552189216834177;0.5161000561447935
302;-0.9259591548368526;-0.4556105521727447;0.5137814593244899
303;-0.9260675522980735;-0.45599825123876336;0.5114768753520232
304;-0.926178174233194;-0.4563820510872597;0.5091862806829561
305;-0.9262910084833083;-0.45676198412649355;0.5069096503235282
306;-0.9264060422163697;-0.45713808295935976;0.5046469578562932
307;-0.9265232619213988;-0.457510380375577;0.5023981754651974
308;-0.9266426534025749;-0.4578789093439042;0.5001632739600796
309;-0.9267642017732394;-0.45824370300437495;0.4979422228006391
310;-0.9268878914498337;-0.4586047946605572;0.49573499011985567
311;-0.9270137061458027;-0.458962217771826;0.4935415427468912
312;-0.9271416288654972;-0.45931600594565636;0.49136184622946916
313;-0.9272716418981;-0.4596661929299216;0.48919586485576416
314;-0.9274037268116162;-0.46001281260521176;0.48704356167578267
315;-0.9275378644469641;-0.4603558989771483;0.4849048985222788
316;-0.9276740349121929;-0.46069548616871325;0.4827798360311878
317;-0.9278122175768881;-0.46103160841257435;0.48066833366160555
318;-0.9279523910667811;-0.46136430004341156;0.478570349715318
319;-0.9280945332586218;-0.461693595490244;0.4764858413558911
320;-0.9282386212753555;-0.46201952926874595;0.47441476462733395
321;-0.9283846314816447;-0.4623421359735589;0.47235707447233954
322;-0.9285325394797859;-0.4626614502705936;0.47031272475012886
323;-0.9286823201060677;-0.46297750688931705;0.46828166825388723
324;-0.9288339474276223;-0.46329034061502783;0.46626385672781867
325;-0.9289873947398145;-0.463599986281113;0.4642592408838284
326;-0.9291426345642245;-0.46390647876128643;0.46226777041783473
327;-0.92929963864727;-0.46420985296180745;0.46028939402573327
328;-0.9294583779595198;-0.4645101438136775;0.458324059419011
329;-0.9296188226957502;-0.46480738626481305;0.45637171334003535
330;-0.9297809422758025;-0.4651016152721917;0.45443230157701797
331;-0.9299447053462704;-0.46539286579397576;0.45250576897867123
332;-0.9301100797830912;-0.4656811727816066;0.4505920594685674
333;-0.9302770326950742;-0.46596657117187235;0.4486911160592106
334;-0.9304455304284145;-0.4662490958789477;0.44680288086583464
335;-0.930615538572245;-0.46652878178640533;0.44492729511993695
336;-0.9307870219652579;-0.4668056637392006;0.4430642991825714
337;-0.9309599447034468;-0.46707977653562793;0.4412138325573926
338;-0.9311342701490003;-0.4673511549192513;0.4393758339034848
339;-0.931309960940389;-0.46761983357080916;0.43755024104797235
340;-0.9314869790036722;-0.467885847100096;0.43573699099844315
341;-0.9316652855650511;-0.4681492300378211;0.43393601995517334
342;-0.9318448411647045;-0.4684100168274469;0.4321472633231973
343;-0.9320256056719116;-0.46866824181701283;0.4303706557242074
344;-0.9322075383014885;-0.4689239392509413;0.4286061310083211
345;-0.9323905976315507;-0.4691771432618338;0.4268536222657132
346;-0.9325747416225973;-0.46942788786226075;0.42511306183814485
347;-0.9327599276379305;-0.4696762069365473;0.42338438133038053
348;-0.9329461124653986;-0.4699221342325582;0.4216675116215331
349;-0.9331332523404587;-0.4701657033534923;0.41996238287633736
350;-0.9333213029705372;-0.47040694774968506;0.41826892455636777
351;-0.9335102195606753;-0.47064590071042967;0.4165870654312215
352;-0.9336999568404312;-0.47088259535581956;0.41491673358967934
353;-0.9338904690920027;-0.47111706462862146;0.4132578564508589
354;-0.9340817101795372;-0.4713493412861812;0.41161036077537305
355;-0.9342736335795914;-0.47157945789237515;0.409974172676522
356;-0.9344661924126734;-0.4718074468096096;0.4083492176315137
357;-0.9346593394758438;-0.4720333401908785;0.4067354204927459
358;-0.9348530272762868;-0.4722571699718834;0.40513270549915537
359;-0.9350472080658059;-0.4724789678632309;0.4035409962876507
360;-0.9352418338761714;-0.4726987653427078;0.4019602159046468
361;-0.9354368565552491;-0.4729165936476464;0.40039028681770883
362;-0.9356322278038277;-0.47313248376738765;0.39883113092732947
363;-0.9358278992130705;-0.4733464664358539;0.39728266957883807
364;-0.9360238223025105;-0.4735585721242329;0.3957448235744717
365;-0.9362199485584952;-0.47376883103378675;0.39421751318561193
366;-0.936416229472999;-0.473977273088798;0.39270065816519284
367;-0.9366126165827104;-0.47418392792965003;0.39119417776031173
368;-0.9368090615083042;-0.47438882490606493;0.38969799072502687
369;-0.9370055159938059;-0.4745919930704946;0.3882120153333791
370;-0.9372019319459516;-0.47479346117168325;0.38673616939262795
371;-0.9373982614734552;-0.4749932576484035;0.38527037025671773
372;-0.9375944569260926;-0.4751914106233757;0.3838145348399834
373;-0.9377904709335;-0.47538794789738087;0.38236857963110127
374;-0.9379862564436088;-0.47558289694357125;0.3809324207072898
375;-0.9381817667606243;-0.475776284901988;0.3795059737487685
376;-0.9383769555824595;-0.47596813857429215;0.3780891540534783
377;-0.9385717770375428;-0.4761584844187174;0.37668187655206486
378;-0.9387661857209209;-0.4763473485452453;0.37528405582313307
379;-0.9389601367295799;-0.47653475671101947;0.37389560610876965
380;-0.9391535856969058;-0.47672073431599116;0.3725164413303337
381;-0.9393464888262226;-0.4769053063988118;0.3711464751045235
382;-0.9395388029233386;-0.4770884976329732;0.369785620759704
383;-0.9397304854280419;-0.4772703323231964;0.368433791352507
384;-0.939921494444489;-0.47745083440208036;0.3670908996846951
385;-0.9401117887704307;-0.4776300274270063;0.3657568583202794
386;-0.9403013279252402;-0.4778079345773045;0.3644315796028996
387;-0.9404900721766848;-0.4779845786516853;0.36311497567344364
388;-0.9406779825664251;-0.4781599820659339;0.3618069584879184
389;-0.9408650209341862;-0.47833416685087427;0.3605074398355437
390;-0.9410511499405991;-0.47850715465059757;0.3592163313570804
391;-0.9412363330886708;-0.4786789667209609;0.35793354456336757
392;-0.9414205347438757;-0.478849623928351;0.356658990854068
393;-0.9416037201528532;-0.4790191467487166;0.3553925815366052
394;-0.9417858554607043;-0.47918755526686485;0.3541342278452846
395;-0.9419669077268842;-0.4793548691760231;0.35288384096058406
396;-0.9421468449396888;-0.4795211077776599;0.3516413320285973
397;-0.9423256360293444;-0.47968628998156737;0.35040661218062424
398;-0.9425032508797059;-0.47985043430620034;0.3491795925528867
399;-0.9426796603385774;-0.48001355887926567;0.34796018430635883
400;-0.9428548362266714;-0.48017568143856304;0.34674829864669465
401;-0.9430287513452228;-0.4803368193330705;0.3455438468442365
402;-0.9432013794822827;-0.4804969895242706;0.34434674025409273
403;-0.9433726954177177;-0.4806562085877126;0.34315689033626273
404;-0.9435426749269378;-0.48081449271480436;0.3419742086757934
405;-0.9437112947833852;-0.4809718577148321;0.3407986070029569
406;-0.9438785327598167;-0.4811283190171992;0.3396299972134207
407;-0.9440443676284105;-0.4812838916738781;0.3384682913884027
408;-0.9442087791597342;-0.48143859036207004;0.33731340181479386
409;-0.9443717481206095;-0.4815924293870708;0.33616524100521794
410;-0.9445332562709154;-0.48174542268532483;0.33502372171803396
411;-0.9446932863593605;-0.48189758382767445;0.3338887569772397
412;-0.9448518221182707;-0.4820489260227867;0.33276026009227777
413;-0.9450088482574325;-0.4821994621207572;0.33163814467771524
414;-0.9451643504570301;-0.48234920461688136;0.3305223246727901
415;-0.9453183153597127;-0.48249816565558734;0.3294127143607944
416;-0.9454707305618477;-0.48264635703452036;0.3283092283882941
417;-0.9456215846039824;-0.482793790208777;0.3272117817841576
418;-0.9457708669605703;-0.48294047629527553;0.32612028997837866
419;-0.9459185680289949;-0.48308642607725993;0.3250346688206844
420;-0.9460646791179333;-0.48323165000892876;0.3239548345989077
421;-0.9462091924350979;-0.4833761582201791;0.3228807040571092
422;-0.9463521010744036;-0.48351996052146423;0.3218121944134396
423;-0.9464933990025848;-0.4836630664087508;0.3207492233777239
424;-0.9466330810453153;-0.48380548506857474;0.31969170916875533
425;-0.9467711428728588;-0.48394722538318247;0.3186395705312873
426;-0.9469075809852899;-0.48408829593575653;0.3175927267527096
427;-0.9470423926973218;-0.4842287050157146;0.31655109767939793
428;-0.947175576122773;-0.48436846062407596;0.315514603732725
429;-0.9473071301587115;-0.4845075704788907;0.3144831659247254
430;-0.9474370544693007;-0.4846460420207198;0.313456705873396
431;-0.9475653494693892;-0.4847838824181674;0.3124351458176306
432;-0.9476920163078715;-0.48492109857344945;0.311418408631781
433;-0.947817056850836;-0.4850576971280042;0.31040641783982054
434;-0.9479404736645621;-0.48519368446812283;0.30939909762912493
435;-0.9480622699983523;-0.485329066730612;0.30839637286384425
436;-0.9481824497672584;-0.4854638498084657;0.30739816909786966
437;-0.9483010175347115;-0.4855980393565553;0.3064044125873823
438;-0.9484179784950868;-0.48573164079731973;0.3054150303029854
439;-0.9485333384562181;-0.4858646593264597;0.304429949941405
440;-0.9486471038218987;-0.4859970999186257;0.30344909993676883
441;-0.9487592815743735;-0.4861289673330969;0.30247240947144205
442;-0.9488698792568563;-0.4862602661194444;0.3014998084864305
443;-0.9489789049560842;-0.48639100062317536;0.30053122769134205
444;-0.9490863672849281;-0.4865211749913536;0.29956659857390355
445;-0.9491922753650817;-0.4866507931781913;0.29860585340903595
446;-0.9492966388098367;-0.48677985895060905;0.29764892526747516
447;-0.9493994677069718;-0.4869083758937569;0.2966957480239576
448;-0.9495007726017569;-0.48703634741649665;0.2957462563649466
449;-0.9496005644800987;-0.4871637767568411;0.294800385795917
450;-0.9496988547518297;-0.487290666987342;0.29385807264819097
451;-0.9497956552341646;-0.48741702102043044;0.2929192540853296
452;-0.9498909781353237;-0.4875428416136995;0.29198386810907406
453;-0.949984836038342;-0.48766813137513343;0.2910518535648523
454;-0.9500772418850717;-0.4877928927682723;0.2901231501468357
455;-0.9501682089603882;-0.4879171281173169;0.2891976984025643
456;-0.9502577508766048;-0.48804083961216593;0.2882754397371362
457;-0.9503458815581074;-0.48816402931338726;0.2873563164169632
458;-0.9504326152262171;-0.4882866991571164;0.2864402715730964
459;-0.9505179663842842;-0.48840885095988507;0.28552724920413736
460;-0.9506019498030207;-0.48853048642337504;0.28461719417871895
461;-0.9506845805060812;-0.48865160713909317;0.2837100522375777
462;-0.9507658737558868;-0.48877221459297293;0.2828057699952173
463;-0.9508458450397098;-0.4888923101698936;0.28190429494116326
464;-0.9509245100560129;-0.4890118951581201;0.2810055754408259
465;-0.9510018847010471;-0.48913097075366097;0.28010956073596355
466;-0.9510779850557212;-0.4892495380645412;0.27921620094476446
467;-0.9511528273727307;-0.4893675981149952;0.27832544706154677
468;-0.9512264280639622;-0.4894851518495708;0.27743725095608507
469;-0.9512988036881598;-0.4896022001371496;0.2765515653725688
470;-0.9513699709388755;-0.4897187437748802;0.27566834392820366
471;-0.95143994663268;-0.48983478349202514;0.27478754111145975
472;-0.9515087476976569;-0.48995031995372085;0.2739091122799702
473;-0.9515763911621655;-0.4900653537646478;0.2730330136580994
474;-0.9516428941438788;-0.49017988547261704;0.2721592023341731
475;-0.9517082738390941;-0.49029391557206403;0.27128763625739105
476;-0.9517725475123193;-0.49040744450745677;0.2704182742344234
477;-0.9518357324861274;-0.49052047267661736;0.2695510759257016
478;-0.9518978461312846;-0.4906330004339534;0.2686860018414056
479;-0.9519589058571458;-0.49074502809360254;0.2678230133371666
480;-0.9520189291023186;-0.4908565559324898;0.26696207260948435
481;-0.9520779333255955;-0.4909675841932998;0.26610314269086893
482;-0.9521359359971451;-0.49107811308735966;0.2652461874447186
483;-0.9521929545899709;-0.4911881427974377;0.2643911715599394
484;-0.9522490065716229;-0.49129767348045694;0.26353806054531315
485;-0.9523041093961735;-0.4914067052701236;0.2626868207236291
486;-0.9523582804964388;-0.49151523827947186;0.26183741922557846
487;-0.9524115372764586;-0.4916232726033251;0.2609898239834236
488;-0.9524638971042219;-0.49173080832067595;0.26014400372445834
489;-0.9525153773046329;-0.49183784549698456;0.2592999279642506
490;-0.9525659951527284;-0.49194438418639397;0.25845756699969435
491;-0.9526157678671254;-0.49205042443387076;0.2576168919018649
492;-0.9526647126037041;-0.49215596627726355;0.25677787450869305
493;-0.952712846449529;-0.49226100974928444;0.25594048741746395
494;-0.9527601864169902;-0.492365554879416;0.2551047039771496
495;-0.9528067494381754;-0.49246960169574105;0.25427049828058135
496;-0.9528525523594563;-0.4925731502267001;0.25343784515647394
497;-0.9528976119362953;-0.49267620050277344;0.25260672016130237
498;-0.9529419448282667;-0.49277875255809467;0.2517770995710517
499;-0.9529855675942804;-0.4928808064319923;0.25094896037282705
500;-0.9530284966880183;-0.4929823621704612;0.25012228025635586
501;-0.953070748453564;-0.49308341982756754;0.24929703760537036
502;-0.9531123391212384;-0.4931839794667876;0.24847321148888785
503;-0.9531532848036197;-0.4932840411622793;0.2476507816523929
504;-0.9531936014917575;-0.49338360500009126;0.24682972850892937
505;-0.9532333050515697;-0.49348267107930965;0.2460100331301069
506;-0.9532724112204229;-0.4935812395131408;0.2451916772370369
507;-0.9533109356038854;-0.49367931042993973;0.2443746431911879
508;-0.9533488936726597;-0.4937768839741714;0.24355891398519203
509;-0.9533863007596743;-0.4938739603073249;0.24274447323358272
510;-0.9534231720573505;-0.49397053960876236;0.24193130516349115
511;-0.9534595226150226;-0.4940666220765192;0.24111939460529297
512;-0.9534953673365185;-0.4941622079280502;0.24030872698322137
513;-0.9535307209778936;-0.4942572974009218;0.23949928830594758
514;-0.9535655981453088;-0.4943518907534554;0.23869106515713545
515;-0.9536000132930627;-0.49444598826532193;0.2378840446859779
516;-0.9536339807217529;-0.49453959023808775;0.2370782145977154
517;-0.9536675145765876;-0.494632696995714;0.23627356314415054
518;-0.9537006288458205;-0.49472530888501215;0.23547007911415624
519;-0.9537333373593191;-0.494817426276054;0.2346677518241866
520;-0.9537656537872614;-0.49490904956254034;0.2338665711087945
521;-0.9537975916389531;-0.495000179162129;0.2330665273111598
522;-0.9538291642617609;-0.4950908155167201;0.23226761127363738
523;-0.9538603848401659;-0.495180959092707;0.2314698143283226
524;-0.9538912663949239;-0.4952706103811858;0.23067312828764364
525;-0.9539218217823391;-0.49535976989813146;0.22987754543498318
526;-0.9539520636936372;-0.49544843818453654;0.22908305851533778
527;-0.9539820046544425;-0.49553661580652053;0.22828966072600815
528;-0.9540116570243535;-0.49562430335540053;0.22749734570733787
529;-0.9540410329966118;-0.49571150144773474;0.2267061075334948
530;-0.9540701445978625;-0.4957982107253371;0.22591594070330123
531;-0.9540990036880054;-0.4958844318552573;0.22512684013112078
532;-0.9541276219601258;-0.49597016552973894;0.22433880113779403
533;-0.9541560109405163;-0.4960554124661458;0.22355181944164149
534;-0.9541841819887662;-0.49614017340686667;0.22276589114952317
535;-0.9542121462979398;-0.49622444911919217;0.2219810127479665
536;-0.9542399148948151;-0.4963082403951704;0.2211971810943602
537;-0.9542674986402061;-0.49639154805143815;0.2204143934082216
538;-0.9542949082293399;-0.4964743729290307;0.21963264726253368
539;-0.9543221541923105;-0.4965567158931733;0.21885194057515855
540;-0.9543492468945858;-0.49663857783304943;0.21807227160033416
541;-0.95437619653758;-0.49671995966155347;0.2172936389202435
542;-0.9544030131592796;-0.49680086231502274;0.21651604143666836
543;-0.9544297066349288;-0.49688128675295584;0.21573947836273194
544;-0.9544562866777604;-0.4969612339577126;0.21496394921472223
545;-0.9544827628397844;-0.4970407049341994;0.21418945380400184
546;-0.9545091445126179;-0.49711970070954004;0.21341599222901386
547;-0.9545354409283638;-0.49719822233273503;0.21264356486737013
548;-0.9545616611605332;-0.4972762708743044;0.21187217236804
549;-0.9545878141250048;-0.49735384742592237;0.21110181564362712
550;-0.9546139085810279;-0.4974309531000395;0.21033249586273844
551;-0.9546399531322611;-0.4975075890294931;0.20956421444245765
552;-0.954665956227845;-0.4975837563671093;0.20879697304090844
553;-0.9546919261635072;-0.4976594562852966;0.20803077354991378
554;-0.9547178710827031;-0.4977346899756301;0.207265618087764
555;-0.9547437989777804;-0.4978094586484283;0.20650150899206976
556;-0.9547697176911736;-0.4978837635323228;0.20573844881272518
557;-0.9547956349166291;-0.49795760587382143;0.20497644030496792
558;-0.954821558200444;-0.4980309869368669;0.20421548642254295
559;-0.9548474949427381;-0.4981039080023891;0.2034555903109576
560;-0.9548734523987433;-0.4981763703678511;0.20269675530085152
561;-0.9548994376801103;-0.4982483753467948;0.20193898490146095
562;-0.9549254577562363;-0.49831992426838057;0.20118228279418493
563;-0.9549515194556082;-0.4983910184769239;0.20042665282625427
564;-0.9549776294671641;-0.4984616593314297;0.19967209900450666
565;-0.9550037943416643;-0.49853184820512564;0.19891862548925415
566;-0.955030020493078;-0.4986015864849904;0.198166236588267
567;-0.9550563141999815;-0.4986708755712873;0.19741493675084415
568;-0.9550826816069656;-0.49873971687708896;0.19666473056199674
569;-0.9551091287260551;-0.49880811182780893;0.19591562273672591
570;-0.9551356614381311;-0.49887606186072697;0.19516761811440742
571;-0.9551622854943669;-0.4989435684245208;0.19442072165327323
572;-0.9551890065176645;-0.49901063297879455;0.19367493842499345
573;-0.9552158300041;-0.4990772569936092;0.19293027360936177
574;-0.9552427613243704;-0.4991434419490163;0.1921867324890738
575;-0.9552698057252453;-0.4992091893345898;0.19144432044461585
576;-0.9552969683310201;-0.49927450064896506;0.19070304294923507
577;-0.9553242541449716;-0.4993393773993752;0.18996290556402567
578;-0.9553516680508118;-0.4994038211011939;0.1892239139330994
579;-0.9553792148141463;-0.499467833277479;0.18848607377885662
580;-0.9554068990839251;-0.4995314154585204;0.1877493908973547
581;-0.9554347253938987;-0.4995945691813912;0.1870138711537701
582;-0.9554626981640679;-0.499657295989502;0.18627952047795387
583;-0.9554908217021301;-0.4997195974321603;0.18554634486008104
584;-0.9555191002049258;-0.49978147506413256;0.1848143503463961
585;-0.9555475377598768;-0.4998429304452131;0.18408354303504093
586;-0.9555761383464234;-0.49990396513979285;0.18335392907198866
587;-0.9556049058374517;-0.4999645807164397;0.1826255146470495
588;-0.9556338440007214;-0.5000247787474762;0.18189830598998502
589;-0.9556629565002794;-0.5000845608085692;0.18117230936669293
590;-0.9556922468978757;-0.5001439284783196;0.18044753107549083
591;-0.955721718654365;-0.5002028833378594;0.17972397744348373
592;-0.9557513751311011;-0.5002614269704563;0.17900165482301306
593;-0.9557812195913302;-0.5003195609611197;0.1782805695881962
594;-0.9558112552015668;-0.5003772868962155;0.1775607281315429
595;-0.9558414850329675;-0.5004346063630862;0.17684213686066125
596;-0.9558719120626908;-0.5004915209496761;0.17612480219503895
597;-0.9559025391752523;-0.5005480322441636;0.17540873056290868
598;-0.955933369163865;-0.5006041418345993;0.17469392839819253
599;-0.955964404731776;-0.5006598513085494;0.17398040213752214
600;-0.9559956484935861;-0.5007151622527475;0.17326815821734026
601;-0.9560271029765642;-0.5007700762527498;0.17255720307107553
602;-0.9560587706219474;-0.5008245948926004;0.17184754312639378
603;-0.9560906537862323;-0.5008787197544989;0.17113918480252605
604;-0.956122754742456;-0.5009324524184797;0.17043213450766231
605;-0.9561550756814624;-0.5009857944620915;0.16972639863642647
606;-0.9561876187131596;-0.501038747460089;0.1690219835674196
607;-0.9562203858677645;-0.501091312984129;0.1683188956608267
608;-0.956253379097039;-0.5011434926024728;0.1676171412561035
609;-0.9562866002755072;-0.5011952878796957;0.16691672666972357
610;-0.9563200512016694;-0.5012467003764036;0.16621765819299505
611;-0.9563537335991948;-0.5012977316489566;0.1655199420899443
612;-0.9563876491181103;-0.5013483832491977;0.16482358459526036
613;-0.956421799335972;-0.5013986567241903;0.16412859191230983
614;-0.9564561857590258;-0.5014485536159613;0.16343497021120906
615;-0.9564908098233553;-0.5014980754612508;0.16274272562696201
616;-0.9565256728960172;-0.5015472237912701;0.162051864257656
617;-0.9565607762761648;-0.5015960001314644;0.16136239216271914
618;-0.9565961211961589;-0.5016444060012832;0.1606743153612375
619;-0.9566317088226641;-0.5016924429139582;0.15998763983032865
620;-0.9566675402577363;-0.501740112376286;0.15930237150357285
621;-0.9567036165398921;-0.5017874158884199;0.15861851626949802
622;-0.9567399386451741;-0.5018343549436658;0.1579360799701262
623;-0.9567765074881913;-0.5018809310282872;0.15725506839956477
624;-0.9568133239231609;-0.5019271456213149;0.15657548730266097
625;-0.9568503887449265;-0.5019730001943643;0.1558973423736999
626;-0.9568877026899659;-0.5020184962114596;0.15522063925515722
627;-0.9569252664373947;-0.5020636351288619;0.154545383536505
628;-0.9569630806099455;-0.5021084183949076;0.1538715807530628
629;-0.9570011457749412;-0.5021528474498527;0.15319923638490096
630;-0.9570394624452541;-0.502196923725718;0.1525283558557845
631;-0.9570780310802569;-0.5022406486461489;0.15185894453217524
632;-0.9571168520867519;-0.5022840236262758;0.1511910077222704
633;-0.9571559258198982;-0.5023270500725827;0.15052455067508752
634;-0.9571952525841205;-0.5023697293827816;0.1498595785796018
635;-0.9572348326340063;-0.5024120629456935;0.14919609656391197
636;-0.9572746661751939;-0.502454052141136;0.14853410969446362
637;-0.9573147533652482;-0.502495698339815;0.1478736229753062
638;-0.9573550943145158;-0.5025370029032241;0.14721464134739098
639;-0.9573956890869844;-0.5025779671835504;0.14655716968791355
640;-0.9574365377011147;-0.5026185925235839;0.1459012128096887
641;-0.9574776401306715;-0.5026588802566363;0.14524677546057085
642;-0.9575189963055364;-0.5026988317064617;0.14459386232291022
643;-0.9575606061125115;-0.5027384481871855;0.14394247801304172
644;-0.957602469396112;-0.502777731003239;0.14329262708081558
645;-0.9576445859593492;-0.5028166814492979;0.14264431400916044
646;-0.9576869555644965;-0.5028553008102287;0.1419975432136828
647;-0.9577295779338495;-0.5028935903610383;0.14135231904229895
648;-0.9577724527504727;-0.5029315513668315;0.1407086457748996
649;-0.9578155796589374;-0.5029691850827709;0.14006652762305194
650;-0.9578589582660451;-0.503006492754045;0.13942596872972657
651;-0.9579025881415419;-0.5030434756158404;0.13878697316906158
652;-0.9579464688188236;-0.503080134893318;0.138149544946153
653;-0.9579905997956286;-0.503116471801597;0.13751368799687813
654;-0.9580349805347195;-0.5031524875457414;0.13687940618774497
655;-0.9580796104645557;-0.5031881833207523;0.13624670331577482
656;-0.9581244889799572;-0.5032235603115677;0.13561558310840677
657;-0.9581696154427523;-0.5032586196930615;0.1349860492234346
658;-0.9582149891824239;-0.5032933626300534;0.1343581052489674
659;-0.9582606094967364;-0.5033277902773203;0.1337317547034173
660;-0.9583064756523616;-0.5033619037796114;0.13310700103551304
661;-0.9583525868854867;-0.5033957042716732;0.13248384762433518
662;-0.9583989424024193;-0.50342919287827;0.13186229777938085
663;-0.9584455413801773;-0.5034623707142198;0.13124235474064855
664;-0.958492382967075;-0.5034952388844252;0.1306240216787431
665;-0.9585394662832933;-0.5035277984839136;0.13000730169501262
666;-0.9585867904214462;-0.5035600505978821;0.1293921978216953
667;-0.958634354447134;-0.5035919963017431;0.12877871302209687
668;-0.9586821573994917;-0.5036236366611775;0.1281668501907844
669;-0.9587301982917233;-0.5036549727321886;0.12755661215380165
670;-0.9587784761116318;-0.5036860055611659;0.1269480016689008
671;-0.9588269898221378;-0.5037167361849446;0.1263410214258019
672;-0.9588757383617876;-0.5037471656308765;0.12573567404645913
673;-0.9589247206452594;-0.5037772949168999;0.12513196208535493
674;-0.9589739355638541;-0.5038071250516152;0.1245298880298073
675;-0.9590233819859795;-0.5038366570343656;0.12392945430029245
676;-0.9590730587576297;-0.5038658918553167;0.12333066325078945
677;-0.959122964702851;-0.5038948304955457;0.12273351716913672
678;-0.9591730986242037;-0.5039234739271292;0.12213801827740306
679;-0.9592234593032148;-0.5039518231132367;0.12154416873227947
680;-0.9592740455008204;-0.5039798790082279;0.12095197062548002
681;-0.9593248559578036;-0.504007642557751;0.12036142598415639
682;-0.9593758893952253;-0.5040351146988467;0.11977253677133459
683;-0.9594271445148417;-0.5040622963600545;0.11918530488635182
684;-0.9594786199995209;-0.5040891884615203;0.11859973216531738
685;-0.9595303145136485;-0.50411579191511;0.11801582038157932
686;-0.9595822267035272;-0.5041421076245244;0.1174335712462069
687;-0.9596343551977657;-0.504168136485417;0.11685298640847996
688;-0.9596866986076675;-0.5041938793855137;0.11627406745639374
689;-0.9597392555276062;-0.5042193372047385;0.11569681591717157
690;-0.9597920245353964;-0.5042445108153369;0.11512123325778878
691;-0.959845004192657;-0.5042694010820078;0.11454732088550507
692;-0.9598981930451689;-0.504294008862032;0.11397508014840779
693;-0.9599515896232265;-0.504318335005407;0.11340451233596105
694;-0.9600051924419778;-0.5043423803549838;0.11283561867956926
695;-0.9600590000017659;-0.5043661457466038;0.11226840035314073
696;-0.9601130107884562;-0.5043896320092409;0.11170285847366396
697;-0.9601672232737647;-0.5044128399651433;0.11113899410179273
698;-0.9602216359155717;-0.5044357704299791;0.11057680824243116
699;-0.9602762471582391;-0.5044584242129841;0.11001630184533168
700;-0.9603310554329115;-0.5044808021171078;0.10945747580569687
701;-0.9603860591578206;-0.5045029049391676;0.1089003309647868
702;-0.9604412567385756;-0.5045247334699998;0.10834486811052979
703;-0.9604966465684563;-0.504546288494615;0.10779108797814291
704;-0.9605522270286919;-0.5045675707923534;0.10723899125075104
705;-0.9606079964887397;-0.5045885811370423;0.10668857856001623
706;-0.9606639533065581;-0.5046093202971573;0.10613985048676505
707;-0.9607200958288706;-0.504629789035981;0.10559280756162465
708;-0.9607764223914277;-0.5046499881117666;0.1050474502656567
709;-0.9608329313192638;-0.5046699182779015;0.10450377903099889
710;-0.9608896209269467;-0.5046895802830711;0.1039617942415067
711;-0.9609464895188224;-0.5047089748714262;0.10342149623339708
712;-0.9610035353892565;-0.5047281027827493;0.1028828852958939
713;-0.9610607568228698;-0.5047469647526241;0.10234596167187415
714;-0.9611181520947691;-0.5047655615126032;0.10181072555851994
715;-0.9611757194707722;-0.5047838937903797;0.1012771771079623
716;-0.9612334572076309;-0.5048019623099576;0.10074531642793583
717;-0.9612913635532454;-0.5048197677918245;0.1002151435824234
718;-0.9613494367468802;-0.5048373109531228;0.09968665859230952
719;-0.9614076750193687;-0.5048545925078243;0.09915986143602906
720;-0.9614660765933178;-0.5048716131669047;0.09863475205021188
721;-0.9615246396833078;-0.5048883736385161;0.09811133033033526
722;-0.9615833624960877;-0.5049048746281629;0.09758959613136431
723;-0.961642243230766;-0.504921116838877;0.09706954926840172
724;-0.9617012800789961;-0.5049371009713938;0.09655118951732405
725;-0.9617604712251644;-0.5049528277243271;0.096034516615427
726;-0.9618198148465642;-0.5049682977943462;0.09551953026206028
727;-0.9618793091135746;-0.5049835118763504;0.09500623011926285
728;-0.9619389521898325;-0.504998470663647;0.09449461581239421
729;-0.9619987422323996;-0.5050131748481268;0.09398468693076367
730;-0.9620586773919297;-0.5050276251204386;0.09347644302825514
731;-0.9621187558128275;-0.5050418221701678;0.09296988362394837
732;-0.9621789756334087;-0.5050557666860099;0.09246500820273457
733;-0.9622393349860561;-0.5050694593559466;0.09196181621593219
734;-0.9622998319973682;-0.5050829008674209;0.09146030708189207
735;-0.9623604647883113;-0.5050960919075115;0.09096048018660285
736;-0.9624212314743636;-0.5051090331631072;0.09046233488428834
737;-0.962482130165659;-0.5051217253210796;0.08996587049800281
738;-0.9625431589671254;-0.5051341690684563;0.08947108632021689
739;-0.962604315978624;-0.5051463650925945;0.08897798161340026
740;-0.9626655992950834;-0.5051583140813499;0.0884865556105986
741;-0.9627270070066322;-0.5051700167232498;0.08799680751600392
742;-0.9627885371987257;-0.5051814737076603;0.08750873650551799
743;-0.9628501879522768;-0.5051926857249579;0.08702234172731188
744;-0.9629119573437772;-0.5052036534666957;0.08653762230237405
745;-0.9629738434454234;-0.5052143776257694;0.08605457732505606
746;-0.9630358443252343;-0.5052248588965842;0.08557320586361111
747;-0.9630979580471681;-0.5052350979752198;0.08509350696072338
748;-0.963160182671243;-0.5052450955595909;0.08461547963402682
749;-0.963222516253647;-0.5052548523496114;0.08413912287662839
750;-0.9632849568468509;-0.505264369047354;0.083664435657608
751;-0.9633475024997203;-0.5052736463572094;0.08319141692252213
752;-0.963410151257623;-0.5052826849860429;0.08272006559389627
753;-0.9634729011625329;-0.5052914856433524;0.08225038057170486
754;-0.9635357502531428;-0.5053000490414196;0.08178236073385242
755;-0.9635986965649598;-0.5053083758954658;0.08131600493663382
756;-0.9636617381304136;-0.5053164669238007;0.0808513120152008
757;-0.9637248729789532;-0.5053243228479726;0.08038828078400612
758;-0.9637880991371491;-0.5053319443929157;0.07992691003724606
759;-0.9638514146287922;-0.5053393322870936;0.07946719854929596
760;-0.9639148174749872;-0.5053464872626465;0.07900914507513163
761;-0.9639783056942528;-0.5053534100555289;0.07855274835074416
762;-0.9640418773026131;-0.5053601014056512;0.07809800709354453
763;-0.964105530313697;-0.5053665620570159;0.07764492000276385
764;-0.9641692627388243;-0.5053727927578535;0.07719348575983598
765;-0.9642330725871042;-0.505378794260755;0.07674370302877942
766;-0.9642969578655234;-0.505384567322803;0.07629557045656166
767;-0.9643609165790379;-0.5053901127056992;0.0758490866734634
768;-0.9644249467306629;-0.5053954311758909;0.07540425029342329
769;-0.9644890463215643;-0.5054005235046957;0.07496105991437985
770;-0.9645532133511465;-0.5054053904684204;0.07451951411860358
771;-0.9646174458171387;-0.5054100328484813;0.07407961147301534
772;-0.964681741715689;-0.5054144514315208;0.07364135052949672
773;-0.9647460990414486;-0.5054186470095188;0.07320472982519605
774;-0.9648105157876585;-0.5054226203799064;0.07276974788281448
775;-0.964874989946241;-0.5054263723456718;0.07233640321089285
776;-0.964939519507884;-0.5054299037154683;0.07190469430408053
777;-0.9650041024621309;-0.505433215303714;0.07147461964340035
778;-0.9650687367974652;-0.5054363079306959;0.07104617769649851
779;-0.965133420501401;-0.5054391824226636;0.07061936691789217
780;-0.9651981515605678;-0.5054418396119263;0.07019418574919856
781;-0.9652629279607998;-0.5054442803369429;0.06977063261936
782;-0.9653277476872244;-0.5054465054424109;0.06934870594486137
783;-0.9653926087243476;-0.505448515779353;0.06892840412992757
784;-0.9654575090561452;-0.5054503122051994;0.06850972556672524
785;-0.9655224466661508;-0.5054518955838672;0.06809266863554436
786;-0.9655874195375433;-0.5054532667858371;0.06767723170497447
787;-0.9656524256532397;-0.5054544266882284;0.06726341313207163
788;-0.9657174629959819;-0.505455376174868;0.06685121126251453
789;-0.9657825295484301;-0.5054561161363588;0.06644062443075388
790;-0.965847623293252;-0.5054566474701438;0.06603165096014868
791;-0.9659127422132154;-0.5054569710805676;0.0656242891630941
792;-0.9659778842912823;-0.5054570878789336;0.06521853734114708
793;-0.9660430475106966;-0.5054569987835609;0.0648143937851291
794;-0.9661082298550867;-0.5054567047198332;0.0644118567752367
795;-0.9661734293085521;-0.5054562066202494;0.06401092458112706
796;-0.9662386438557645;-0.5054555054244683;0.06361159546200612
797;-0.9663038714820604;-0.5054546020793493;0.0632138676667045
798;-0.966369110173541;-0.5054534975389928;0.06281773943374397
799;-0.9664343579171685;-0.5054521927647759;0.06242320899139375
800;-0.9664996127008663;-0.5054506887253813;0.06203027455772353
801;-0.9665648725136198;-0.50544898639683;0.06163893434064538
802;-0.9666301353455751;-0.505447086762504;0.06124918653794509
803;-0.9666953991881426;-0.5054449908131708;0.060861029337308914
804;-0.966760662034102;-0.5054426995469998;0.06047446091634412
805;-0.966825921877703;-0.5054402139695798;0.06008947944258741
806;-0.9668911767147721;-0.5054375350939309;0.059706083073504335
807;-0.9669564245428199;-0.5054346639405122;0.05932426995649159
808;-0.967021663361149;-0.5054316015372291;0.058944038228856965
809;-0.9670868911709609;-0.5054283489194343;0.05856538601780564
810;-0.9671521059754662;-0.5054249071299268;0.05818831144041192
811;-0.9672173057799986;-0.5054212772189483;0.05781281260358534
812;-0.9672824885921233;-0.5054174602441749;0.05743888760403093
813;-0.9673476524217539;-0.5054134572707065;0.05706653452820443
814;-0.9674127952812637;-0.5054092693710521;0.05669575145225597
815;-0.967477915185607;-0.5054048976251123;0.05632653644197316
816;-0.9675430101524298;-0.5054003431201587;0.05595888755271794
817;-0.9676080782021933;-0.5053956069508103;0.05559280282934881
818;-0.9676731173582933;-0.5053906902190043;0.05522828030615107
819;-0.9677381256471778;-0.5053855940339677;0.05486531800674932
820;-0.9678031010984738;-0.5053803195121824;0.05450391394402221
821;-0.9678680417451067;-0.5053748677773483;0.05414406612000816
822;-0.9679329456234289;-0.505369239960343;0.05378577252580674
823;-0.9679978107733451;-0.5053634371991785;0.05342903114147718
824;-0.9680626352384366;-0.5053574606389555;0.053073839935930456
825;-0.9681274170660943;-0.5053513114318128;0.05272019686681456
826;-0.9681921543076462;-0.5053449907368751;0.05236809988040042
827;-0.9682568450184883;-0.5053384997201965;0.052017546911461154
828;-0.9683214872582202;-0.5053318395547033;0.05166853588314663
829;-0.9683860790907743;-0.5053250114201308;0.051321064706853714
830;-0.9684506185845543;-0.5053180165029579;0.050975131282098796
831;-0.9685151038125681;-0.5053108559963425;0.05063073349637642
832;-0.9685795328525697;-0.5053035311000469;0.05028786922502437
833;-0.9686439037871936;-0.5052960430203663;0.04994653633108387
834;-0.9687082147040942;-0.5052883929700526;0.049606732665148756
835;-0.9687724636960924;-0.5052805821682335;0.049268456065225286
836;-0.9688366488613098;-0.5052726118403329;0.0489317043565799
837;-0.968900768303316;-0.5052644832179833;0.048596475351585955
838;-0.9689648201312736;-0.5052561975389408;0.04826276684957154
839;-0.9690288024600815;-0.5052477560469926;0.04793057663666472
840;-0.9690927134105207;-0.5052391599918659;0.04759990248563439
841;-0.9691565511094045;-0.5052304106291311;0.04727074215573229
842;-0.9692203136897226;-0.5052215092201052;0.046943093392533
843;-0.9692839992907958;-0.5052124570317498;0.04661695392777265
844;-0.9693476060584195;-0.5052032553365691;0.04629232147918555
845;-0.9694111321450216;-0.5051939054125033;0.045969193750343085
846;-0.96947457570981;-0.5051844085428223;0.04564756843048956
847;-0.9695379349189264;-0.5051747660160143;0.04532744319437709
848;-0.9696012079456025;-0.5051649791256735;0.04500881570210291
849;-0.9696643929703104;-0.505155049170385;0.04469168359894482
850;-0.9697274881809215;-0.5051449774536095;0.0443760445151975
851;-0.9697904917728599;-0.5051347652835619;0.04406189606600919
852;-0.9698534019492602;-0.5051244139730918;0.04374923585121615
853;-0.9699162169211257;-0.5051139248395591;0.04343806145518364
854;-0.9699789349074847;-0.5051032992047094;0.04312837044664286
855;-0.97004155413555;-0.5050925383945466;0.04282016037852926
856;-0.9701040728408763;-0.505081643739203;0.0425134287878256
857;-0.9701664892675241;-0.5050706165728095;0.04220817319540293
858;-0.9702288016682129;-0.5050594582333634;0.041904391105861416
859;-0.9702910083044889;-0.50504817006259;0.041602080007382025
860;-0.9703531074468787;-0.5050367534058112;0.04130123737156727
861;-0.9704150973750576;-0.5050252096118053;0.04100186065329242
862;-0.9704769763780048;-0.5050135400326669;0.04070394729055993
863;-0.9705387427541686;-0.5050017460236673;0.04040749470434862
864;-0.9706003948116264;-0.5049898289431116;0.04011250029846958
865;-0.9706619308682497;-0.5049777901521941;0.039818961459430646
866;-0.9707233492518614;-0.5049656310148547;0.039526875556291086
867;-0.9707846483004027;-0.5049533528976305;0.039236239940529605
868;-0.9708458263620916;-0.5049409571695094;0.03894705194591214
869;-0.9709068817955872;-0.5049284452017803;0.03865930888835839
870;-0.9709678129701516;-0.5049158183678837;0.03837300806582117
871;-0.9710286182658099;-0.5049030780432603;0.03808814675815947
872;-0.9710892960735162;-0.5048902256051985;0.03780472222702197
873;-0.971149844795309;-0.5048772624326814;0.037522731715729174
874;-0.9712102628444785;-0.5048641899062333;0.03724217244916328
875;-0.9712705486457227;-0.5048510094077638;0.0369630416336621
876;-0.9713307006353111;-0.5048377223204142;0.03668533645690991
877;-0.9713907172612444;-0.504824330028398;0.03640905408784467
878;-0.9714505969834113;-0.5048108339168469;0.03613419167655885
879;-0.9715103382737509;-0.5047972353716517;0.03586074635420716
880;-0.9715699396164107;-0.5047835357793036;0.03558871523292395
881;-0.9716293995079028;-0.5047697365267374;0.03531809540573838
882;-0.9716887164572622;-0.5047558390011712;0.035048883946499076
883;-0.9717478889862037;-0.5047418445899462;0.03478107790979995
884;-0.9718069156292759;-0.5047277546803693;0.03451467433091249
885;-0.9718657949340187;-0.5047135706595508;0.03424967022572517
886;-0.9719245254611135;-0.5046992939142451;0.033986062590681765
887;-0.971983105784541;-0.5046849258306909;0.0337238484027329
888;-0.9720415344917283;-0.50467046779445;0.033463024619284854
889;-0.972099810183704;-0.5046559211902475;0.033203588178159105
890;-0.9721579314752435;-0.5046412874018107;0.03294553599755362
891;-0.9722158969950241;-0.5046265678117097;0.032688864976012644
892;-0.9722737053857663;-0.5046117638011968;0.0324335719923996
893;-0.9723313553043824;-0.5045968767500466;0.032179653905874794
894;-0.9723888454221231;-0.5045819080363962;0.03192710755588224
895;-0.9724461744247186;-0.5045668590365875;0.031675929762136235
896;-0.9725033410125236;-0.5045517311250045;0.031426117324620084
897;-0.9725603439006534;-0.5045365256739194;0.031177667023586486
898;-0.9726171818191279;-0.5045212440533311;0.030930575619562195
899;-0.9726738535130077;-0.50450588763081;0.030684839853362622
900;-0.9727303577425295;-0.5044904577713398;0.03044045644610982
901;-0.9727866932832405;-0.5044749558371614;0.030197422099255133
902;-0.9728428589261322;-0.5044593831876178;0.029955733494611003
903;-0.9728988534777708;-0.5044437411789998;0.029715387294382223
904;-0.972954675760426;-0.5044280311643908;0.02947638014121229
905;-0.9730103246121995;-0.5044122544935146;0.029238708658227586
906;-0.9730657988871481;-0.5043964125125834;0.02900236944908835
907;-0.9731210974554106;-0.504380506564146;0.028767359098051115
908;-0.9731762192033269;-0.5043645379869371;0.028533674170030943
909;-0.9732311630335575;-0.5043485081157307;0.028301311210671642
910;-0.9732859278652015;-0.5043324182811881;0.028070266746421435
911;-0.9733405126339134;-0.5043162698097152;0.02784053728461583
912;-0.9733949162920124;-0.5043000640233131;0.027612119313564776
913;-0.9734491378085972;-0.5042838022394365;0.02738500930264315
914;-0.9735031761696533;-0.5042674857708488;0.027159203702394497
915;-0.973557030378158;-0.5042511159254816;0.02693469894463152
916;-0.9736106994541864;-0.504234694006293;0.026711491442550417
917;-0.973664182435011;-0.5042182213111297;0.026489577590841473
918;-0.9737174783752042;-0.5042016991325889;0.026268953765815173
919;-0.973770586346731;-0.5041851287578824;0.026049616325528657
920;-0.9738235054390466;-0.504168511468702;0.02583156160991601
921;-0.9738762347591858;-0.5041518485410874;0.025614785940928864
922;-0.9739287734318538;-0.5041351412452935;0.02539928562267796
923;-0.9739811205995127;-0.5041183908456622;0.025185056941585793
924;-0.9740332754224637;-0.5041015986004941;0.024972096166535895
925;-0.9740852370789297;-0.5040847657619223;0.024760399549036083
926;-0.9741370047651345;-0.504067893575788;0.024549963323383273
927;-0.9741885776953766;-0.5040509832815178;0.024340783706831626
928;-0.9742399551021029;-0.5040340361120037;0.024132856899769073
929;-0.9742911362359815;-0.504017053293484;0.02392617908589756
930;-0.9743421203659632;-0.5040000360454253;0.023720746432417728
931;-0.9743929067793529;-0.5039829855804102;0.023516555090218272
932;-0.974443494781865;-0.5039659031040212;0.023313601194075162
933;-0.974493883697686;-0.5039487898147326;0.023111880862843548
934;-0.9745440728695292;-0.503931646903799;0.022911390199670423
935;-0.9745940616586858;-0.5039144755551506;0.02271212529219835
936;-0.9746438494450766;-0.5038972769452867;0.022514082212781616
937;-0.974693435627298;-0.503880052243175;0.022317257018701853
938;-0.9747428196226638;-0.503862802610149;0.022121645752394226
939;-0.9747920008672496;-0.5038455291998111;0.021927244441669214
940;-0.974840978815926;-0.5038282331579359;0.021734049099947028
941;-0.9748897529423941;-0.5038109156223759;0.021542055726492926
942;-0.9749383227392191;-0.503793577722971;0.021351260306651687
943;-0.9749866877178539;-0.5037762205814571;0.021161658812095863
944;-0.9750348474086679;-0.5037588453113813;0.020973247201068135
945;-0.9750828013609665;-0.5037414530180144;0.020786021418634726
946;-0.9751305491430087;-0.5037240447982703;0.020599977396936697
947;-0.9751780903420233;-0.503706621740625;0.02041511105545024
948;-0.9752254245642225;-0.5036891849250383;0.020231418301245085
949;-0.9752725514348057;-0.5036717354228788;0.02004889502924817
950;-0.9753194705979704;-0.5036542742968496;0.019867537122514267
951;-0.9753661817169095;-0.5036368026009194;0.019687340452492597
952;-0.975412684473814;-0.5036193213802508;0.01950830087930361
953;-0.9754589785698652;-0.503601831671139;0.019330414252012762
954;-0.9755050637252283;-0.5035843345009428;0.01915367640890786
955;-0.9755509396790429;-0.5035668308880263;0.018978083177786487
956;-0.975596606189405;-0.5035493218417004;0.018803630376235503
957;-0.9756420630333518;-0.5035318083621649;0.01863031381191732
958;-0.9756873100068391;-0.5035142914404549;0.018458129282861946
959;-0.9757323469247192;-0.5034967720583896;0.01828707257775436
960;-0.9757771736207098;-0.5034792511885227;0.018117139476230892
961;-0.9758217899473666;-0.5034617297940972;0.01794832574917249
962;-0.9758661957760446;-0.5034442088289975;0.017780627159001527
963;-0.9759103909968634;-0.5034266892377124;0.017614039459979747
964;-0.9759543755186681;-0.5034091719552917;0.01744855839851056
965;-0.9759981492689778;-0.5033916579073116;0.017284179713439818
966;-0.9760417121939463;-0.503374148009839;0.017120899136357337
967;-0.9760850642583043;-0.5033566431694008;0.016958712391903386
968;-0.9761282054453104;-0.5033391442829527;0.016797615198071214
969;-0.9761711357566899;-0.5033216522378521;0.016637603266516754
970;-0.9762138552125754;-0.5033041679118346;0.01647867230286315
971;-0.9762563638514424;-0.503286692172991;0.01632081800701063
972;-0.976298661730043;-0.5032692258797464;0.016164036073443466
973;-0.9763407489233333;-0.503251769880844;0.016008322191539692
974;-0.9763826255244008;-0.5032343250153286;0.015853672045881728
975;-0.9764242916443887;-0.503216892112535;0.015700081316564973
976;-0.9764657474124124;-0.5031994719920768;0.015547545679507946
977;-0.9765069929754788;-0.5031820654638376;0.015396060806760758
978;-0.9765480284984001;-0.5031646733279664;0.015245622366820755
979;-0.9765888541637001;-0.5031472963748743;0.01509622602493399
980;-0.9766294701715273;-0.503129935385231;0.0149478674434117
981;-0.9766698767395534;-0.5031125911299692;0.014800542281934836
982;-0.9767100741028786;-0.503095264370285;0.01465424619786565
983;-0.9767500625139272;-0.5030779558576454;0.014508974846551836
984;-0.9767898422423427;-0.5030606663337953;0.014364723881638009
985;-0.9768294135748812;-0.5030433965307679;0.014221488955368788
986;-0.9768687768152979;-0.5030261471708968;0.014079265718893785
987;-0.9769079322842376;-0.5030089189668308;0.01393804982257324
988;-0.976946880319111;-0.5029917126215491;0.013797836916281114
989;-0.9769856212739821;-0.5029745288283822;0.013658622649703522
990;-0.9770241555194394;-0.502957368271031;0.013520402672642318
991;-0.9770624834424757;-0.5029402316235903;0.013383172635312413
992;-0.977100605446356;-0.5029231195505737;0.013246928188635654
993;-0.9771385219504889;-0.502906032706941;0.01311166498454197
994;-0.9771762333902908;-0.5028889717381256;0.012977378676257312
995;-0.9772137402170513;-0.502871937280069;0.01284406491859641
996;-0.9772510428977932;-0.5028549299592486;0.012711719368252161
997;-0.9772881419151311;-0.5028379503927174;0.012580337684083731
998;-0.9773250377671268;-0.5028209991881377;0.012449915527399935
999;-0.9773617309671425;-0.5028040769438216;0.012320448562240793
1000;-0.9773982220436919;-0.5027871842487697;0.012191932455659693
