0;-0.6399187972259733;-0.37534142924316394;0.9551725643433711
1;-0.6435155410573565;-0.4835977581109607;0.7059433173598866
2;-0.6463477125197367;-0.3766102579844579;0.9524619285196421
3;-0.6488058385378656;-0.3748272735637294;1.2128500581351025
4;-0.651009939663489;-0.37760976190589346;0.941259424079794
5;-0.6530172227638267;-0.37655401057459514;1.1988173122509214
6;-0.6552781673086984;-0.46071096287983326;0.9546232041534298
7;-0.6572514075958624;-0.377220302673464;0.7209499284157662
8;-0.6592923019898864;-0.4572350656891295;0.9564706619490914
9;-0.6612658257489901;-0.4548026567483064;0.9504535920429064
10;-0.6631495942592625;-0.46065471358393967;0.7615563873683542
11;-0.6645101292165984;-0.38002886078306103;0.8779144734424457
12;-0.6655881736102134;-0.44990633714764006;1.2322516337380545
13;-0.6662820628092656;-0.4480758342878302;0.9982931460624418
14;-0.6664142665920424;-0.3833021166285566;0.869872211586896
15;-0.6660320929388889;-0.3820901162945872;0.8357189793892971
16;-0.6652443791314687;-0.44671273599400735;1.0222672508240178
17;-0.6640043910997411;-0.4468989133151662;1.2497667493685405
18;-0.6622850361504129;-0.44700783548879264;1.0450328647687912
19;-0.6600660336082389;-0.38720047616033815;0.6147218174336342
20;-0.6573909186796525;-0.3887222939271765;0.7790267384204924
21;-0.654343117887236;-0.3934823358485439;0.8236488709737932
22;-0.6508997759592111;-0.450871214277004;1.3188319592004067
23;-0.6470658046751655;-0.45306704872181214;1.0949268334648137
24;-0.6429240280325641;-0.39845535431419626;0.9570555329491577
25;-0.6384498949141941;-0.45683435025367536;1.107267103324137
26;-0.6337424856999279;-0.4036260029693215;0.9337494770696119
27;-0.6288430392625961;-0.4047648888097225;0.5705931218526521
28;-0.6238042428537639;-0.4093425356437586;0.9133595101596856
29;-0.6185649653878085;-0.46454205861155595;1.3522598627779665
30;-0.6132055015722522;-0.46999966600408694;0.965808580265857
31;-0.607773448387948;-0.41841261559854176;0.8581812789413106
32;-0.6022798393325266;-0.4176820512940602;0.55748753576077
33;-0.5967854638809172;-0.4244303175487202;0.8765590671863506
34;-0.5913126941691486;-0.4276338481825001;0.840778535545778
35;-0.5857931929152427;-0.4807718421234538;1.1844526552752537
36;-0.5802509850482521;-0.48178139512516677;1.2069970951548257
37;-0.574787993440419;-0.43703245323020823;0.6985285009251492
38;-0.5694115618801399;-0.43959056895532156;0.6684346232619077
39;-0.5641385702334364;-0.4428813677532627;0.6910647224144505
40;-0.5589742373263707;-0.44554302883441055;0.6627260375456125
41;-0.5539270972705279;-0.44857969322577124;0.8597574016228366
42;-0.5489444198860429;-0.49775028231617235;1.2095765717163494
43;-0.5440582207530271;-0.498805634251819;1.0010040168914702
44;-0.539277314828821;-0.5022819850622997;1.2124102432390829
45;-0.5346224739024231;-0.4566388561677092;0.5225923768802125
46;-0.5301288235959548;-0.4620679639020912;0.6587601724091905
47;-0.5257890716401983;-0.507539609276343;1.2181240628191667
48;-0.5216204111106928;-0.46607153456754796;0.8508002519920183
49;-0.5176351536345448;-0.5103283313186171;0.986124830147107
50;-0.5138444032538149;-0.5114919862553569;1.4095625803604277
51;-0.510251348075949;-0.4724792100062374;0.9011955936102372
52;-0.5068946948793852;-0.5148962921030522;1.1963036677725605
53;-0.5037407522656198;-0.4735997698300691;0.5416487022901528
54;-0.5008709848122478;-0.5203106846399287;1.2009874867464962
55;-0.49822809570339316;-0.47681119645948616;0.5502705166112309
56;-0.49591216267522087;-0.5224073568907666;1.1942005564222986
57;-0.4939477312844081;-0.5232431485351589;1.190309428618853
58;-0.4922620236140504;-0.4834416291675476;0.7023323250297586
59;-0.49096278691270545;-0.5212390003644747;1.33407426781792
60;-0.49007594679717853;-0.5214400187327657;1.3547655295368408
61;-0.4896312961734553;-0.5216572191394674;1.1367580984329713
62;-0.48946476306135045;-0.4827866038694473;0.5906720148594525
63;-0.48960893536495;-0.48567107449780145;0.7351335409061579
64;-0.49006899817479943;-0.4862318611584147;0.7442720906564473
65;-0.49083011780544783;-0.48442677609898277;1.0007069935104016
66;-0.49190254798024846;-0.4863383555746175;0.7562703930973336
67;-0.49347694991713964;-0.517863128924126;1.1229541371009226
68;-0.495319111775299;-0.48601323929115836;0.7680999879857232
69;-0.49764340116602385;-0.513243887209169;1.285564166014484
70;-0.5004397083327138;-0.5148264142029958;1.1217379627316113
71;-0.5036896049322025;-0.5089894974277325;1.2707944472938126
72;-0.507375992542104;-0.5065758657966095;1.2330300779922836
73;-0.5111428062975942;-0.48102496368593906;0.8002792925318696
74;-0.5149713068224567;-0.47829323890974096;1.0744429336273844
75;-0.5188594358525775;-0.4772568894639584;0.8321913274492774
76;-0.522794974821857;-0.4753504042562391;0.6771485640703745
77;-0.526773962750534;-0.4753187187365252;1.1146130563078291
78;-0.5311396103206556;-0.48906066528690206;1.228779721600833
79;-0.5358573884135746;-0.48568115658624705;1.1934905228022068
80;-0.5408951155081408;-0.4830872405701655;1.0612217012991838
81;-0.5462030041070302;-0.4787888374118329;1.216413749588009
82;-0.5517363043925746;-0.47513909146849115;0.8213604368484356
83;-0.5574397244785627;-0.4716064968333117;1.2100952848123168
84;-0.5632574421809776;-0.46789463950444615;0.8216511543627631
85;-0.5687062432073083;-0.4617396190697034;0.7009877027619145
86;-0.5741919298985071;-0.4607589408089249;1.1740983513368302
87;-0.5796447420383126;-0.4572689122716435;1.1727811210836476
88;-0.584605377009914;-0.456596094032355;1.10887924960687
89;-0.5894521095992062;-0.4505986726926349;0.768391241200753
90;-0.5941152819274481;-0.44745810807304737;1.0082612190540163
91;-0.5985296929094508;-0.44451897530339773;0.8344587283735232
92;-0.6022972204516018;-0.4500674129959573;0.6965189010393069
93;-0.6057556150850493;-0.4392875999861873;0.8406166847178586
94;-0.6088485703075478;-0.4370316787191797;0.8439538842721963
95;-0.6115256362476469;-0.43507427785759456;0.7901021496794178
96;-0.6134864685539742;-0.44644043979905884;1.0431977466842035
97;-0.6147734748098312;-0.44617905753489856;1.0578078179702282
98;-0.6154245210548122;-0.44660122816402853;0.8270303336527984
99;-0.6154652502097475;-0.44658325388921766;0.7020104019746001
100;-0.6149245750832465;-0.4477867868047911;0.8305689863350298
101;-0.6139610445421518;-0.4308845293748552;1.0592346485044917
102;-0.6124130796602631;-0.45001899516073485;0.8353643859644951
103;-0.6102983879941873;-0.45125055447660795;0.8325932713780039
104;-0.6076876494090306;-0.4295898901404132;0.8331156169481428
105;-0.6045554348188672;-0.4305546439002709;1.1366540693051912
106;-0.6008677919959112;-0.4568799153582146;0.7283107301520966
107;-0.5966552741916029;-0.4335111937253243;1.0087550044961597
108;-0.5919426791269247;-0.46165748399904677;0.8397420134297278
109;-0.5867623517477221;-0.43913818871488003;1.0312791419966467
110;-0.5811296828179885;-0.44045547859844575;1.1175926466825108
111;-0.575111021087448;-0.44455114833778886;1.0242667914507573
112;-0.568815446600422;-0.47321930610219637;0.8597855652356403
113;-0.5622429663931021;-0.4500217027321052;1.0872641301825718
114;-0.5554831364520797;-0.45447895732210386;1.0156047312620264
115;-0.5486812582989599;-0.48293665214201953;0.8773014059276157
116;-0.5418091022944381;-0.46108252534979544;1.0044149716512867
117;-0.5349312943935005;-0.4648941015946934;1.0704071165630265
118;-0.5281191597726992;-0.46928791962758504;1.0079428595473254
119;-0.521500343976484;-0.49577157616200657;0.8169244344268223
120;-0.5150112448341005;-0.47672153581364585;1.005332608246951
121;-0.5086644204095901;-0.4800501878464791;0.9971405294722162
122;-0.5025688853178858;-0.5046538300137196;0.8248978818516373
123;-0.49671085832792594;-0.5074127952565192;0.8666818901023243
124;-0.49106815952534894;-0.5100785379377031;0.8408874754940936
125;-0.48561266856583957;-0.5126673306060565;0.9318118902252113
126;-0.48023096419760525;-0.4966987852114056;0.9750230824059537
127;-0.4749233267732426;-0.49956279893798505;0.9990931534192489
128;-0.4697319296767988;-0.5200065335142947;0.8594204059159215
129;-0.46454470734796954;-0.5056475457021581;0.9273009250618626
130;-0.4594073798142028;-0.5246662080795027;0.9261675793891352
131;-0.4542128816787029;-0.5114594897096348;0.9864550268211956
132;-0.44894064668145856;-0.5143858840079346;0.9856104507936562
133;-0.4435698671357486;-0.5173642664559285;0.950505266224
134;-0.4380803208165344;-0.5204059287672845;0.93586552418784
135;-0.4325135276427073;-0.5364503460963097;0.9234520459116696
136;-0.4267788731180218;-0.5266052040430717;0.982512161938434
137;-0.420931660577065;-0.5414931601588522;0.8940823292424938
138;-0.41488839957915385;-0.5330428202859561;0.9404317791381482
139;-0.4087248828154687;-0.5468195551183661;0.9173146179654507
140;-0.4023635801124611;-0.5397450037134668;0.9795559125011354
141;-0.3958214188318734;-0.54323703324797;0.9422982143360775
142;-0.3892136500586001;-0.5553506270849741;0.9214278524927378
143;-0.3825713155536376;-0.5582885265503206;0.9247399065208723
144;-0.37594012555504236;-0.5612299255164026;0.9398509175507769
145;-0.36926974864956497;-0.5575572449292485;0.9423688529031814
146;-0.3626487661839348;-0.5611069301607974;0.9140956298634729
147;-0.3563090119007201;-0.5698491542714648;0.9340755392860516
148;-0.35023592645752355;-0.5680205125987434;0.9055588268581989
149;-0.3447049837844135;-0.5748973042029337;0.9256773501057473
150;-0.33984767257153703;-0.5770000927607275;0.903959677792337
151;-0.3356466505753287;-0.5766440708520959;0.8946638802763035
152;-0.33239018736721543;-0.5800653296438064;0.9322167464185193
153;-0.33003700301454586;-0.580571439913118;0.9364524353616255
154;-0.3287108194276753;-0.5818659807154132;0.9177511502861144
155;-0.32867444145572233;-0.5809943142430019;0.9264746958180895
156;-0.32984840368103685;-0.5826512661190995;0.9136223239492596
157;-0.3323358328643469;-0.5795527054137569;0.9754136626325502
158;-0.3361907004135032;-0.5808705610222344;0.9338864270673797
159;-0.3416029919767969;-0.5733985351022538;0.9328540368050666
160;-0.3485658299400294;-0.5697094346830882;0.934117719813905
161;-0.3569282195232608;-0.572849863420934;0.8704450060591591
162;-0.36680185811135463;-0.5601316063844115;0.9858631449871658
163;-0.3781154078180491;-0.5543013653417579;0.930955332438959
164;-0.3907782699057032;-0.5478166315856376;0.9691988929454297
165;-0.40460577459539654;-0.5488136929941894;0.9584698885414412
166;-0.4195099724297485;-0.5451739494223545;0.938149755751689
167;-0.43539438165883143;-0.5378578941063173;0.9392783497924363
168;-0.45219099242647903;-0.516298302617261;0.9387162140577929
169;-0.4697276890411088;-0.5073297964373896;0.9386660422375324
170;-0.48782680780783266;-0.4980974680174023;0.9370878750349697
171;-0.5063077518727809;-0.48871870600380274;0.938266566427253
172;-0.5249896379656385;-0.47925761931092054;0.9379436327983042
173;-0.543717722052717;-0.48623135737178047;0.9065393991304749
174;-0.5623182994407033;-0.460366077833615;0.9394352333564326
175;-0.5806707999362319;-0.46797935629556225;0.9324492072554255
176;-0.5986471079637077;-0.45911736807935144;0.9432026351325463
177;-0.6160487877715557;-0.4331235360573157;0.9439451214973695
178;-0.632731441230242;-0.42464192989290206;0.9651119963952177
179;-0.6486654769598805;-0.43406828642705797;0.8781712786215509
180;-0.6637528749561795;-0.4227367649817876;0.945149074174543
181;-0.6779245060295337;-0.41928340505495737;0.9425059239215496
182;-0.6911146133020636;-0.41258152583900126;0.9325724576953519
183;-0.7032690088035007;-0.4064343334295908;0.8857312857046469
184;-0.7141860532063178;-0.38318854034006966;0.9577335578819717
185;-0.7239937403827683;-0.3956823628757479;0.9329380202646935
186;-0.7326770287199666;-0.39118348916784146;0.8853372686885103
187;-0.7402322346505228;-0.38720215361538735;0.8861026931352385
188;-0.7464626199409709;-0.36660234264085634;0.937468923737888
189;-0.7515905448331665;-0.38089225839594637;0.91253090697529
190;-0.75562422432162;-0.375085277213697;0.9466564779325644
191;-0.7586143421163873;-0.37676326393388615;0.8929564819378889
192;-0.7605999161788817;-0.37545344121180724;0.8936852340508856
193;-0.7616245274680781;-0.37461446820541267;0.9122903417113182
194;-0.7617365577160717;-0.37422689872801934;0.9337497939889624
195;-0.7607278970470739;-0.35939482816399376;0.9420826190334826
196;-0.7589262542058876;-0.3747415185160595;0.896622530542018
197;-0.7563854900204052;-0.3756007611625789;0.9301954734655606
198;-0.7531613604986791;-0.37677229994037476;0.8931137852962286
199;-0.7490332687382415;-0.36573647285093025;0.9263963818877731
200;-0.7443512236583768;-0.3801716793551708;0.9285533120662011
201;-0.7388951642861726;-0.37114723006592915;0.9178045926249886
202;-0.7330102568466645;-0.3847950923346064;0.9151337157075116
203;-0.7267483492422315;-0.38736191763163297;0.9258849317167263
204;-0.7201552238779237;-0.39028587795681213;0.9453068668159498
205;-0.7132794615188913;-0.3931478618657578;0.9293402893941465
206;-0.7059024726260348;-0.3893750522601801;0.933544523391411
207;-0.6981010390251379;-0.39358630411659173;0.9203661519737897
208;-0.6899490297089025;-0.3980505780413026;0.9299250322378496
209;-0.6817357874903338;-0.40461984680806956;0.9702204169802053
210;-0.6734963129731502;-0.40837052815744845;0.9722054759551302
211;-0.6650595705560924;-0.4119884275409136;0.9245022049092271
212;-0.6567039648509699;-0.4176610673358079;0.9170496367421637
213;-0.6482492531869467;-0.42149549412230425;0.8985578443185127
214;-0.6399466339420373;-0.42549365277502715;0.9634176795159802
215;-0.6316345184555641;-0.4307670275429863;0.8985301910080891
216;-0.6233658531807228;-0.43544879382757334;0.892595553563652
217;-0.6151891762783367;-0.43977566833910453;0.9059136217699318
218;-0.6072970225717746;-0.4399797306676385;0.9266187589569758
219;-0.5995596406110288;-0.4488289580336572;0.8920655810353608
220;-0.5921392560877734;-0.44745263951907144;0.9729366816126983
221;-0.5849242278402855;-0.45705455099302544;0.8965581459591925
222;-0.5780362944244424;-0.45296483449263336;0.9911308196777832
223;-0.5713940087714062;-0.46485715210005557;0.8841792202057354
224;-0.5650176504045421;-0.4683018054912038;0.9096655937666271
225;-0.5589994932653437;-0.46283629125706965;0.9400273580131455
226;-0.5533338189258395;-0.4655645168386599;0.9325792853081558
227;-0.5479490308458906;-0.47792818307506746;0.8961175309307239
228;-0.5428504407235466;-0.48081123557964667;0.8815954538503192
229;-0.5380890878602929;-0.4729948588212894;0.9266162340813453
230;-0.5336050103782307;-0.48566304826234646;0.8925579625720619
231;-0.5294356768986882;-0.4773592774655211;0.9250277937414627
232;-0.5255281008431651;-0.4901752650023955;0.8927530259753695
233;-0.5218728682684267;-0.49235223529458205;0.8964812832584484
234;-0.5184895859785188;-0.4830874835613705;0.925857634103266
235;-0.5153644443070735;-0.48461459062705003;0.9195946407779432
236;-0.5124827817987537;-0.4861584052158362;0.9178190251599821
237;-0.5098349304447652;-0.4881909639705859;0.9359582979654375
238;-0.5073745860904247;-0.5004077050063244;0.8981662151083663
239;-0.5051096867479666;-0.49042050892393296;0.9449588893203462
240;-0.5030308160256419;-0.4913709330351824;0.909336115817144
241;-0.5010952875344559;-0.5035209614117334;0.898599598262752
242;-0.49928764826345995;-0.5045662806866043;0.9028252321219616
243;-0.49759373621003816;-0.5055917222677212;0.9220798237203618
244;-0.4960352842750558;-0.49568086390235283;0.9408530602497691
245;-0.49460307739263837;-0.49614055606740765;0.90004840374191
246;-0.4932482351241679;-0.5078350470392468;0.9403555133550325
247;-0.4920021504335323;-0.49767322747061243;0.943334618895331
248;-0.49080923845891655;-0.5090209493823963;0.9069325224792562
249;-0.48965850583954007;-0.5097278048049545;0.9518976742231297
250;-0.48853775918373205;-0.5103389144449545;0.955781696886541
251;-0.4874338629016998;-0.5108929809479464;0.9110273268856731
252;-0.48640434532727944;-0.5002400252664783;0.8744382309003057
253;-0.48544548496833023;-0.5006989101153626;0.8710358341272116
254;-0.48447483117162854;-0.5127117216043252;0.917518201583375
255;-0.48348069110597647;-0.513294649473863;0.9515416697608272
256;-0.48253864630544097;-0.5019591503060559;0.8604330542589457
257;-0.4816436483905006;-0.5023541168756966;0.8849369621240467
258;-0.4807878607352028;-0.502720164150637;0.882030146780409
259;-0.4799647940083641;-0.5030017280670077;0.8908323100858736
260;-0.4791609140976214;-0.5035014722536822;0.896533480290785
261;-0.47825117030748837;-0.5165558303107629;1.0051142132802913
262;-0.4772211760273495;-0.5171791995131477;0.9252929169008062
263;-0.47605640019667067;-0.5178635617166899;0.926261859072812
264;-0.47474212829952034;-0.5186513411783971;0.9271188623186121
265;-0.47340114642828923;-0.5054832490324399;0.8259142867700787
266;-0.4720254099957121;-0.5054661419172065;0.870648115402477
267;-0.47060021745384384;-0.5059914345905859;0.9381397678225637
268;-0.4691100873752025;-0.5067047834775158;0.8754217301362041
269;-0.46738601308375527;-0.5231020838265805;1.030568592941463
270;-0.46541975510107064;-0.5242864433317644;0.9289653452667397
271;-0.4633746100053334;-0.5082540066806612;0.9146674881497343
272;-0.4610635827323178;-0.5267320396907136;1.039170495379091
273;-0.4584811899570939;-0.5282075833422243;1.0195306400192277
274;-0.4556227559647105;-0.5298447274184103;1.0495142341728827
275;-0.45248304104104176;-0.5316757569378752;1.0191325904253656
276;-0.4490572290696566;-0.5336699701664245;1.0475639980050633
277;-0.44555596608249715;-0.5142384660307193;0.8442170244706004
278;-0.44174313519134095;-0.5380547897672451;1.0089727891051634
279;-0.43784086345285644;-0.5167184620547786;0.844947206542639
280;-0.43360088317906503;-0.5429978520086031;0.9917084949919435
281;-0.42924009633322907;-0.5199803528081317;0.7759700881555335
282;-0.42451817023587035;-0.5482288685404572;1.0044291873625908
283;-0.4196690408995053;-0.5223710670406488;0.8705597399336027
284;-0.41466789851887154;-0.5246678206682296;0.9447888192325967
285;-0.4095100140127089;-0.5261453571084269;0.8780159042532139
286;-0.4041734641215259;-0.5289016598318631;0.9816196155686916
287;-0.39842428798543206;-0.5629466879918241;0.9748675270719297
288;-0.3922865323959519;-0.566197962788239;0.8605516207719835
289;-0.3860028991508283;-0.5366108778865837;0.7742218287668219
290;-0.37936501150926116;-0.573499557766446;0.8495408634410424
291;-0.3726193044575999;-0.5422513836337827;0.7819207252034073
292;-0.36558204769172137;-0.5809182514553135;0.8245799633368678
293;-0.3585146914328328;-0.5463146887573985;0.9013554020631631
294;-0.3512394767486502;-0.589054911907215;0.9123191395482589
295;-0.34398230637377314;-0.5534813623447921;1.0506273854404877
296;-0.33662225247611144;-0.5969961963618774;1.0100198431382847
297;-0.3292345987927958;-0.6011083249807696;1.0417538832700055
298;-0.3218966043037078;-0.605337118452783;0.8877301429415896
299;-0.3146859755625243;-0.6097409262571316;0.8579069579329754
300;-0.3076829347915837;-0.6138932021166622;0.9826806037878445
301;-0.3009658708070554;-0.6182989416685504;0.832171664418835
302;-0.29464609762503335;-0.5714306271288059;0.9992968988322178
303;-0.28869985647924423;-0.5753788202858634;1.1347334129015232
304;-0.28316177782266033;-0.5760651802370725;1.02831230616255
305;-0.2780340302330588;-0.5784405685541194;1.043653709694453
306;-0.27340098068585195;-0.6348387432151295;0.9284526034289254
307;-0.2691747725538922;-0.5866394624996745;1.102990013888045
308;-0.2653716884290964;-0.5865375046435618;1.218788387819194
309;-0.2622161769824943;-0.6405256840648902;0.5907443563659973
310;-0.2597878274040827;-0.6415146392816264;0.5638743366622834
311;-0.25786212010582177;-0.589863901465359;1.1430833388397184
312;-0.25678775075764865;-0.6427930363774726;0.5304531223449607
313;-0.2562265398037697;-0.5931099070232685;0.9659961957353919
314;-0.2566530527441834;-0.6422458911430283;0.6547258566593019
315;-0.2581475954203872;-0.6414370617605459;0.4932100579892206
316;-0.26079675026156557;-0.639928125124916;0.8208931408853867
317;-0.26404840993152795;-0.5901777274871266;1.2422510439181569
318;-0.2679140352040434;-0.5891588120725093;1.2650123564944167
319;-0.2724152122334735;-0.5876447416041134;1.2721574333876307
320;-0.2783111870965952;-0.6281443264054789;0.5509583822450268
321;-0.2856534201833443;-0.6235999723893686;0.4144249663840067
322;-0.29448650825340855;-0.61840110800619;0.5285370053699612
323;-0.3048409522454165;-0.6126647727593111;0.39457828209515333
324;-0.3157214093599558;-0.572905985348263;1.1129095024976354
325;-0.32815727021676744;-0.5990564570901088;0.8319029614667448
326;-0.3410459107541993;-0.5626361063330558;1.3569102844386935
327;-0.3543807122920501;-0.5573118532367537;1.135990354949691
328;-0.36814807099946667;-0.552452906010962;1.3699234763576587
329;-0.3823300580298665;-0.547483558020982;1.1477843761871136
330;-0.3969011133506157;-0.5428938743912322;1.1525766412199778
331;-0.41290807564773946;-0.542533808355858;0.8042753359686892
332;-0.4291108352504457;-0.5330768591100746;1.15994479163669
333;-0.4454732218320403;-0.5279520193786332;1.5394135240123075
334;-0.461952757641801;-0.5231017660243298;1.5429251092935579
335;-0.47957841372530957;-0.4954823977529818;0.4770268277436672
336;-0.497085309095519;-0.5129503406601346;1.1393937399538907
337;-0.5144311908755197;-0.5078047491267926;1.5351537112480391
338;-0.5315629745576147;-0.5032061586553375;1.4026188154327333
339;-0.5494681962588628;-0.4452850660486169;0.6967993027626924
340;-0.5669139675763035;-0.49361523812134156;1.3867279291680434
341;-0.5848808696274813;-0.4202394316052799;0.4704125135413846
342;-0.6031807368836585;-0.4079444838948811;0.3840785537193987
343;-0.6216275084295697;-0.39603539667806914;0.7053323317792424
344;-0.64004090817034;-0.3844054541380675;0.512071252850668
345;-0.6582477107700888;-0.3731488607395297;0.49461173383064705
346;-0.6760825760804462;-0.36242304094359007;0.7176693298865696
347;-0.693390615086257;-0.35218556036205795;0.8191489515124086
348;-0.7100284423491481;-0.3424739132030329;0.4393376319986413
349;-0.7258666190968658;-0.3333259475108772;0.4649075315616009
350;-0.7400045507874389;-0.43078613154277867;1.0988362245873997
351;-0.7525566058140221;-0.4263588990323348;1.324711982342806
352;-0.7643042712044954;-0.30970637700943726;0.8462129134528701
353;-0.7751535424771869;-0.30275033102099663;0.529622784170801
354;-0.7844687781861179;-0.4134418925369137;1.06199240934646
355;-0.7923660660953893;-0.4123130305500975;1.2335868533882197
356;-0.7989969760932024;-0.4136158002844489;1.2882488434721613
357;-0.8044773658837892;-0.40754240490968086;1.0338758870493754
358;-0.8089157582945874;-0.4071321200569131;1.0248207018017212
359;-0.8123881202707779;-0.4095461371423661;1.1788388197189146
360;-0.8152249436416212;-0.26950201384163197;0.6538862444212925
361;-0.817223021087;-0.4086770568324007;1.1903975072865414
362;-0.8184797308237275;-0.4097232894378564;1.1738690772018545
363;-0.819088069554883;-0.41607737967609787;1.225749710761795
364;-0.8191275097728391;-0.41290105404052596;0.9782653431719913
365;-0.8186300389749347;-0.2583264939598795;0.7347718676998553
366;-0.8175829804227628;-0.2574588490362437;0.7382812944192574
367;-0.8160954555741082;-0.4183378645390392;0.956043953276694
368;-0.8142382736923854;-0.4202123656047513;0.9525502655481917
369;-0.8120642478916684;-0.42466957047686954;1.1495731474601647
370;-0.8096347729027948;-0.42484994620216565;1.1099668923553396
371;-0.8066872465477517;-0.25757700759727536;0.8108898017151909
372;-0.8032235986953098;-0.25881595603621055;0.8100119989254578
373;-0.7992455404449497;-0.26028809179614343;0.8659076431164148
374;-0.7947514268654492;-0.26265762635255513;0.8669969828960513
375;-0.7897415340654936;-0.2656597867305226;0.926397769648594
376;-0.7846837504875626;-0.43616783165472317;0.9463832605044921
377;-0.779097266236784;-0.27284623764407;0.8621178069104733
378;-0.7729944098134747;-0.27670776528983415;0.8148818360159176
379;-0.7663938546434286;-0.2817113439577164;0.8653112784089451
380;-0.7599267550999349;-0.44619911065808054;1.026414998379928
381;-0.7535953391007775;-0.4489863861888559;1.14617746024929
382;-0.7473586718281828;-0.44693374022500554;0.9849665765524082
383;-0.7405682424274022;-0.3003093588814192;0.7714336609896064
384;-0.7339265381557629;-0.4511480052628372;1.026571973655179
385;-0.7274768623134318;-0.45634663443394075;1.0212448185984353
386;-0.7212039552303506;-0.45897756618568997;1.1410129123998716
387;-0.7150550290302261;-0.45748563431723566;1.017807457018117
388;-0.7083051915778601;-0.3230679493570019;0.7790208165716245
389;-0.7017918348609078;-0.46544457885138363;1.138307744114066
390;-0.6947387718854532;-0.33298552981528506;0.9121387264692734
391;-0.6879806099363578;-0.46977425342590307;1.1362924051785073
392;-0.6807294853769263;-0.34264882751769643;0.7604539889576997
393;-0.6738297237900892;-0.47443379955476483;1.0128767568431591
394;-0.6672141924551404;-0.4722342421180871;0.9998807035350632
395;-0.6609151711957901;-0.4790439514456952;1.0096069947455237
396;-0.6541529278262884;-0.36233556250082083;0.7663192756601952
397;-0.6470266913267197;-0.3674106966555507;0.939843056735308
398;-0.6403019935101003;-0.4792659076413348;0.9650992458575084
399;-0.6340002560331535;-0.48695268973738426;1.1249692373489943
400;-0.6280557495033046;-0.4828174041455834;0.9672392747651971
401;-0.622492776775458;-0.4920898552443955;0.9963555078895879
402;-0.6172837563266005;-0.49464407123523596;1.0769533318729054
403;-0.6124103598397135;-0.49479758511440824;1.116435606058172
404;-0.607177256199974;-0.3982790810176936;0.7820507318941616
405;-0.6016769744935638;-0.4023023403831576;0.7846357248636223
406;-0.5959991236224109;-0.4048865001121419;0.9157640622126406
407;-0.5907982346489716;-0.4931425660898523;0.9103530214258184
408;-0.5860425221306595;-0.49348254342767717;0.9414641532145994
409;-0.5811635347619166;-0.4184041982442712;0.9816469630395538
410;-0.5762256351064611;-0.4207479849399979;0.8894006504894028
411;-0.5717968926018449;-0.4963132674540789;0.9304693720504309
412;-0.5678340514285288;-0.49873962886193496;0.9392417772174273
413;-0.5643019783892781;-0.49778592874204663;0.9221526997242282
414;-0.5607158524105169;-0.43414889721604627;0.9330067275805876
415;-0.5575637797061845;-0.49910145274810924;0.9203337588588449
416;-0.5548041309927029;-0.5003860445190834;0.8690753133736266
417;-0.5524072687559283;-0.5015425839009956;0.9111584355958887
418;-0.549962567586104;-0.4438511707174837;0.9264159804104398
419;-0.5475214058668756;-0.4459343654115412;0.9317796415806496
420;-0.5455394421725865;-0.5141357316190899;0.9037219461887025
421;-0.5435572740654061;-0.45098127169645263;0.8845126976402518
422;-0.5419768683518281;-0.5177456605559423;0.9768492720633191
423;-0.540746296406043;-0.518195761583464;0.9693931869281325
424;-0.5394724618649991;-0.45472698807645534;0.9599097439326736
425;-0.5384399891021872;-0.499219429404202;0.8615851032050907
426;-0.5373368587951611;-0.4590930863913597;0.9160599678224541
427;-0.5362131875210044;-0.46005282744671716;1.0808150713297306
428;-0.535271285037168;-0.5008615978283967;0.8339378038542098
429;-0.5342558581491181;-0.4611315008505979;0.9887379267682515
430;-0.5333573876701989;-0.5003611705455437;0.8200612318652758
431;-0.5325634925836451;-0.5178665410006746;0.9563379402667203
432;-0.5315859212272346;-0.4673765357025266;0.9530562678534136
433;-0.530593394623267;-0.4986701462547352;0.7636348776543913
434;-0.529704187720483;-0.5128456109697351;0.799463968901333
435;-0.5288019717056474;-0.5199860014576055;0.9316326582253291
436;-0.5276265117159862;-0.4789735899100652;0.9488910034643928
437;-0.5262990394691395;-0.49712576253425195;0.7849113281778182
438;-0.5247201789050745;-0.47064246755874806;1.0395806681776312
439;-0.5229209810432291;-0.47171625169073506;1.0196291865818436
440;-0.5209496440761704;-0.47351223543909093;1.1321996310466802
441;-0.5188453662307095;-0.48849715160614354;0.9678995540304516
442;-0.5165870976561389;-0.47667907698777284;1.059985882617871
443;-0.5142444478128415;-0.5006279853811971;0.7302875335267871
444;-0.5117760848969554;-0.48022806592035333;1.0686355456305943
445;-0.5094524094799449;-0.5266135350847179;0.8413997802079505
446;-0.5070471222241443;-0.49921025382583;0.9773657444158483
447;-0.5045049035599963;-0.4933081470120595;1.011827087777917
448;-0.5019173392212117;-0.5166220579334397;0.728762590415361
449;-0.49931135650786107;-0.534149758272704;0.8945450247336213
450;-0.4964630877447829;-0.5004152865909751;1.0147482211901655
451;-0.4933295071659949;-0.4893364871321029;1.086340870750493
452;-0.4899616918817914;-0.5100824532079283;0.6586702745463229
453;-0.48635404747190786;-0.4948703760557281;1.1259287261107533
454;-0.48255787240323966;-0.5164496628541482;0.7941008892198849
455;-0.4785649088704724;-0.5411553878456346;0.8370548428215806
456;-0.474352886981187;-0.5175383547117723;0.648727374432926
457;-0.46985990331423083;-0.5303056769223915;0.7245269165589078
458;-0.4651352730789617;-0.5099085291976942;1.0871620684497698
459;-0.46019196957506453;-0.5067160274890312;1.1121485413195833
460;-0.45514257870176333;-0.5257913482266224;0.6385922115464753
461;-0.44985955200534467;-0.5442603544634114;0.9692930200500527
462;-0.44419517967190597;-0.570410130705397;0.9064985469777631
463;-0.4383300917329717;-0.5191909522801699;1.1555060665709207
464;-0.43238017416350333;-0.5388042448058593;0.8300423790869537
465;-0.42630898341065865;-0.5259845382955871;1.0752109489963413
466;-0.4202346200030754;-0.5443083981036989;0.8375912390579279
467;-0.4141076975336738;-0.5322842379344578;1.063335952516785
468;-0.40797712794968277;-0.5334525323058473;1.1070828769220895
469;-0.4018519249841238;-0.5655135829192877;0.985289529534605
470;-0.3956382875020907;-0.5779688778039958;0.7594343216418973
471;-0.389732230620537;-0.5578317605309075;0.8608002836743784
472;-0.3840970575062116;-0.5462893048113636;1.091681197427184
473;-0.3786183306766684;-0.6258431936695774;0.8839207903582087
474;-0.3737735739790299;-0.5653660010236957;0.880205460593131
475;-0.36947549451020195;-0.651155750536238;0.9509376175220242
476;-0.3659406428958236;-0.6594150768617615;0.958079847721585
477;-0.3633658677464787;-0.6304325527075563;0.9066192607551967
478;-0.36173558088294766;-0.5701823395733623;0.9832168967279014
479;-0.3611321292132924;-0.6713179274598575;0.9340865169980157
480;-0.36148236817934165;-0.5733918574973306;0.9356197634019185
481;-0.36261211369857305;-0.5648349984061495;0.7324893071532786
482;-0.36430174664218307;-0.5646445475252643;0.9220917953883134
483;-0.3669471614513459;-0.7058167095571858;1.020798606099771
484;-0.37000249688755865;-0.5611795443259786;0.9554495015348468
485;-0.3736014896488759;-0.632904480558289;0.9033715887808476
486;-0.3775442778661164;-0.558019659130298;0.7797288824867128
487;-0.38190767983644724;-0.5551321726340159;0.7904811050946862
488;-0.3867229612281327;-0.5532819607468159;1.0326407420349115
489;-0.3923859817204691;-0.65407927600833;0.81741882468345
490;-0.3988272342862811;-0.6060106038047587;0.8331388335306449
491;-0.4061734388081655;-0.5424178278852241;0.8077077139612996
492;-0.4145052048289762;-0.5540533318916712;0.8764673875869273
493;-0.42455168760245404;-0.6021988494986661;0.9302273785596717
494;-0.4362035749892259;-0.6378603469507953;0.8246800472651962
495;-0.4491652267825228;-0.5196556930926964;0.8145232923515424
496;-0.46336611881924356;-0.5152484493812117;0.9549486219341471
497;-0.47899041360700984;-0.5740676954534822;0.8527119674764418
498;-0.49594498313909013;-0.5665718594615574;0.8581613748461608
499;-0.5137153434433734;-0.49072512182431605;0.9986483112674021
500;-0.5329211863977722;-0.5898035492712242;0.8615860340368773
501;-0.5524247451010657;-0.4643630942632539;0.9435563579715407
502;-0.5726291933083206;-0.49756440432517973;0.9054915275692835
503;-0.5924367844491276;-0.443481861598285;0.9366867796390012
504;-0.6127510425864684;-0.5439824000657791;0.880322764197427
505;-0.6336734434091928;-0.5305985097021041;0.9861476930423384
506;-0.6545176487764661;-0.5195702219166174;0.88333000603035
507;-0.6750614204169463;-0.5078323072559465;0.8835359292270852
508;-0.695259871376156;-0.4880408016603435;0.9840611578738895
509;-0.7132494034437828;-0.39462191815336095;0.8838275958312901
510;-0.7301755742822748;-0.4395990486720863;0.9652881591717386
511;-0.7448655921304991;-0.37916885397864014;0.8799604246081512
512;-0.7575079003966498;-0.37282088173837846;0.8747229701841566
513;-0.7682425318318313;-0.36757080137085546;0.8758748241618312
514;-0.7771672433087131;-0.3497751970180901;0.9376471674677811
515;-0.7844890337755465;-0.35978646605481024;0.8625150168207456
516;-0.790527240524307;-0.3600377998334683;0.9476506801381769
517;-0.7952971458043465;-0.3546122931543805;0.8652944434463885
518;-0.799048693899893;-0.3530823110412585;0.8544070366851289
519;-0.8018997125534519;-0.33755397224077993;0.9362522172615992
520;-0.8040279037019593;-0.3355857851049943;0.9726764140739736
521;-0.8055897086974539;-0.3355457332938777;0.9491031992931055
522;-0.8068592314696321;-0.34917477524443474;0.8308782542176687
523;-0.8077584339784682;-0.3343722213992986;0.9805787243465363
524;-0.808332649358527;-0.33498140850631014;0.9468737173642204
525;-0.8086869482043033;-0.34308436730405767;0.9653444934364331
526;-0.8088907108755287;-0.3473605074194288;0.8424355586046248
527;-0.8087147338160485;-0.33584852403883836;0.9521093823039046
528;-0.808360153254609;-0.347025432060023;0.8310050754103709
529;-0.8078910946822992;-0.349701622060553;0.8306347111120829
530;-0.8071746100620456;-0.34711430523136677;0.8419231929401527
531;-0.80592068568464;-0.3385820907761754;0.9689671217101544
532;-0.8045948537501384;-0.3592918593868971;0.912800370983974
533;-0.8029475506507433;-0.3493886658387486;0.8458977798302048
534;-0.8006286948294357;-0.3421801490586932;0.9536826154644006
535;-0.798073319695173;-0.35755985224435377;0.9288913694301588
536;-0.7950994433417353;-0.351189245670254;0.8671032262396061
537;-0.7914140403697695;-0.34786868034927076;0.9407814130005949
538;-0.7873300932878411;-0.35387017614451455;0.8870265788323485
539;-0.7828595677710815;-0.35572411337813165;0.8926216919580887
540;-0.7780919884326611;-0.36150737739620054;0.9572992720539901
541;-0.7727035728212165;-0.36169820493338156;0.8995083492295306
542;-0.7669708327543932;-0.362570640064245;0.8693836404423746
543;-0.7606083641401937;-0.3650823479758847;0.9237852539267563
544;-0.7539635897177732;-0.36797706490378;0.9043599163396527
545;-0.7470581326891762;-0.37096555036645085;0.9086447602323796
546;-0.7399139136542249;-0.3741013604685869;0.9127872867809811
547;-0.7322564961156308;-0.38073590648814426;0.8934199050172779
548;-0.7241373435743794;-0.3851167883071465;0.8894182837325313
549;-0.7158889985148987;-0.38421104185768035;0.9317317136369809
550;-0.7075341191067619;-0.3881838025513003;0.9277541729955255
551;-0.6990926048471472;-0.39198828006988795;0.931068977249616
552;-0.6905839505686134;-0.39587128236798663;0.9555021289726985
553;-0.6817697906192324;-0.40860696597167206;0.8731200544400092
554;-0.672953923901297;-0.4038318378129607;1.0027146232416313
555;-0.6641600018751393;-0.4080118351024381;1.028955762434718
556;-0.6553974618241086;-0.4119504326531053;1.0100755440592126
557;-0.6464596008894674;-0.4279598363598986;0.8578452493321638
558;-0.637612216357335;-0.4201679046695016;0.9392583389382677
559;-0.6288706350611648;-0.4242859870190101;1.01976643652297
560;-0.6202509138490178;-0.4283815246508734;1.0226671434243413
561;-0.6117689349626081;-0.43244214828864225;1.025419773978107
562;-0.6032628619654944;-0.45150935603045167;0.8457870331588007
563;-0.5947849924049448;-0.4558379648059346;0.8104138326475805
564;-0.5863661355447146;-0.4605815380812751;0.8493246798897754
565;-0.5781960304516827;-0.4480966477655127;1.056396141305126
566;-0.5701347111167477;-0.46948135216412834;0.8375740547668693
567;-0.5623416742695414;-0.4559401818137162;0.9919214807611351
568;-0.5546974946685814;-0.47665373509594783;0.8049099397321371
569;-0.5472258376938836;-0.4807259834113616;0.8029835135188527
570;-0.5400579782330317;-0.4662095413791071;0.9692488098122383
571;-0.5330840178962616;-0.4894414499029932;0.7962089905539224
572;-0.526412754846126;-0.47253435097953544;1.001355754210215
573;-0.5199325446821537;-0.496718409615435;0.8351585336218516
574;-0.513744435458926;-0.4784847532916642;1.004887065191555
575;-0.507739523932425;-0.5033006935347643;0.8183321708332505
576;-0.5020087042067631;-0.48449465663379604;1.0135210894094564
577;-0.49644225963823063;-0.5093156763054719;0.8253121651801372
578;-0.4910398511630795;-0.5117686103690605;0.7779655787004502
579;-0.485897311826153;-0.4910389287135857;1.0871427169082304
580;-0.48090437223818006;-0.5161915853695201;0.7777122943910731
581;-0.4760339125398759;-0.5195975620041413;0.7676149544722862
582;-0.47136514582627353;-0.49784148232646175;1.023174569231332
583;-0.46678118647704375;-0.5249834062096274;0.8070470618385726
584;-0.4622726736496413;-0.5273524300099286;0.8033982788764602
585;-0.4579485065624001;-0.5036161995055132;1.032219339584394
586;-0.45381820559603414;-0.5058779384136074;1.051225510661958
587;-0.44987429660340134;-0.5071533070719182;1.0387872701983318
588;-0.4459920913771537;-0.5359736710764835;0.7699727641004562
589;-0.4423164401463002;-0.5104051345132724;1.0339297209867526
590;-0.4387116838238627;-0.5399570413016296;0.7792864778583034
591;-0.4351851267072364;-0.5417946190159831;0.7899173345419092
592;-0.4318975839615792;-0.514729965212542;1.0530972125389988
593;-0.4286894399486854;-0.5456199374726115;0.7672269560662983
594;-0.42555432942930177;-0.5473678347584424;0.7407548970873763
595;-0.4226532825825703;-0.518375875637985;1.024356632917844
596;-0.41978160980906953;-0.5483114002147836;0.717595002854367
597;-0.4170981102655016;-0.519635784265534;1.1407264555134646
598;-0.4143517035336166;-0.5546238108421795;0.7505706327482952
599;-0.41169290560690897;-0.5225921701988224;1.0804088366652487
600;-0.40886267507406604;-0.55823818485168;0.7456847791836365
601;-0.4060191973903507;-0.5247627367774228;1.0863673578918134
602;-0.40288226199833865;-0.5611810256480689;0.6855894493902694
603;-0.39939664426256133;-0.5623484708417026;0.695023870758239
604;-0.395783727460703;-0.5284909417907203;1.117376437104577
605;-0.3920119292744222;-0.530147965168281;1.0945973404848717
606;-0.388063397749921;-0.5318108129348815;1.0961844213920262
607;-0.38393003039399154;-0.5336077137346077;1.0407463420158103
608;-0.3793251961585562;-0.5758692920929523;0.7158322449565964
609;-0.37453201216066445;-0.5370865322214269;1.1521729257913114
610;-0.3693185616659099;-0.5823580133202159;0.7186456740886944
611;-0.36379436425626804;-0.5848105699983216;0.7290239150187316
612;-0.3581726821493774;-0.5453002775841067;1.1484575334921339
613;-0.35230832450214455;-0.5911229115124721;0.73434422694475
614;-0.346247418047511;-0.5944519493253021;0.7114592607124726
615;-0.3402063492334048;-0.5521871311116284;1.0851844336764007
616;-0.33403121505119804;-0.6012781277062644;0.7259309244048275
617;-0.3278981063302638;-0.5590679713048052;1.146379743348328
618;-0.3216949049872656;-0.6090186307999971;0.6647712646738001
619;-0.31546505157900373;-0.6115227581546456;0.7051464123707167
620;-0.3093454113668537;-0.5653518423326508;1.1418140653102247
621;-0.30333330184012297;-0.5680146522735284;1.1477502281729195
622;-0.2973769965264632;-0.6215268004083766;0.6999123633713898
623;-0.29156747512536774;-0.5770191246414285;1.160345700271073
624;-0.28591412725142995;-0.5799439303213672;1.163824903012342
625;-0.2804062884858939;-0.5791600943195259;1.087787241242354
626;-0.27505517642405963;-0.5822134037264133;1.1880747836346763
627;-0.2699824309639671;-0.6355103571302334;0.6134940180906314
628;-0.26526610128675343;-0.6375068373462462;0.6058226159307248
629;-0.2609915001807483;-0.6394485681214528;0.5977937375981249
630;-0.25702666777943983;-0.5929090303167283;1.2352823449978045
631;-0.2536540603371736;-0.6417148972246953;0.6499422740654963
632;-0.25068548928767775;-0.5968801035918435;1.1612939077210882
633;-0.24816589725312094;-0.59877978409742;1.274227284733065
634;-0.24618536168497285;-0.6043218076169237;1.2182116120226323
635;-0.2451742774567588;-0.6503096267607595;0.6468083432751419
636;-0.24519819064883258;-0.6428429297872877;0.6037212448272126
637;-0.24638706173409952;-0.6483416340145078;0.6324302026368231
638;-0.248240378023793;-0.6040282800174273;1.200662829490304
639;-0.25140839795922937;-0.6378479699539831;0.5652848891373048
640;-0.2553534501710992;-0.6054165427771292;1.2653950497380886
641;-0.2600742175706926;-0.6023676644466601;1.333446401726301
642;-0.26635229777659764;-0.6332329565663233;0.5934390714917425
643;-0.2734518002516353;-0.6005654562676215;1.2910590509105087
644;-0.282189501077166;-0.6159384927738432;0.5168940817919285
645;-0.29259927732560653;-0.609455549396733;0.5071444826488993
646;-0.30376642477065396;-0.5890348584263685;1.389117504258321
647;-0.3166717012478767;-0.59554289235142;0.5002196676564794
648;-0.33128787837800283;-0.5857681826485069;0.4809317886540996
649;-0.3465211632214161;-0.572793110902497;1.4175552684832817
650;-0.3623600922583212;-0.5673155707330624;1.3813687875151264
651;-0.3798717699339122;-0.5557753100646297;0.47977746568710933
652;-0.3989760498634015;-0.5443336688332492;0.4555724464869043
653;-0.4183902359634967;-0.5450145090319803;1.445730090887718
654;-0.43926931956603366;-0.5259232935098295;0.5113371164697331
655;-0.46024474800121784;-0.5278740376424652;1.2916999925422519
656;-0.48126711947343237;-0.5195938743093733;1.234039729616377
657;-0.5022818077218266;-0.511747052256434;1.5433257328065675
658;-0.5232284321195;-0.5044347918191728;1.2362181691709992
659;-0.5440439283467083;-0.49743166165010544;1.541438488569702
660;-0.5658265041277831;-0.437217172135677;0.4571765917874029
661;-0.5883628239730324;-0.42276564479764916;0.45816666497835346
662;-0.610271044372419;-0.4760478029404882;1.4490157787820834
663;-0.6326443690355442;-0.3996608797394333;0.5005403443335519
664;-0.655244989046677;-0.37999011045485004;0.44573831057430313
665;-0.67675448921202;-0.4530220086702544;1.3693969593716513
666;-0.6971557297902936;-0.44505617581099993;1.413943296463603
667;-0.7174560655911965;-0.3452293084458242;0.5202432398588954
668;-0.7364569191484596;-0.43129731784239606;1.4123286561805517
669;-0.7551012018461118;-0.31499838701488203;0.5052461106499622
670;-0.7723128887111254;-0.4199904121947514;1.3529355022764051
671;-0.7889654937156577;-0.2924344603367477;0.5292922328114691
672;-0.804112463902401;-0.41041100808520264;1.3044919436648914
673;-0.8178277000108685;-0.4051632435940008;1.2681057957783075
674;-0.8301885360476274;-0.4025099052376841;1.2712524320816672
675;-0.841877609574475;-0.2543197386925981;0.5893163864243122
676;-0.8527709180899576;-0.2462869447082104;0.719073032960599
677;-0.8622693951377165;-0.3943583439936399;1.1369862549946612
678;-0.8704911590613196;-0.3927116214308001;1.1301667616265065
679;-0.8775501665102545;-0.3915677900464729;1.0731716591362972
680;-0.8838678727645096;-0.22108068396461317;0.6743830349375167
681;-0.8893730472635009;-0.2161574047983404;0.8450677556334258
682;-0.8938065610834107;-0.39019938464682036;1.092914661383506
683;-0.8972920326039489;-0.3902366296332615;1.114061136086575
684;-0.8999408577992869;-0.39080969055965575;1.075985189429421
685;-0.9018889637954302;-0.20261823905167337;0.7449835932855486
686;-0.9031148625050986;-0.39272504585786416;1.060614548708347
687;-0.9037089448563299;-0.39456600449532303;1.0091378283915347
688;-0.9037532579940895;-0.39623148787650153;0.9947347861288418
689;-0.903319096857758;-0.3982015668574732;0.9812860826163436
690;-0.9024749907104147;-0.39962497145427245;0.8140471961059307
691;-0.9012742635016652;-0.40206449069368416;0.7991511583382728
692;-0.8994736676993657;-0.1917029141665471;0.9779608594720552
693;-0.8970509756369829;-0.19658584086463693;0.8143408197574438
694;-0.8939880811537647;-0.19233613385087334;0.8447619308467492
695;-0.8906661409360284;-0.41261393309101935;1.0494683144369563
696;-0.8871246860187683;-0.41480120051040614;1.0436443880867732
697;-0.8834217074647278;-0.41488814946003794;0.7290620878087374
698;-0.8795823189064216;-0.4174651607943789;1.0008592243994376
699;-0.875627201952085;-0.4199466515196261;0.9979189925028035
700;-0.8709569875585923;-0.2012252688472339;0.8811313925631249
701;-0.8655769715258895;-0.20359743008846182;0.8704564217555275
702;-0.8594729143223372;-0.21230134777292609;0.864400442416071
703;-0.8526649680889842;-0.21081688846721802;0.8780882833398789
704;-0.8458913077923126;-0.43293127518954816;0.86315482393855
705;-0.8391835332285992;-0.43344566427176634;0.6746436438517911
706;-0.8325465796086107;-0.43602354841825564;0.9829443674996492
707;-0.8250953939792007;-0.23061832502184976;0.9129253029635497
708;-0.8177187178293572;-0.44500039937902636;0.9439425490981331
709;-0.8095284940155922;-0.2408974464743946;0.9205449781799365
710;-0.8015420903987539;-0.4458381870046015;0.9807970500711091
711;-0.7927549058153438;-0.2524781314005181;0.9280051102586743
712;-0.7841628473864446;-0.4576899965030091;0.9807851208938111
713;-0.7757897804506839;-0.4598078494122183;0.9266449877722326
714;-0.766648059159691;-0.2713589086681378;0.9394181664126463
715;-0.7568858563363688;-0.27392672920251954;1.1265012752771142
716;-0.7475399912945346;-0.47118806553442016;0.9663315376804555
717;-0.7387088471208509;-0.4679867925654229;0.8171752079167415
718;-0.7293635679880087;-0.29561785122714307;1.018228243293721
719;-0.7206887728287359;-0.47344042925935653;0.8107456422899809
720;-0.7126553378973437;-0.4825078473228319;0.9002453869217079
721;-0.7043012489688538;-0.3131420951858104;1.2119533419101431
722;-0.6957649619910313;-0.31977534895536;0.920451407716792
723;-0.6881940435741077;-0.48265196787630915;0.79880590112753
724;-0.6805480161810799;-0.33241027996898964;1.1630689956968387
725;-0.673885628172756;-0.4958170837243623;0.8823236068835926
726;-0.6681605705031008;-0.497979258405872;0.8795878979507588
727;-0.6633747094371752;-0.4780765501477976;0.6014179166485583
728;-0.6584153088711033;-0.35405348040541956;1.1730342040966
729;-0.6542765318842089;-0.4903128126488152;0.7885319851839414
730;-0.6499140836919273;-0.3632458509844654;0.9455562165523794
731;-0.6462460071213532;-0.5061357272254763;0.8744230251036706
732;-0.6422903627953522;-0.38926517260027965;0.9916694882145748
733;-0.6381003157270284;-0.37647403929118084;0.9397185053186794
734;-0.6344931321056282;-0.5175130096415885;0.9276838702437907
735;-0.630552635523824;-0.4203233397267377;0.9541734898151869
736;-0.6263547594907094;-0.39620994608389026;1.0349498320783348
737;-0.6218891878027859;-0.43495806295960454;0.9435633587981441
738;-0.6179589965147607;-0.49590724090001587;0.8113041461366596
739;-0.614603372919517;-0.47375956534970254;0.6134868190348748
740;-0.6110962759334704;-0.40822117636499033;1.1465977555182625
741;-0.6074088377751875;-0.44484145742252507;0.9432532576136176
742;-0.6044117882559203;-0.47111775102885683;1.0028989596997895
743;-0.6013984347860843;-0.4200008996952279;0.8959171327849833
744;-0.598278089050863;-0.4630269132776163;0.9165936746948098
745;-0.5955924043286247;-0.5361652039295968;0.9599021488460382
746;-0.5929145566016817;-0.4307899977496052;0.882574254949272
747;-0.590841258751631;-0.4666312307922755;1.0203944023978975
748;-0.5886778282209089;-0.43978616435420426;1.1720685302178173
749;-0.587053115057327;-0.4649411418171836;0.6690586954241107
750;-0.5853230556503477;-0.44266123485774467;0.8710469628886585
751;-0.5838503924893456;-0.5717450696213379;1.0611789680036543
752;-0.5823963146664795;-0.44649761663579773;1.0738762491533802
753;-0.5810415901516812;-0.511553544086148;0.8574553252390235
754;-0.5799004393290942;-0.47108870824786003;0.9375601743180929
755;-0.5789056021388177;-0.45446158997180164;0.8562011382123104
756;-0.5786362877979501;-0.5025110761125208;0.9046979159589861
757;-0.5788639310361641;-0.529317496674867;0.8617453451910086
758;-0.5792324087176487;-0.4594122067366985;0.8705636107004926
759;-0.5796868501808399;-0.4648626049624892;1.154387570176829
760;-0.5807655702674488;-0.4444755186202571;0.6865026100257727
761;-0.5822844635017896;-0.4433579262091848;0.9943249814247974
762;-0.5840650634456289;-0.4405075416596634;0.986659580860688
763;-0.5862543169835778;-0.5828334197534466;0.8699206058403738
764;-0.5886681781132298;-0.5831349047233296;0.8806884290497586
765;-0.5905934298844449;-0.4313849700495768;0.9706559483685225
766;-0.5911997327822033;-0.4860348924695398;1.0113022116861294
767;-0.5898261629066253;-0.46117999899823464;1.1174009892777919
768;-0.5889282783836736;-0.5592498708762583;0.9678049172058166
769;-0.5863111213229587;-0.42276736214747246;0.9350623361261012
770;-0.5812455564288681;-0.49651808140634435;1.0483242870061888
771;-0.5765061195559174;-0.5470468831666959;0.9341499491819139
772;-0.5688856183077565;-0.48479101688905823;0.9829718947185467
773;-0.5587460938689524;-0.4912397634693422;1.0028916176746914
774;-0.5464488957103053;-0.49599600801116217;1.1783179436866342
775;-0.5349089917622047;-0.508037729283905;0.8387475817020038
776;-0.5217249876616854;-0.518681395698221;1.2469629057176617
777;-0.5083654245538921;-0.4412222956465335;0.5921243614674528
778;-0.49490085570441017;-0.5891002010545189;1.0769295302151878
779;-0.48166862924113474;-0.4497882664312735;0.8585317911292082
780;-0.46768333206134854;-0.5550469533719975;1.0512749399984058
781;-0.4543378252919396;-0.45882985453621694;0.570914676449751
782;-0.44172336563889864;-0.4639678627187722;0.8689654921859753
783;-0.4307552499733174;-0.5219016665204474;0.8083478390555274
784;-0.4193377019751827;-0.6037602553864523;1.1737362304618157
785;-0.4086140779041269;-0.4727132040321907;0.8326729271203736
786;-0.3973983635359645;-0.6096700302098377;1.2907071627516533
787;-0.38583312110157597;-0.6173116110075408;1.259794225845489
788;-0.3740324937558785;-0.6263226188547291;1.0708872952437658
789;-0.3621051824574994;-0.6358422406366615;1.2597722293272604
790;-0.3513734048661996;-0.48587111721329695;0.5783055437874729
791;-0.34047232513469294;-0.6543653337357686;1.0743801652516316
792;-0.32944982681048063;-0.66353925929032;1.0866994154978373
793;-0.3183520909535331;-0.6730959847220708;1.2531432022729048
794;-0.3084588195533976;-0.4922423789016367;0.596260329033859
795;-0.2997473562942241;-0.506721295892477;0.7694705628595626
796;-0.29196645133770854;-0.493990299667564;0.6086935069964631
797;-0.28501468138522235;-0.49455674314290904;0.611192925036506
798;-0.2776966112633626;-0.7230099967019035;1.0987060015135142
799;-0.27122911276377404;-0.5053442108156991;0.7840461628111213
800;-0.26418083317348184;-0.7265597749117078;1.0715677232858583
801;-0.25665895182632176;-0.733369917714056;1.2621488132242589
802;-0.24998013891176352;-0.4955971705457711;0.6330721804404045
803;-0.24414209576867968;-0.5036505536164595;0.7962574436438152
804;-0.2389967472501423;-0.4954456556108579;0.6418969649985083
805;-0.23329398461837358;-0.7582315530232672;1.2223760220818156
806;-0.22835395857147744;-0.4990031395524981;0.7456732363587665
807;-0.22293596099874302;-0.7692724138920234;1.2200714726687962
808;-0.21829757295952584;-0.494233385940832;0.6490190782426452
809;-0.214388535728812;-0.49394625497510947;0.869579520910861
810;-0.21006446317438143;-0.7848296327316305;1.068229195341185
811;-0.20657616684492985;-0.49573593559717843;0.748304629278258
812;-0.20393323893803705;-0.4959341652122815;0.8408881452639001
813;-0.20209498996661057;-0.49446376252113994;0.8402226930557332
814;-0.19992113571660353;-0.7997897687033287;1.1522752146988904
815;-0.19855912395526681;-0.4878330867034498;0.6431162780349995
816;-0.19806596410667898;-0.489104252209699;0.8374915876201788
817;-0.19737006420639452;-0.8081344145544584;1.0656171267879162
818;-0.1966042768961621;-0.810007086323295;1.153230634515289
819;-0.19588756446560895;-0.8126500962855198;1.1530859209078659
820;-0.19628824371742276;-0.47933290915342386;0.7433699697527627
821;-0.19681124842720094;-0.8175798335313804;1.2229899922298049
822;-0.19754962494473288;-0.8195517416821537;1.1509943914580296
823;-0.1994909823908736;-0.4693701387683377;0.7441049708122036
824;-0.20168430001134496;-0.8209851332638781;1.0823139131245363
825;-0.20419968573674285;-0.822261024748425;1.0810380589625308
826;-0.20710065424798968;-0.8235302034575832;1.0794130562222644
827;-0.21046064262150188;-0.8268795858508431;1.0510342472967908
828;-0.2143365239872524;-0.8278806239167497;1.0352959232010965
829;-0.2187644910093844;-0.8266354915514232;1.0724304318592797
830;-0.22381734654947416;-0.8291154688951166;1.036469600685001
831;-0.2302759897654852;-0.4295469066470944;0.7613136504752724
832;-0.23738585049704658;-0.8284126468439954;1.0140727734835366
833;-0.24521315145128697;-0.8271683134062979;1.0188314947082517
834;-0.2544727433171902;-0.409254021899048;0.6503119701210941
835;-0.2651363549345319;-0.4017182518321766;0.8277289024339926
836;-0.2771810940358097;-0.3937859823544088;0.9305939613025195
837;-0.2900180797690919;-0.814508397049462;1.1588313166357809
838;-0.30428076489895917;-0.37638987714092653;0.7994981417858165
839;-0.3194367053432653;-0.8035287153737813;1.0620073807497052
840;-0.33557221746363264;-0.7970283680325482;1.1233638553306478
841;-0.35276562621163154;-0.7902690810573664;1.0219795033220078
842;-0.37108643085509957;-0.7826110758395105;1.0922475310277155
843;-0.3909607981633619;-0.3244110734595486;0.7547483778726493
844;-0.4123244414121046;-0.31243055285936167;0.9491990017007355
845;-0.4348093096466861;-0.7553708128344283;1.0498988437775705
846;-0.458420380871725;-0.7448401047891763;0.9521528892424709
847;-0.48313394929332965;-0.7335960004477218;0.9829818286686179
848;-0.5090529870249467;-0.25955169976429393;0.9402977938029116
849;-0.5359958845314999;-0.2453415972088735;0.929239105416334
850;-0.5636893669181617;-0.696293509079264;0.8158880822200836
851;-0.5919759825942864;-0.6828831482605946;0.9129163272160664
852;-0.6206678756537454;-0.20153514696351282;0.9856799618544665
853;-0.6495552928662952;-0.6553431534111329;0.85472405630513
854;-0.6784052377064318;-0.6413931883705516;0.7773157322790568
855;-0.7068189463853873;-0.15808327732935046;1.042396690375253
856;-0.7344920344035177;-0.14433098604630268;1.0245526869476342
857;-0.7611255842784765;-0.1313482833266162;1.0565343288985054
858;-0.7864437413335628;-0.11916345110126314;1.2436656214449875
859;-0.8104836296281464;-0.5759872648469724;0.8466434651629549
860;-0.8327387206709507;-0.09744747622684019;1.090481449642616
861;-0.8530425350100697;-0.08811681994667858;1.0685725996067943
862;-0.8712798537148523;-0.07983493656853458;1.0549436160411185
863;-0.8873809498988214;-0.07300325188099399;1.0705207032111497
864;-0.9013300284552681;-0.0672343205761381;1.103266452180558
865;-0.9131601224590469;-0.06259131241459925;1.0690657072422434
866;-0.9233575212355547;-0.5144415352904453;0.8411714151939776
867;-0.931568277277941;-0.056560314883516205;1.1864361214536736
868;-0.9379421224382327;-0.05462930397350341;1.0645039677373382
869;-0.9430681273056261;-0.5002641661333824;0.7264572173695136
870;-0.9466430349138996;-0.053681691744931204;1.1780886884672244
871;-0.9488621870264757;-0.05397357144271986;1.3265163035579057
872;-0.950337206661512;-0.4916718333522947;0.7971052010010266
873;-0.9507673471952806;-0.05611247080513948;1.0502906862496495
874;-0.950740408282136;-0.4888515905787695;0.6942025803684515
875;-0.950351385906487;-0.4877678026765378;0.6988648109260935
876;-0.949686183544367;-0.486951531703832;0.7035406807720687
877;-0.9488187841952509;-0.4869846565660486;0.7512237962170665
878;-0.9478161143412764;-0.4865948809384193;0.7304010283346734
879;-0.9467352075657904;-0.4862242152319632;0.6916549643873393
880;-0.9452583052925618;-0.06714296217049948;1.0281816548481781
881;-0.9434792996285288;-0.06901341766538333;1.036881132487759
882;-0.9418306498041016;-0.4849380806841018;0.8399712369778278
883;-0.9403209633075563;-0.4865664729160852;0.9057214140004907
884;-0.9385850771627934;-0.0736061094319122;0.9841917390531938
885;-0.9366575263269226;-0.07533103993579443;0.9815954785110191
886;-0.9349292435661665;-0.4855663507046619;0.7134923773684563
887;-0.9333817837141825;-0.4854797135284207;0.7153093427756518
888;-0.9320009047746856;-0.48615475853582446;0.9170212673680008
889;-0.9307633830809888;-0.48492225031988945;0.7446374917557603
890;-0.9292521160612542;-0.08306329440662352;1.0109572376018043
891;-0.927886334825447;-0.4850291167620121;0.7466032841774422
892;-0.9266515169714109;-0.48632503441271363;0.9213636573689559
893;-0.9250979987532506;-0.08708520408311604;1.2480885232942414
894;-0.9236787695833477;-0.4864919599159083;0.9221758680692163
895;-0.9223731135096265;-0.4861428413694296;0.758233530763287
896;-0.9211674596567204;-0.48633063623851036;0.7809940612973104
897;-0.9200505227498375;-0.4854452042645159;0.8593653225054773
898;-0.9190128993058029;-0.48682339844660616;0.7576712332287214
899;-0.9175529971387539;-0.09314831153062036;0.9721451054206444
900;-0.9156931055591744;-0.09473560867684316;1.019392691768697
901;-0.9139690689354896;-0.48687428132042604;0.7438336782066484
902;-0.9123708710401955;-0.4877581164385762;0.7552803204654394
903;-0.9103411020480537;-0.09909485466699125;1.0129672832884398
904;-0.9078976320294767;-0.10094703498603497;1.0137325104155488
905;-0.9056361972032474;-0.4881555810882844;0.6689906700594552
906;-0.9035460404869693;-0.48836394261043176;0.7085697636089703
907;-0.9016157665371332;-0.4887548478357019;0.7506551983559482
908;-0.8998348648214551;-0.48902449462160735;0.7731273681918296
909;-0.8975473122634285;-0.11082288249160727;1.1184816084625882
910;-0.89477950680388;-0.11274588383890444;1.2715857219737348
911;-0.8922306784183649;-0.489503361629167;0.7010547203535864
912;-0.8891891933934337;-0.11771443172337448;1.2752547576931517
913;-0.8856746182952644;-0.12062251100314425;1.0363317167922805
914;-0.8824416452156948;-0.49040518146165335;0.9038502744055719
915;-0.8787134007048186;-0.1272571583282852;1.1272586364526027
916;-0.8745079113849366;-0.1307456022598794;1.0403063188368173
917;-0.8706404128944631;-0.4907279918181093;0.900225295241148
918;-0.8662684784023892;-0.13836211155419187;1.0250603974852663
919;-0.8614115353162815;-0.14286990141161843;1.2849730026607484
920;-0.8560863676545662;-0.147673987755352;1.044878356154895
921;-0.8511926948044268;-0.4910693998730601;0.8960986597828647
922;-0.8457957216213646;-0.15769025863807806;1.2887455977484161
923;-0.8399164844208332;-0.16277832955871469;0.9993147424265462
924;-0.8345187850524902;-0.4910408868035251;0.6844579945891844
925;-0.8286046419893305;-0.17381203078637286;1.0282126542422165
926;-0.8231857938248294;-0.4915428438136223;0.8924053721786119
927;-0.8182255576783174;-0.4916754000534317;0.8918706082390354
928;-0.8126628336675484;-0.1900717107410932;1.1393420466444981
929;-0.8075703680254104;-0.49137115644360985;0.7119886112275569
930;-0.8018595555269423;-0.20038937573763843;1.1401059278444774
931;-0.7955747273579495;-0.205786084009632;1.2981481128836232
932;-0.7898254806272896;-0.49228302296341137;0.6791362285354988
933;-0.7834811540468232;-0.2174666543146071;1.2990392193384923
934;-0.7765867416044857;-0.22347028282658932;1.0036712623969912
935;-0.7702816780751613;-0.4932445397060423;0.7589570750229166
936;-0.7634040167093239;-0.2361840176332941;1.0280579944336978
937;-0.756001955311115;-0.24324372485126694;1.1409080269727898
938;-0.7492428785398173;-0.4929183845539017;0.8249646813458476
939;-0.74193554514292;-0.2568249490857641;1.3004370847600741
940;-0.7352628037016918;-0.4943814810187195;0.7345514737173463
941;-0.7291652733147238;-0.49473385266332326;0.7606694503236437
942;-0.7235932916416465;-0.4939575080444752;0.8254995713963805
943;-0.7173363780252168;-0.2814438628600421;1.0347147888249961
944;-0.7116174976626263;-0.4955654413313053;0.7360192626260603
945;-0.7052280360233303;-0.29284422811577304;1.2976217203796978
946;-0.6993904161181633;-0.49631772892462034;0.7628342494714024
947;-0.6940615440358476;-0.4959842718278438;0.8913593804030008
948;-0.6891834476726175;-0.49701648215646055;0.7637645077811482
949;-0.6847189988619764;-0.4966871026642983;0.6765188444006808
950;-0.6806294273207905;-0.49699331796087926;0.6362192602882503
951;-0.6757093799358895;-0.32190829079743577;1.30052313014785
952;-0.6700569672094674;-0.32640127143524794;1.0006008231137213
953;-0.6649147488620935;-0.4979429108217508;0.8926102381398788
954;-0.6590823540802464;-0.3367473950515143;1.1372947746052027
955;-0.6537867375858656;-0.4983917026466945;0.7134657711626631
956;-0.6478408450646879;-0.34723004507110045;1.1371329156772536
957;-0.6413324046945992;-0.3525460625232303;1.0205063480651324
958;-0.6354543102884262;-0.4991383153550173;0.8283279160288456
959;-0.6290384392661317;-0.36455297517716245;1.2984990900442845
960;-0.6221639773808981;-0.3707760137271509;1.0484152885018245
961;-0.6149053666042861;-0.37712810268572644;1.0199560529077556
962;-0.6083903503058905;-0.5016021140947265;0.7681914955076161
963;-0.6025568919173315;-0.500703341497397;0.6328764969528564
964;-0.5973448561282241;-0.5006015138100576;0.7130129231512423
965;-0.5916410459063453;-0.40143926513702033;1.0492164956400185
966;-0.5865667053610484;-0.5006664053288293;0.8274465509195051
967;-0.5820673406230216;-0.5008910259371206;0.8920876616040186
968;-0.5770542371508973;-0.41646363032574346;1.1391520460790256
969;-0.5716083196050235;-0.42132388485904904;1.0287011895079508
970;-0.5668005649058543;-0.5021892683923529;0.7415445657284865
971;-0.5625747308726781;-0.5010883817504684;0.6707073683853955
972;-0.5578841175919478;-0.4359244146409481;1.0290258717877379
973;-0.552801814549772;-0.440653448300434;1.0031158078292142
974;-0.5473931212464398;-0.4459650393368348;1.30859174257234
975;-0.5417159265528441;-0.4516604677985051;1.0525877505876673
976;-0.5367543483087416;-0.5001297323851891;0.627364113789175
977;-0.5324377199861008;-0.5009893508695524;0.740595666526535
978;-0.5277774089237568;-0.46731742224203404;1.0297455943706044
979;-0.5228282348984005;-0.4723128082875601;1.0298295116800071
980;-0.5176380296902204;-0.4776320168392733;1.0298928556439493
981;-0.5131351230516973;-0.49830889498194114;0.6669555413484385
982;-0.5092469775092101;-0.4975488929173557;0.7082729757477257
983;-0.5059076175032183;-0.49688922766232047;0.8225065422802238
984;-0.502180520378192;-0.49631065178500244;1.0298757917770793
985;-0.4989889150952851;-0.49748304775143204;0.7402424247861206
986;-0.49627307793172576;-0.49570590430738765;0.6256666121930774
987;-0.4939806443732644;-0.4951459955962689;0.666532496994142
988;-0.49206683651726485;-0.4960469386371183;0.7675454136096165
989;-0.49048407949335426;-0.4939330696765039;0.6263345426409777
990;-0.4891957992396195;-0.49484006633339134;0.7679949510776902
991;-0.4872967125530704;-0.5166716007046788;1.0066990592057148
992;-0.484852048864039;-0.5191788053116209;1.028015899366213
993;-0.48191787464739716;-0.5221775807706244;1.3003559659880448
994;-0.47854228211365996;-0.5256645558073134;1.2990210281471002
995;-0.47476656515613364;-0.5295904072994113;1.2975408183280333
996;-0.4714558197707022;-0.48956182617915994;0.6308389246852961
997;-0.4685506095093102;-0.48896343102416256;0.6714375957910408
998;-0.46598788788988416;-0.48814010366694505;0.8245270913375693
999;-0.46371596518746555;-0.48762573291215466;0.8250486658274094
1000;-0.46168678574811445;-0.4871605718009338;0.8256202936419474
