0;-0.5404377626713418;-0.48257819915321487;2.1258413341075486
1;-0.5431132241475434;-0.48102100227085376;2.155366450846853
2;-0.5461607316980404;-0.4792674821322269;2.1904036740024875
3;-0.5495724879454598;-0.47732377408789023;2.230454605562687
4;-0.5533337830619363;-0.4751989804333032;2.2750806239048345
5;-0.5574214190895879;-0.4729058215294;2.3240718387103767
6;-0.5618021823736301;-0.470461293841016;2.377879126533722
7;-0.5664315324733974;-0.46788730385980043;2.4385476959311143
8;-0.5712529038241532;-0.46521116591189765;2.5118152016033983
9;-0.5761982023508694;-0.4624657527264761;2.6132257921759976
10;-0.5811900391746001;-0.4596890143984373;2.7994061678335465
11;-0.5861457754820357;-0.4569226329785465;3.1647262531522387
12;-0.590982663963751;-0.45420984082694726;2.674012166052286
13;-0.5956228131664021;-0.4515928160461445;2.5011888043571213
14;-0.5999968607507047;-0.44911029501173294;2.388480657837794
15;-0.604045955567911;-0.44679590574657746;2.304013046562138
16;-0.6077223261893333;-0.444677354166423;2.237458906568273
17;-0.6109889980161572;-0.44277628222289034;2.1843653255987747
18;-0.6138191671407985;-0.44110850856273426;2.142534044680657
19;-0.6161955513145194;-0.43968440960731675;2.1108479021365123
20;-0.6181098561447195;-0.43850929977208053;2.0888352167560957
21;-0.6195623609307943;-0.43758376220051165;2.0765261071101055
22;-0.620561536844485;-0.4369039490353834;2.074471345916976
23;-0.6211235492011252;-0.4364619142323011;2.0839185773996203
24;-0.6212714726605887;-0.43624606095101526;2.107258599624279
25;-0.6210340890742594;-0.43624177026188987;2.1491359792073763
26;-0.6204442585828778;-0.43643222214289196;2.2196973257360444
27;-0.6195370205723798;-0.43679934045597396;2.347835283393243
28;-0.6183477017806118;-0.43732473398950134;2.7167767068017215
29;-0.6169103057516334;-0.4379905040991647;2.4691484334064135
30;-0.6152563414970078;-0.4387798425269037;2.246539869849615
31;-0.6134141066349377;-0.4396774101019211;2.130128494082221
32;-0.6114083490847934;-0.4406695309386081;2.053264516615469
33;-0.6092602072941372;-0.4417442491104557;1.9984166299161208
34;-0.6069873444542553;-0.44289128812030604;1.9583847844701432
35;-0.6046042165433996;-0.44410194229229827;1.9296063677790671
36;-0.602122432008287;-0.44536892086967633;1.9101963710501897
37;-0.599551170178536;-0.44668616129758765;1.899222966481437
38;-0.5968976292304525;-0.44804862645411464;1.8964266666045555
39;-0.5941674762973006;-0.4494520997458358;1.9021595789543857
40;-0.5913652745751172;-0.450892990851682;1.9175050778816072
41;-0.5884948660786725;-0.4523681629603577;1.94466679570634
42;-0.5855596941656781;-0.4538747895508269;1.9879731400976466
43;-0.5825630565905704;-0.45541024534425495;2.0567787894835647
44;-0.5795082869319208;-0.4569720323748446;2.1768039870935607
45;-0.5763988689784795;-0.45855773858178017;2.4882776267814846
46;-0.573238494363393;-0.4601650232774587;2.345104057206892
47;-0.5700310778604014;-0.4617916215924619;2.096205403071857
48;-0.5667807469422161;-0.46343535873879577;1.9676207252727145
49;-0.5634918223062106;-0.4650941647659611;1.8798804841248016
50;-0.5601688041847909;-0.466766081387628;1.8135297717089078
51;-0.5568163756937943;-0.4684492542920268;1.7606645433445567
52;-0.5534394297364549;-0.4701419068799063;1.7172439329793225
53;-0.5500431206930718;-0.47184229429694996;1.6808912016068593
54;-0.5466329369321306;-0.47354863961402816;1.6500637653594519
55;-0.54321478565573;-0.4752590567454859;1.6236821509867951
56;-0.5397950781810441;-0.47697146692131365;1.6009439228944697
57;-0.5363808017207086;-0.478683517059311;1.5812224341054635
58;-0.5329795631334051;-0.48039250912387216;1.5640084331380666
59;-0.5295995908883009;-0.48209534950245087;1.5488750339935238
60;-0.5262496834343329;-0.4837885266451381;1.535456221883001
61;-0.5229390950561101;-0.4854681238096226;1.5234335841418467
62;-0.5196773539175091;-0.4871298718613775;1.512528209975427
63;-0.5164740111833277;-0.4887692448130767;1.5024958893040852
64;-0.5133383247761302;-0.49038159823288857;1.4931243954431581
65;-0.5102788864169001;-0.49196234785929643;1.484232015406051
66;-0.5073032060401252;-0.4935071827630429;1.4756667257534097
67;-0.5044172732847031;-0.4950123042425483;1.4673055704373805
68;-0.501625121160278;-0.49647467843692156;1.459053917380726
69;-0.49892842152780126;-0.4978922876083209;1.4508443719020265
70;-0.4963261448017139;-0.4992643625410208;1.4426352159486036
71;-0.4938143162096749;-0.5005915770217352;1.4344083241543346
72;-0.4913858970416059;-0.5018761854727878;1.4261665790870117
73;-0.48903081100898627;-0.5031220870230887;1.417930865571374
74;-0.48673612332829586;-0.5043348039068899;1.4097367652578872
75;-0.48448636468679446;-0.5055213689419938;1.4016310972077797
76;-0.4822639761182378;-0.5066901252740403;1.393668460192278
77;-0.48004983694189685;-0.5078504503605195;1.3859079318874645
78;-0.4778238291912031;-0.5090124237477606;1.3784100748755619
79;-0.47556539037997847;-0.5101864630439901;1.3712343955211213
80;-0.47325401242775833;-0.5113829535865146;1.3644374051760022
81;-0.47086965663504976;-0.512611894504174;1.358071448599148
82;-0.46839306983397333;-0.5138825780954739;1.3521844955260494
83;-0.4658060018722204;-0.5152033124469697;1.3468211403165076
84;-0.4630913371463962;-0.5165811911052447;1.3420251229036022
85;-0.4602331636398237;-0.5180219100291094;1.3378437730000865
86;-0.45721681733733965;-0.5195296312022563;1.3343348916168545
87;-0.4540289695928613;-0.5211068918881606;1.3315767291123555
88;-0.4506578857728564;-0.5227545527608737;1.329681925003369
89;-0.4470940840350366;-0.5244717578330352;1.3288166111752564
90;-0.44333173770193873;-0.5262558355142053;1.3292265059680968
91;-0.4393711967629287;-0.5281020070197322;1.3312730883149186
92;-0.43522279193063784;-0.5300027215543175;1.3354855893672097
93;-0.4309115324857851;-0.5319464826936454;1.3426402638705952
94;-0.42648160598752677;-0.5339162355137859;1.3538913155249108
95;-0.4219992133829836;-0.5358877045532808;1.3710091170859808
96;-0.4175525717221615;-0.5378283077555369;1.3968659081239516
97;-0.4132486946503474;-0.5396972220733002;1.4365775485088281
98;-0.40920730962238516;-0.5414468620346817;1.5007894614826762
99;-0.40555270200806953;-0.5430256622448947;1.6190459139544902
100;-0.4024044499214281;-0.5443817981072094;1.9780527686420648
101;-0.3998680801905851;-0.5454673576039318;1.707244755496181
102;-0.3980266841735245;-0.5462424420602043;1.4666292228339004
103;-0.3969344430398273;-0.5466786950000404;1.329333542747726
104;-0.3966127855429623;-0.546761834709092;1.2296325131199468
105;-0.39704954887110366;-0.5464929002704133;1.1503038699769803
106;-0.3982011016301037;-0.5458880989363865;1.084282955629719
107;-0.399997010918677;-0.5449773329036017;1.0279979133392114
108;-0.4023465724829805;-0.5438016459156072;0.9793935763933433
109;-0.405146407143125;-0.5424099327549073;0.9371693945534706
110;-0.40828833877072035;-0.5408552875713737;0.9004329418492333
111;-0.4116668616099703;-0.539191343622358;0.8685232643829607
112;-0.4151856357854865;-0.5374689021896615;0.8409131500481571
113;-0.41876260006778593;-0.5357330822412462;0.8171521614620525
114;-0.4223334560913621;-0.534021152695138;0.7968329222025319
115;-0.4258534517043886;-0.532361136056351;0.7795720711684158
116;-0.42929755549908666;-0.5307711970044866;0.7650013972195445
117;-0.43265924685085244;-0.5292597590101381;0.7527665488286374
118;-0.43594822908742753;-0.5278262360917817;0.7425314771094766
119;-0.43918740427020986;-0.5264622328027846;0.7339869433427426
120;-0.44240943571817426;-0.5251530549146797;0.726861321747067
121;-0.4456531845990662;-0.5238793817865615;0.7209317927363121
122;-0.44896025529291395;-0.5226189718659485;0.7160340358263222
123;-0.4523718321305532;-0.5213482979957769;0.7120688048762588
124;-0.4559259432901267;-0.5200440340350443;0.7090043112336433
125;-0.4596552470985225;-0.5186843361618736;0.7068740624046961
126;-0.4635853997790357;-0.517249880787245;0.7057705518856182
127;-0.46773402895548233;-0.5157246373144737;0.7058358120630096
128;-0.4721103019838897;-0.5140963694320376;0.7072502173264767
129;-0.47671504244460844;-0.512356874074769;0.7102210247310226
130;-0.4815413141104588;-0.5105019824247293;0.7149720030984679
131;-0.48657536314731054;-0.5085313611241067;0.7217352157151932
132;-0.49179779012763336;-0.5064481625194639;0.7307456924121074
133;-0.49718481632161193;-0.5042585787827475;0.7422394512813842
134;-0.5027095141243036;-0.5019713555645637;0.7564551834558295
135;-0.508342887444498;-0.4995973169392248;0.7736399499299971
136;-0.5140547107634864;-0.4971489461992635;0.7940595082042239
137;-0.5198140611785063;-0.4946400583078623;0.8180144738933991
138;-0.5255895026157749;-0.49208559101955757;0.8458646153313789
139;-0.5313489037331582;-0.4895015335963989;0.8780656012331332
140;-0.5370588910388341;-0.4869050045252832;0.9152264462924041
141;-0.5426839583567771;-0.4843144817544418;0.9582040710232559
142;-0.5481852758657073;-0.48175017939342585;1.0082699147020726
143;-0.553519269419882;-0.47923455232060275;1.067430142655196
144;-0.558636075666361;-0.47679289396670843;1.13911519693368
145;-0.5634780206984105;-0.4744539727311271;1.22992044092593
146;-0.567978316965659;-0.4722506300856913;1.3552332459354224
147;-0.5720602184592005;-0.4702202407317418;1.568585599123682
148;-0.5756369066746287;-0.46840491608587836;2.0242505668394912
149;-0.5786123836688652;-0.4668513226137329;1.5368342261900403
150;-0.580883605210007;-0.46560999348724785;1.4050915170506375
151;-0.5823439810167697;-0.4647340434347295;1.3366060333956693
152;-0.5828881964128022;-0.46427725771642425;1.2972825013916767
153;-0.5824180869375278;-0.4642916155679533;1.275961501709833
154;-0.580849065487167;-0.46482441466892244;1.2679370500238107
155;-0.5781164191400062;-0.4659152638456361;1.2712389725655093
156;-0.5741807186867667;-0.46759327775171794;1.2855369391637925
157;-0.5690316538859859;-0.46987481457135283;1.311987027279652
158;-0.562689817461653;-0.4727620350924237;1.3538338131963723
159;-0.5552062648672073;-0.4762424390040085;1.4185666064673215
160;-0.5466600022069099;-0.48028938131783505;1.5259705401777082
161;-0.5371538273151931;-0.48486342678596195;1.7613520276817103
162;-0.5268091167189981;-0.4899142969784569;1.8410461961710372
163;-0.5157601960391964;-0.49538312206186713;1.5233432598479395
164;-0.5041488675478458;-0.501204727409793;1.3818055722605358
165;-0.4921195308601626;-0.5073097490184889;1.288964936386754
166;-0.4798151621962855;-0.5136264586063599;1.220026437270322
167;-0.4673742506509189;-0.5200822663013109;1.1656749753413
168;-0.45492865216941014;-0.5266049381468538;1.1213844280262073
169;-0.44260222689910955;-0.5331236074094641;1.0846136493476104
170;-0.43051007555041576;-0.5395696713783306;1.0537975805820634
171;-0.4187581792542481;-0.5458776543904975;1.0279099544879071
172;-0.40744326442222806;-0.5519860923420563;1.0062486038083045
173;-0.3966527478391679;-0.5578384633737253;0.9883202189356233
174;-0.3864646582713734;-0.5633841607567939;0.9737742047765342
175;-0.3769474730852045;-0.5685794808669702;0.9623626675166563
176;-0.36815984829807274;-0.5733885823352758;0.9539151144072969
177;-0.3601502561640489;-0.5777843614327157;0.9483217857513394
178;-0.35295657416368226;-0.5817491828409098;0.9455221951091977
179;-0.34660569119841417;-0.585275404184191;0.9454968670937423
180;-0.34111320885081275;-0.5883656376740467;0.9482610623061467
181;-0.33648331625174094;-0.591032703674783;0.9538597606399284
182;-0.3327089061548498;-0.5932992490780509;0.9623634820736555
183;-0.32977197880176434;-0.5951970270425839;0.9738647322696692
184;-0.3276443524251393;-0.5967658614850105;0.9884750086079602
185;-0.3262886694167565;-0.5980523461003768;1.0063224141344285
186;-0.32565966021964965;-0.5991083495452576;1.0275500187369444
187;-0.32570560698989726;-0.599989412053281;1.052315193485153
188;-0.32636993836644435;-0.6007531218252851;1.080790242134627
189;-0.32759288548183674;-0.6014575516192744;1.1131647849751998
190;-0.3293131359080864;-0.6021598186325298;1.1496505456020958
191;-0.33146943362281345;-0.6029148071496736;1.1904894992966284
192;-0.33400208609533866;-0.6037740674440344;1.2359668440870695
193;-0.33685435155688137;-0.6047848799735492;1.2864310991231553
194;-0.3399736887241777;-0.6059894543393906;1.3423251011017323
195;-0.3433128569525168;-0.6074242203023115;1.4042343299951772
196;-0.34683085693718374;-0.6091191651126286;1.4729640883543502
197;-0.3504937009113228;-0.6110971784725219;1.549667466131261
198;-0.35427499719725036;-0.613373383621387;1.636069069841388
199;-0.3581563276520081;-0.6159544588850748;1.7348859672738262
200;-0.3621273894057;-0.6188379851510443;1.8507053711889465
201;-0.36618586675951004;-0.6220118856267748;1.992111583041947
202;-0.37033699850995755;-0.6254540481010615;2.178250969667184
203;-0.3745928136368978;-0.6291322303723466;2.4716420022463477
204;-0.37897102623357304;-0.6330043426630692;2.99222718189614
205;-0.3834936081964791;-0.6370191767765628;2.742926852461208
206;-0.3881850919739242;-0.6411176144760655;2.875687137598985
207;-0.39307068973582593;-0.6452343035664826;2.395413614146237
208;-0.39817434302262217;-0.649299746358457;2.194022686541037
209;-0.40351683253265275;-0.6532427072501859;2.0614644365439676
210;-0.40911407775095154;-0.6569928177099336;1.9625412050348876
211;-0.4149757400524433;-0.6604832396750167;1.883946195956574
212;-0.42110421302704404;-0.6636532425522282;1.8191565818575577
213;-0.4274940446288239;-0.6664505539311716;1.7645234859589163
214;-0.43413179323516454;-0.6688333585453611;1.7178409358294717
215;-0.4409962799835648;-0.670771842295546;1.6777082467546975
216;-0.4480591682690167;-0.6722492063987955;1.6432070162704517
217;-0.45528578189640556;-0.6732621089316456;1.6137224598798183
218;-0.46263606781440736;-0.6738205251575632;1.5888384763707672
219;-0.47006561697657084;-0.6739470520645596;1.568273547090004
220;-0.47752667486846506;-0.673675714520363;1.5518406424808553
221;-0.48496909720183357;-0.6730503584109018;1.5394218536750723
222;-0.49234123114808503;-0.6721227380718033;1.5309523302533163
223;-0.4995907236610668;-0.6709504193148297;1.52641025273845
224;-0.5066652727733216;-0.6695946237440913;1.525810859247868
225;-0.5135133441127271;-0.6681181338914226;1.5292033806304386
226;-0.5200848741101668;-0.6665833621713646;1.5366703176712297
227;-0.526331975595976;-0.6650506614543099;1.5483289294048288
228;-0.5322096532082796;-0.6635769243780564;1.5643351697142114
229;-0.5376765272493016;-0.6622144866289095;1.5848906810127699
230;-0.5426955563785282;-0.6610103208373188;1.610253917718113
231;-0.547234742041874;-0.6600054862412158;1.6407571667346261
232;-0.5512677906847552;-0.6592347871273563;1.6768324049888133
233;-0.554774703735495;-0.6587265905706492;1.7190510756937987
234;-0.5577422609120548;-0.6585027595841435;1.76818703273906
235;-0.5601643611568675;-0.6585786685315215;1.8253205758859834
236;-0.5620421893206141;-0.6589632800040907;1.8920210689742167
237;-0.5633841870785568;-0.6596592730262298;1.9706945740270316
238;-0.5642058237336673;-0.6606632190928763;2.0653231775974756
239;-0.5645291849224142;-0.6619658042793211;2.1833086495364102
240;-0.5643824210775217;-0.6635520932287491;2.3413860693984954
241;-0.5637991174247698;-0.6654018263444365;2.596643675654234
242;-0.562817657343275;-0.667489737936733;3.0561760193666685
243;-0.561480646248114;-0.669785883305855;2.659965876301049
244;-0.5598344418232062;-0.6722559686849284;2.612072021976065
245;-0.5579288007772902;-0.6748616897175914;2.669324347190835
246;-0.5558166091865195;-0.677561099616135;2.89879746940372
247;-0.5535536230896658;-0.6803090433753047;2.8897900405509014
248;-0.5511981191701156;-0.6830577045566895;2.600326730815831
249;-0.5488103504079088;-0.6857573119339333;2.4719012280160015
250;-0.5464517215933328;-0.6883570424296114;2.396698008251556
251;-0.5441836412773812;-0.6908061348947845;2.3516527126319637
252;-0.5420660613338135;-0.6930551998621103;2.328282433708206
253;-0.5401557711132168;-0.69505767888304;2.323239593011937
254;-0.5385045587320014;-0.6967713793950177;2.3360319784139825
255;-0.537157378982986;-0.698159992250639;2.368850365973438
256;-0.5361506720297671;-0.6991944920390725;2.428268446612179
257;-0.5355109607616635;-0.6998543256308067;2.532426159332479
258;-0.5352538227062464;-0.7001283102001933;2.7564113701624926
259;-0.5353832922003331;-0.7000151849609243;2.91325022217172
260;-0.5358917078687515;-0.699523786964013;2.577490883049477
261;-0.5367599857868361;-0.6986728467844706;2.448514557392116
262;-0.5379582741321784;-0.697490421917348;2.3763083137908145
263;-0.5394469321876874;-0.6960130026181987;2.335023218351603
264;-0.5411777744157088;-0.6942843363762513;2.31636121009273
265;-0.5430955263540231;-0.6923540237715022;2.318216820109855
266;-0.5451394494960515;-0.6902759413119022;2.34283315489901
267;-0.5472451027853723;-0.6881065474225282;2.3991507113889727
268;-0.5493462146754287;-0.6859031275209058;2.5164759904149414
269;-0.5513766385277864;-0.6837220342799614;2.9009354423319254
270;-0.5532723537614503;-0.6816169804732521;2.590899339278919
271;-0.5549734563691769;-0.679637444172846;2.3621093539866003
272;-0.5564260587990699;-0.6778272485348792;2.2336126212653076
273;-0.5575839969821447;-0.6762233790555989;2.1427106086144136
274;-0.5584102290852997;-0.6748550975816037;2.072208345954742
275;-0.5588778133170414;-0.6737434023007731;2.014745339582587
276;-0.5589703746716015;-0.6729008653412004;1.966423995403252
277;-0.5586820118689961;-0.6723318552270747;1.9248997307742375
278;-0.5580166497540345;-0.6720331230551402;1.8886407392430122
279;-0.5569868991551523;-0.6719947030814502;1.8565910061321294
280;-0.5556125348457589;-0.6722010549770796;1.8279984071102067
281;-0.5539187341144982;-0.6726323598950273;1.8023188243065522
282;-0.5519342292179285;-0.6732658773765894;1.7791583452682418
283;-0.5496895173712065;-0.6740772745550392;1.7582357909433202
284;-0.5472152467762622;-0.6750418508947349;1.739356690010872
285;-0.5445408635714487;-0.6761355977597774;1.7223940560991575
286;-0.5416935696866497;-0.6773360494280711;1.707273477933485
287;-0.5386976109645933;-0.6786228985537897;1.693961168182909
288;-0.5355738915824315;-0.6799783635144441;1.6824542233046773
289;-0.5323398951590097;-0.6813873076794373;1.672772667038091
290;-0.5290098832852447;-0.6828371222760923;1.6649530148926053
291;-0.525595335839645;-0.684317396208609;1.659043180315971
292;-0.5221055917263568;-0.6858194083699828;1.6550985887661085
293;-0.5185486420872505;-0.6873354901064554;1.6531793990984058
294;-0.5149320207438252;-0.6888583158431802;1.6533487670812257
295;-0.5112637303274252;-0.690380186044539;1.6556721319129206
296;-0.5075531397637323;-0.6918923664152681;1.6602175692926031
297;-0.5038117916734414;-0.6933845394572137;1.6670573404955313
298;-0.5000540676985147;-0.6948444098855888;1.6762708864229499
299;-0.4962976748662642;-0.6962574864295695;1.6879496869008843
