0;-0.47486618736770503;-0.5856388727506355;1.7276700857939662
1;-0.47156963974953636;-0.5904793103652574;1.699932077262463
2;-0.46877253431501886;-0.5950986302217866;1.6612439106383223
3;-0.4665712667289598;-0.5994493589774963;1.61638630468446
4;-0.46505502235689017;-0.6034793596294336;1.5719180855842496
5;-0.46425837094231753;-0.60716206578954;1.5301139717068335
6;-0.4641958178615036;-0.6104820403230442;1.4917311016680517
7;-0.46487042099921166;-0.613429597716843;1.4570591152255283
8;-0.4662744821387638;-0.6160000926257374;1.426256687611393
9;-0.4683892703647877;-0.618194018900073;1.3994940342155338
10;-0.4711848178075647;-0.620017225106578;1.3770777660524818
11;-0.47462013900401945;-0.6214810433883787;1.3597464088520195
12;-0.47864413725586064;-0.62260219731561;1.350258050530717
13;-0.48319738052096517;-0.6234023649550602;1.346583283853511
14;-0.48821473637851953;-0.6239073103847588;1.3184587285601685
15;-0.49362857154308204;-0.6241455937776339;1.304784029249335
16;-0.4993719896315537;-0.6241470105947077;1.2973759323593486
17;-0.505381564405361;-0.6239410214749243;1.2951627062924236
18;-0.5115992461408179;-0.6235554372096135;1.2979760836958985
19;-0.5179734251222694;-0.6230155111194966;1.3060055016189833
20;-0.5244593502417751;-0.6223434413550535;1.3197200527889381
21;-0.5310191571007584;-0.6215581849694755;1.3399340857942366
22;-0.5376217056322465;-0.6206754630554394;1.3680076381064434
23;-0.5442423384399905;-0.6197078662890022;1.4063108806134346
24;-0.5508625966155222;-0.6186650145751027;1.4594069128104847
25;-0.5574698847523726;-0.6175537594650653;1.5378440726118336
26;-0.564057058203734;-0.6163784368392815;1.6775115899528348
27;-0.5706219058125908;-0.6151411820806059;2.0332146006164495
28;-0.5771665137659169;-0.6138423149803213;1.6600176433725566
29;-0.5836965153496565;-0.6124807910988901;1.5685922929236007
30;-0.5902202515214208;-0.6110547040005654;1.5298741931008337
31;-0.5967478821896793;-0.609561812140268;1.5138690111270063
32;-0.6032904924428774;-0.6080000579529081;1.491754191136185
33;-0.6098592291564728;-0.6063680461735209;1.4949652414235142
34;-0.6164644834790508;-0.6046654529821279;1.5196676672829268
35;-0.6231151105161828;-0.6028933450762282;1.576054979927592
36;-0.6298176592870364;-0.6010543957063667;1.7117275855335767
37;-0.6365755846092949;-0.5991529914188315;1.8398055502755049
38;-0.6433884357477057;-0.5971952285881932;1.5739480186609769
39;-0.6502510639125653;-0.5951888038646832;1.4659874859787025
40;-0.6571529481971773;-0.5931428087214715;1.3979082842105908
41;-0.6640777805647613;-0.591067445754978;1.3504896496131293
42;-0.6710034465698291;-0.5889736919984047;1.3182941954121201
43;-0.6779024785676189;-0.5868729395949985;1.3241962281064512
44;-0.6847429610572024;-0.5847766441289718;1.2649467912709766
45;-0.6914897738986754;-0.5826960050157949;1.2397339396878055
46;-0.6981060052772644;-0.5806416926155599;1.2229178186869392
47;-0.7045543648113289;-0.5786236268008313;1.2122018999905098
48;-0.7107984648798844;-0.5766508047175497;1.2068201756331327
49;-0.7168038908282115;-0.5747311725416753;1.2065268476230397
50;-0.7225390282137596;-0.5728715363100466;1.211411646452169
51;-0.7279756484057833;-0.5710775086690143;1.2219070856275953
52;-0.7330892723746203;-0.5693534901177141;1.2389294079083795
53;-0.7378593404462765;-0.5677026842013349;1.2642495199474328
54;-0.7422692177671395;-0.566127145967499;1.3014777672049944
55;-0.746306064651627;-0.5646278620472789;1.3593086484257162
56;-0.7499605998418548;-0.5632048592794662;1.4688270546790125
57;-0.7532267838461267;-0.5618573371369444;1.7073556494231799
58;-0.7561014490850433;-0.560583817544209;1.4230106772207258
59;-0.7585839032674468;-0.5593823041845243;1.3383478777987945
60;-0.7606755316910265;-0.558250442308096;1.2890906514424507
61;-0.7623794223772541;-0.5571856696274466;1.2560800573327144
62;-0.76370003460135;-0.5561853493494;1.2328103894289513
63;-0.7646429263033524;-0.5552468778417909;1.2162702682063384
64;-0.7652145493690563;-0.5543677617633045;1.2048177104977909
65;-0.765422114579096;-0.5535456623904983;1.1974620922453294
66;-0.765273521107037;-0.5527784079222394;1.1935646874460952
67;-0.7647773397432054;-0.552063977281318;1.1926952323150708
68;-0.7639428352104982;-0.5514004610159278;1.1945560813064955
69;-0.7627800113137047;-0.5507860061420955;1.1989390259594896
70;-0.761299663125681;-0.5502187521436853;1.2056992845669434
71;-0.759513422563756;-0.5496967649736857;1.214739153169313
72;-0.7574337869871982;-0.549217974968432;1.2259974122000297
73;-0.7550741242591592;-0.5487801233048726;1.2394423387613458
74;-0.7524486515382047;-0.5483807201911299;1.25506708594322
75;-0.749572388490405;-0.5480170165362678;1.2728866907563712
76;-0.7464610883771091;-0.5476859895093034;1.2929362611412105
77;-0.7431311524411867;-0.5473843412474829;1.3152700681361629
78;-0.7395995341595836;-0.5471085090592173;1.3399613823140757
79;-0.7358836403067553;-0.5468546848159636;1.3671029717358776
80;-0.7320012354879635;-0.5466188408500534;1.3968082381973248
81;-0.727970355986386;-0.5463967595659938;1.4292130200802322
82;-0.7238092375628488;-0.5461840641094945;1.4644781418148565
83;-0.7195362603830566;-0.5459762477857844;1.5027928495304912
84;-0.7151699126390643;-0.5457687004299945;1.544379348908809
85;-0.7107287727732727;-0.5455567305545325;1.5894987668272946
86;-0.7062315085784603;-0.5453355827776302;1.6384590116120434
87;-0.7016968898943385;-0.5451004507242465;1.6916252374608296
88;-0.6971438101985659;-0.5448464862441186;1.7494339772727743
89;-0.6925913111449236;-0.5445688063806675;1.8124125834273204
90;-0.6880586030854248;-0.5442625000261342;1.8812065703682004
91;-0.6835650738878907;-0.543922636595785;1.9566190964617138
92;-0.6791302779970091;-0.5435442793317949;2.039669777862539
93;-0.6747738977602459;-0.5431225059875808;2.131685614257952
94;-0.670515669618764;-0.5426524396240519;2.2344480182141564
95;-0.6663752688955601;-0.5421292920457877;2.3504441277074966
96;-0.662372148610884;-0.5415484219946565;2.483327691358628
97;-0.6585253299851798;-0.5409054095863598;2.6388463414419037
98;-0.6548531449686724;-0.5401961476228118;2.826963287334203
99;-0.6513729341345293;-0.5394169493618899;3.0677552530951617
100;-0.6481007064238126;-0.5385646711204582;3.4146827373508515
101;-0.6450507703481944;-0.5376368467923778;4.334763253925041
102;-0.6422353491459392;-0.5366318300623565;4.449214862231028
103;-0.6396641948566186;-0.5355489388809256;3.6842923331694237
104;-0.6373442181497917;-0.5343885957308524;3.4634058902201392
105;-0.6352791518477168;-0.5331524564541643;3.36997989915125
106;-0.6334692662783408;-0.5318435200079761;3.3496131011385835
107;-0.6319111537678885;-0.5304662115513203;3.3961816743258004
108;-0.630597597659286;-0.5290264317921145;3.5939925093212475
109;-0.6295175382084133;-0.5275315665771946;3.540225276136464
110;-0.6286561436262506;-0.5259904522903265;3.611998609790964
111;-0.6279949895560826;-0.5244132946926735;3.8675945490885364
112;-0.6275123446593867;-0.5228115413067438;3.86233129677072
113;-0.627183554092697;-0.5211977101634587;3.6017915178572872
114;-0.6269815069381636;-0.5195851805055159;3.562059747731381
115;-0.6268771686045178;-0.5179879536294101;3.841381469632634
116;-0.6268401553515432;-0.5164203941913806;3.5070549466685135
117;-0.6268393258681759;-0.5148969637414977;3.246849977004196
118;-0.6268433645986755;-0.5134319587639746;3.106340887532797
119;-0.6268213334414523;-0.5120392649393719;3.0127193913377415
120;-0.6267431725063188;-0.5107321376539815;2.949112746955146
121;-0.6265801365317583;-0.5095230160338502;2.909634126114234
122;-0.6263051608083182;-0.5084233741804158;2.894222103717874
123;-0.6258931582690027;-0.5074436091704856;2.912406997810422
124;-0.6253212568505477;-0.5065929612133708;3.048647379303308
125;-0.6245689922666323;-0.505879457675743;2.903911621527064
126;-0.6236184749830163;-0.5053098700603397;2.809321253587886
127;-0.6224545507096169;-0.5048896719671228;2.758647010942548
128;-0.6210649708546445;-0.5046229869088947;2.727999234371353
129;-0.6194405834920054;-0.5045125176354304;2.7106975565818017
130;-0.617575547532921;-0.5045594529941393;2.703979302539046
131;-0.6154675645440736;-0.5047633535876666;2.7066346190774975
132;-0.6131181157289336;-0.5051220225844878;2.7183946744737266
133;-0.6105326873271729;-0.5056313719882296;2.7399180537932417
134;-0.6077209666342749;-0.5062852967507299;2.773361705675152
135;-0.6046969925983293;-0.5070755691139642;2.8246157706827937
136;-0.6014792483706625;-0.5079917638463914;2.9155927890192377
137;-0.5980906868555247;-0.5090212223702563;3.0775080594184994
138;-0.5945586830504659;-0.5101490610410288;2.918730654945983
139;-0.5909149082198357;-0.5113582267302796;2.8860779815316002
140;-0.5871951208051005;-0.5126296016916566;2.8816940083855145
141;-0.583438868074623;-0.5139421593679299;2.8936978987232655
142;-0.5796890917191883;-0.5152731729495102;2.919217409714021
143;-0.5759916307354336;-0.5165984786309105;2.9588333707569663
144;-0.5723946165993319;-0.5178927951850283;3.016318937719147
145;-0.5689477591817901;-0.5191301003861903;3.101451559997402
146;-0.5657015270357242;-0.520284062847034;3.2427848331199685
147;-0.562706232250042;-0.5213285250512621;3.605629645690885
148;-0.5600110374814657;-0.5222380299604337;3.4182974079098423
149;-0.5576629103779596;-0.5229883798350164;3.1600120329055845
150;-0.5557055576839929;-0.5235572121724783;3.024219568401851
151;-0.5541783771651083;-0.5239245742760634;2.9296740729746844
152;-0.5531154694704333;-0.5240734752623007;2.855968552863011
153;-0.5525447536448327;-0.5239903925962234;2.7948101894412356
154;-0.5524872288413405;-0.5236657097662961;2.742055028273446
155;-0.5529564206899902;-0.5230940626710523;2.6954028245683053
156;-0.5539580437757423;-0.522274574808664;2.6535191278037473
157;-0.555489901999464;-0.5212109654756866;2.6156377838524634
158;-0.557542036682368;-0.5199115208266375;2.5813573761694255
159;-0.5600971187729606;-0.5183889246315381;2.5505270371776647
160;-0.5631310672841228;-0.5166599535489428;2.5231782182977742
161;-0.566613862196828;-0.5147450501765263;2.4994825953977267
162;-0.5705105077749013;-0.512667795319448;2.4797263446495927
163;-0.5747820929073296;-0.5104543079255337;2.4642956959917095
164;-0.5793868900394508;-0.5081326059948428;2.453671082416267
165;-0.5842814344832379;-0.5057319635888761;2.448428683320666
166;-0.5894215318495118;-0.5032822972603166;2.449249343006992
167;-0.5947631526540653;-0.5008136097381592;2.4569361045764864
168;-0.6002631885290279;-0.4983555101280615;2.4724432738906676
169;-0.6058800617896885;-0.49593681945486934;2.4969225198397726
170;-0.6115741966782511;-0.49358525977045464;2.5317960074698718
171;-0.6173083736591625;-0.491327216095697;2.5788751345161867
172;-0.6230479953943139;-0.4891875547278919;2.6405614658933967
173;-0.6287612932209223;-0.48718947988634564;2.7202087623496185
174;-0.6344194961857889;-0.4853544134220925;2.82283986457552
175;-0.6399969724210639;-0.4837018886437281;2.9568018574856563
176;-0.6454713373858975;-0.48224945774032496;3.138937011185212
177;-0.6508235082413965;-0.48101262088189606;3.44488779200482
178;-0.656037671284262;-0.48000479176710537;3.6915096762759507
179;-0.6611011224011016;-0.47923731722120577;4.695019628475419
180;-0.6660039409459166;-0.47871956583095554;4.757032131059815
181;-0.6707384672539956;-0.47845909146873367;3.9760859514149764
182;-0.6752985755791097;-0.478461861577552;4.221091863905432
183;-0.679678770341694;-0.4787325180773979;3.542038795503576
184;-0.6838731857138591;-0.4792746133913509;3.328730583244767
185;-0.6878746329083955;-0.4800907409012858;3.2264097711570288
186;-0.6916739011102958;-0.4811824671297603;3.214031809629797
187;-0.6952595476798371;-0.4825499834607998;3.3949012355455275
188;-0.6986183754769959;-0.48419143739277326;3.423792805967231
189;-0.7017366702175084;-0.4861019762339504;3.170334047884217
190;-0.7046020807854533;-0.4882726223700882;2.8355710802874534
191;-0.7072058379543811;-0.49068916774675103;2.63676774407452
192;-0.709544901316449;-0.4933312969097914;2.4907069337247756
193;-0.7116236421231242;-0.4961721140680759;2.3755431558282987
194;-0.7134547930248629;-0.4991781770400181;2.2817289689546256
195;-0.7150595672099451;-0.5023100593125052;2.2040715405845552
196;-0.7164670117229675;-0.5055233949758464;2.139387012215881
197;-0.7177127782656627;-0.5087703198852772;2.085590038432854
198;-0.7188375578071802;-0.51200120461371;2.0412787595031134
199;-0.7198854334155201;-0.515166574738006;2.005525848243982
200;-0.7209023639057077;-0.5182191253356142;1.9777682301111321
201;-0.7219349266863109;-0.52111575254586;1.9577512035074762
202;-0.7230293324261461;-0.5238195378344384;1.9455090280098173
203;-0.7242305925467634;-0.5263016213955771;1.9413780901245508
204;-0.7255815964167974;-0.5285428817133743;1.9460502728672902
205;-0.7271217750116108;-0.5305352938663315;1.9606905367345364
206;-0.7288850462698774;-0.532282773088613;1.9871774053582523
207;-0.730896917749241;-0.5338012415420669;2.028618515924778
208;-0.7331709935373301;-0.5351176275502874;2.090608636527414
209;-0.7357056141880041;-0.536267579141709;2.1851694831732353
210;-0.7384817169427244;-0.5372918954054762;2.3527510675804644
211;-0.741462948456483;-0.5382320237906242;2.5153661031309733
212;-0.744598488988188;-0.5391253024978562;2.6369206901285045
213;-0.7478282016580966;-0.5400007582623052;2.7767539811920017
214;-0.7510890501567755;-0.5408761105122011;2.3754489254561437
215;-0.7543215299794742;-0.541756275817411;2.2157271936902863
216;-0.757475095387592;-0.5426333096854958;2.1256346822654586
217;-0.7605119938324076;-0.5434875111445951;2.076289100906733
218;-0.7634093187150516;-0.5442893661088842;2.059986314081693
219;-0.7661593657263897;-0.5450020506012773;2.07860386288819
220;-0.7687685362087809;-0.5455842793761494;2.1464611845113284
221;-0.7712551171244771;-0.5459933276630166;2.3228277819906555
222;-0.7736463145235704;-0.5461880667384977;2.712228072132605
223;-0.7759749338792932;-0.5461318513845324;2.180570963550327
224;-0.7782760767128913;-0.5457950985017341;2.0090825830421593
225;-0.7805841488254768;-0.5451574156988894;1.9171376374402176
226;-0.7829303568572723;-0.5442091795674192;1.8747512469619494
227;-0.7853407321232961;-0.542952516703476;1.8868826829014815
228;-0.7878345997640013;-0.541401691247742;2.139513716753061
229;-0.7904233390452572;-0.5395829374746485;1.8794692816692653
230;-0.7931092739063117;-0.537533788992267;1.8716265723281174
231;-0.7958845910469556;-0.5353019501133722;2.1675061939683644
232;-0.7987302918512633;-0.5329437385043575;1.8146816042262297
233;-0.8016153205458668;-0.5305221122618388;1.64304751856346
234;-0.8044961419382524;-0.5281042898738664;1.460394332628293
235;-0.8073171270854649;-0.5257589871281092;1.3423167189202225
236;-0.8100120993072826;-0.5235533366162948;1.2523362546615375
237;-0.8125072606035113;-0.5215496227354462;1.1804975916774527
238;-0.8147254561500747;-0.5198020482980079;1.122054413279007
239;-0.8165913908648297;-0.5183538268584013;1.0742111631158417
240;-0.8180370894667143;-0.5172349373079428;1.0350993017361294
241;-0.8190067160546808;-0.5164608534853544;1.0033561841708216
242;-0.8194599357081256;-0.5160324543075057;0.9779247481629912
243;-0.8193733195177537;-0.5159371387092663;0.9579497908262259
244;-0.8187397741384175;-0.5161509549392533;0.9427213684360473
245;-0.8175664558647604;-0.5166413667386771;0.9316424889771596
246;-0.815871945276319;-0.5173701785929101;0.9242093480541043
247;-0.8136835192772969;-0.5182961596876112;0.9199976941572813
248;-0.8110351736077073;-0.5193770309471527;0.9186518671635986
249;-0.8079667159822197;-0.5205706660196837;0.9198748683803581
250;-0.8045238941088366;-0.521835546770952;0.9234189621056162
251;-0.8007592466032666;-0.5231306590508162;0.9290769776703444
252;-0.7967332191498786;-0.5244150914505414;0.9366747855149062
253;-0.7925150742078829;-0.5256476083482295;0.9460654363714942
254;-0.7881832099440204;-0.5267864238574489;0.957125242543728
255;-0.7838246513002296;-0.527789326356751;0.9697517123814064
256;-0.7795336431139006;-0.5286142146272232;0.9838628118488875
257;-0.7754094293517648;-0.5292200232827134;0.9993966366914313
258;-0.7715534205425862;-0.5295679495086324;1.0163103632917296
259;-0.7680660201740552;-0.5296228524136213;1.0345774046411493
260;-0.7650433969649405;-0.5293546826602047;1.0541820479718
261;-0.7625744593172687;-0.5287398108838324;1.0751114017972307
262;-0.7607382231899026;-0.5277621526145719;1.0973450564012763
263;-0.7596016804984852;-0.5264140270446467;1.1208432731431193
264;-0.7592181870517798;-0.5246967290287893;1.1455346392491172
265;-0.759626309486566;-0.5226208313799673;1.1713039364105617
266;-0.7608490086381712;-0.5202062629012183;1.1979805457328216
267;-0.762892998035339;-0.5174822236280254;1.225327170274419
268;-0.7657481043212057;-0.514487000941589;1.2530281436496282
269;-0.769386474078984;-0.5112677381389603;1.2806762944547008
270;-0.7737615216655931;-0.5078801810319776;1.3077575502116028
271;-0.7788065986289966;-0.5043883891652947;1.3336336956505879
272;-0.7844334899315213;-0.5008643482874078;1.357526666276223
273;-0.790531004363483;-0.4973873637718583;1.3785130470499087
274;-0.7969641146103403;-0.4940430583966685;1.3955443804175371
275;-0.8035742854035963;-0.4909217554692227;1.4075134664083855
276;-0.8101817476510249;-0.4881160197542471;1.413380525235375
277;-0.8165904480673858;-0.48571717916836665;1.4123475640502872
278;-0.8225961394435223;-0.48381078264085153;1.4040303519043065
279;-0.827997532928625;-0.48247117008074025;1.3885546751101128
280;-0.8326096728782126;-0.48175561062533895;1.3665287663121384
281;-0.836277916689864;-0.48169873253900664;1.3389074740356732
282;-0.8388903981865579;-0.48230811894343595;1.3068141618845202
283;-0.8403868766528355;-0.4835618869874173;1.2713870653149324
284;-0.8407624903879177;-0.4854087798969168;1.233682214724326
285;-0.8400659601525244;-0.4877708529522674;1.1946308324739543
286;-0.8383928737081019;-0.490548367576936;1.1550336301310191
287;-0.835875487388974;-0.4936261657651083;1.1155744264788314
288;-0.8326708261735253;-0.4968806585981131;1.0768413300743527
289;-0.8289487715184483;-0.5001866201094091;1.0393492430646711
290;-0.824881445831313;-0.5034231654580972;1.0035609318879377
291;-0.8206347073679225;-0.5064785318280205;0.969905786855369
292;-0.8163620896214335;-0.5092535119283181;0.9387964413976597
293;-0.8122011265200215;-0.5116635801821094;0.9106441998951086
294;-0.8082717260171781;-0.5136398878910321;0.8858750956557386
295;-0.8046760902697206;-0.5151293852995754;0.8649497967925601
296;-0.8014996164704826;-0.5160943614071564;0.848393433558147
297;-0.7988122278481781;-0.516511685302568;0.8368483383747326
298;-0.7966696575370888;-0.516371995031546;0.8311821303489602
299;-0.7951143194035148;-0.5156790202378516;0.832748909242809
300;-0.7941755333893348;-0.5144491509289835;0.8441870233539214
301;-0.7938690153255472;-0.5127112842802108;0.8731385045562886
302;-0.7941956812438418;-0.5105069021366203;1.070785980313024
303;-0.7951399441514007;-0.5078902616473691;0.8891778361392498
304;-0.7966677888139293;-0.504928527539863;0.8755890121224282
305;-0.7987249910642829;-0.5017016425783893;0.8816983709594014
306;-0.8012358979442449;-0.49830172596962397;0.9005863182063394
307;-0.8041031991756469;-0.4948318085046;0.9306379988316666
308;-0.8072090923557799;-0.491403756848807;0.9716934765675223
309;-0.8104181631742009;-0.48813530582693554;1.0242889343246615
310;-0.8135821546787592;-0.4851462052756285;1.089486664609523
311;-0.8165465777932677;-0.4825535949170209;1.1689226658641676
312;-0.8191588280958486;-0.48046684070788903;1.265024325324031
313;-0.8212771611879304;-0.4789821847315944;1.3814799887890952
314;-0.8227796147888716;-0.47817765242816307;1.5242288131279862
315;-0.8235718418393627;-0.4781086933736941;1.703788053021331
316;-0.8235929086113245;-0.4788049781490553;1.9420813378549737
317;-0.8228184273906074;-0.48026862992808705;2.3034381898864176
318;-0.8212608633143692;-0.4824739648445491;3.5905485299257784
319;-0.8189673412585499;-0.4853686081728178;2.5029936473283625
320;-0.81601563125231;-0.48887570775572275;2.2014986969265
321;-0.8125091134868477;-0.49289692168888377;2.0332551279655204
322;-0.8085714138004516;-0.4973159107962355;1.9337144867576406
323;-0.8043411404096366;-0.5020021755386255;1.893671464120455
324;-0.7999668639945207;-0.5068151836014227;1.9433119722151175
325;-0.7956022701014274;-0.5116087924800045;2.1092076900009595
326;-0.7914013271185368;-0.5162359636091758;1.7397683885459883
327;-0.7875133511178393;-0.520553702342557;1.5876262150973444
328;-0.7840779696207887;-0.5244280699200335;1.4858675241601402
329;-0.781220134955136;-0.5277390313466389;1.4106532413332118
330;-0.7790454632345075;-0.5303848523676864;1.3530774139571886
331;-0.7776362397054926;-0.5322857543503876;1.3085371340925243
332;-0.7770484165488567;-0.5333865813908634;1.2741693646514498
333;-0.7773098374033717;-0.5336583222765615;1.2479646212832805
334;-0.7784197759746363;-0.533098445047807;1.2283992551544416
335;-0.7803497101412711;-0.531730121995115;1.2142715061226677
336;-0.7830451076976545;-0.5296005251147526;1.2046307137494046
337;-0.7864279072366265;-0.5267784378858068;1.1987500770280375
338;-0.7903993537168253;-0.5233514491735306;1.1961140852535086
339;-0.7948428910593575;-0.5194229701503886;1.1964016242257096
340;-0.7996269076447813;-0.5151092555227659;1.1994547575801664
341;-0.8046072516527405;-0.5105365315782635;1.205232735732287
342;-0.8096295581700007;-0.505838252134337;1.2137581134289834
343;-0.8145315389478113;-0.5011524334613047;1.2250643339340865
344;-0.8191454634795826;-0.49661897068196237;1.2391520570753674
345;-0.8233010954349508;-0.49237681692820856;1.2559574715087645
346;-0.8268293327639773;-0.48856091533154045;1.2753324096547116
347;-0.8295667268913883;-0.4852988129433317;1.2970343877374764
348;-0.8313609250717355;-0.48270695262004937;1.3207245244029147
349;-0.8320768980350635;-0.4808867278744803;1.3459719370994956
350;-0.8316036043853368;-0.4799204855647952;1.3722640284827905
351;-0.8298605419261638;-0.47986775475114285;1.3990226549345495
352;-0.8268034944383036;-0.4807620448962877;1.4256263281416695
353;-0.8224287503686589;-0.4826085704980739;1.4514382946335904
354;-0.8167751784532662;-0.48538320749271513;1.4758396334725845
355;-0.8099237893636109;-0.4890328701517471;1.4982655796829063
356;-0.8019947446939305;-0.49347733579639014;1.5182423821132827
357;-0.7931421168478294;-0.4986123740281788;1.5354214402111845
358;-0.7835469728898403;-0.5043138971220901;1.54960748336579
359;-0.7734094943285296;-0.5104427687518386;1.5607782565550854
360;-0.7629408387887613;-0.5168498993880618;1.569094449543488
361;-0.7523553277056608;-0.523381307148112;1.5749001718272428
362;-0.7418633621652455;-0.5298829067992619;1.5787157849215512
363;-0.7316652854430072;-0.5362048781368249;1.5812260835746867
364;-0.7219462680722262;-0.5422055360643145;1.5832675713424431
365;-0.7128722071613136;-0.5477546682944952;1.5858190214452628
366;-0.7045866014219464;-0.5527363240786549;1.5899999740619768
367;-0.6972083682154617;-0.5570510377156779;1.5970828367993357
368;-0.6908305859087374;-0.560617465325276;1.6085267338620812
369;-0.685520154398074;-0.5633734125196601;1.6260469901348702
370;-0.6813183568892499;-0.5652762403377721;1.6517474029591461
371;-0.6782422737707647;-0.5663026587152902;1.6883750030465505
372;-0.676286949313662;-0.5664479483918411;1.7398466282720089
373;-0.6754281540999653;-0.5657246881823079;1.8124912352455549
374;-0.6756255332315134;-0.5641610982832279;1.9187256386978526
375;-0.6768258947176699;-0.5617991352586925;2.093925658257389
376;-0.6789663829293557;-0.5586924856276667;2.7483181506421936
377;-0.6819773023347444;-0.5549046001936483;2.268236032302848
378;-0.6857844045991282;-0.5505068910558777;2.332157988861005
379;-0.690310519913319;-0.545577181031233;2.658378644695063
380;-0.6954764900684884;-0.540198456341656;2.6976857671602144
381;-0.7012014344677812;-0.53445793391307;2.20010737908861
382;-0.7074024408903489;-0.5284464198824446;1.9734145023439178
383;-0.7139938140528662;-0.5222579096223144;1.831071909929374
384;-0.7208860350893285;-0.5159893632247412;1.7353824573005716
385;-0.7279845865893078;-0.5097405831796333;1.6731107307876711
386;-0.735188786643549;-0.5036141204739123;1.6410113029218516
387;-0.742390758949534;-0.4977151381760631;1.6537473761116246
388;-0.7494746519190354;-0.4921511643970586;1.6314066202728736
389;-0.7563162139059365;-0.48703166674837717;1.5795072178253546
390;-0.7627828375133665;-0.4824673768090843;1.567131788969529
391;-0.768734203415621;-0.4785692861046503;1.5772111636595643
392;-0.7740236793260561;-0.47544722693041175;1.6075852332746
393;-0.7785006546543518;-0.4732079459988434;1.661240071028089
394;-0.7820140041174923;-0.471952581800055;1.751658749013516
395;-0.7844168591193204;-0.47177347412517023;2.015103446349499
396;-0.7855728079568776;-0.47275027281246484;1.867965542702692
397;-0.7853635309802252;-0.47494537741603726;1.867586941996433
398;-0.7836976981711576;-0.47839883177137493;1.9530850047231942
399;-0.780520720935383;-0.4831229133537763;1.9474537243830705
400;-0.7758246822138573;-0.4890967854819286;1.9926958688438245
401;-0.769657513696496;-0.49626170154388155;2.0129261440101938
402;-0.7621303041795906;-0.504517339410558;2.104224347500927
403;-0.7534215679872374;-0.5137198749733565;2.132036288208909
404;-0.7437774192849954;-0.5236823560636978;2.155283156594883
405;-0.733506897415825;-0.5341778039634963;2.2229295618968608
406;-0.7229721421246162;-0.5449452570021002;2.318936231039017
407;-0.7125736656216706;-0.5556987011915664;2.303882236008967
408;-0.7027315343276299;-0.5661385369386163;2.3521040997707843
409;-0.6938637811248112;-0.5759649412115453;2.4440834887495813
410;-0.6863637552695592;-0.5848922318841536;2.550594774517055
411;-0.6805783326122236;-0.5926631539324612;2.6074669379209183
412;-0.6767889170798398;-0.5990619138250166;2.7677015308021655
413;-0.6751969434726961;-0.6039248160054547;3.0446707419383716
414;-0.6759151430405007;-0.6071475243010224;4.005400378316114
415;-0.6789651961375875;-0.6086882842151928;3.0797190938110335
416;-0.6842816558516672;-0.6085668730091779;2.9381141925956067
417;-0.6917213066316238;-0.6068595330739448;2.5856944299451294
418;-0.7010765567019452;-0.6036906046764609;2.37607045974873
419;-0.712091156825492;-0.5992219171358022;2.2366013254806925
420;-0.7244765310683852;-0.5936411569331062;2.135547849499154
421;-0.7379272620357746;-0.5871503867082823;2.0614803889515305
422;-0.7521346985287326;-0.5799556711730385;2.0088175710860545
423;-0.7667981291829545;-0.5722584434492562;1.9745396522535894
424;-0.7816333876477115;-0.5642489001722366;1.9570626161142626
425;-0.7963790594784801;-0.5561014155562615;1.9558369817053567
426;-0.8108006302422672;-0.5479717548498954;1.9713444795985136
427;-0.8246929664762725;-0.5399957561743326;2.005552557701564
428;-0.837881493192342;-0.5322891224888603;2.0634457566850863
429;-0.8502223635789221;-0.52494799583606;2.1587390940590296
430;-0.8616018407180609;-0.5180500460173634;2.3520681829501906
431;-0.8719350477820409;-0.5116558728302957;2.4337659108423244
432;-0.8811642009716201;-0.5058105805729167;2.2560866525827503
433;-0.8892564184161802;-0.5005454291228434;2.205382632159353
434;-0.8962011933366758;-0.4958794967594211;2.195103235895598
435;-0.9020076240264998;-0.4918213086318909;2.2083588366995097
436;-0.9067014999778711;-0.48837039531807624;2.2391399961613794
437;-0.9103223476531654;-0.48551875210401596;2.285145667799707
438;-0.9129205378624891;-0.4832521744107985;2.346170749010312
439;-0.9145545483088006;-0.48155145002821065;2.42413476446111
440;-0.9152884600504874;-0.480393395241281;2.5247724120458486
441;-0.9151897469696522;-0.4797517294844032;2.6650336858594015
442;-0.9143273949840027;-0.479597791239205;2.934666666286549
443;-0.9127703650072858;-0.4799011056936163;2.9285328558955404
444;-0.9105863926418114;-0.48062982140009813;2.8239921166832116
445;-0.9078410999200702;-0.48175103818259524;2.816367019861332
446;-0.904597381171874;-0.48323105147116824;2.8497510832151267
447;-0.9009150167582813;-0.4850355389893827;2.916471113734593
448;-0.8968504649287312;-0.48712971442324915;3.024372381442933
449;-0.8924567829390672;-0.4894784696869958;3.206310534367837
450;-0.8877836330280386;-0.492046523112296;3.6314019676975127
451;-0.8828773359247447;-0.4947985858183512;3.5774646956609
452;-0.8777809432227938;-0.49769955316392156;3.1410385942167234
453;-0.8725343092129909;-0.5007147229913814;2.9259045061080786
454;-0.8671741517235081;-0.5038100377307261;2.777509760056853
455;-0.8617340994395387;-0.5069523436360716;2.661594771572457
456;-0.8562447295197875;-0.5101096576811028;2.5648066987206306
457;-0.8507336037606028;-0.5132514310470188;2.4805812492974573
458;-0.8452253139576142;-0.5163487977035489;2.4052510133751985
459;-0.8397415475550796;-0.5193747972271683;2.3366007120326624
460;-0.834301183401121;-0.5223045625594072;2.2732242235811
461;-0.8289204248194683;-0.5251154656606715;2.214200376041689
462;-0.8236129737240702;-0.5277872167018491;2.1589137776841465
463;-0.8183902456303104;-0.530301915284787;2.1069486785375884
464;-0.8132616216224684;-0.5326440549335706;2.0580226574100253
465;-0.8082347300230193;-0.534800484526916;2.0119434693580143
466;-0.8033157479785706;-0.5367603322769139;1.9685800839780685
467;-0.7985097116155967;-0.5385148991946478;1.9278427915210388
468;-0.7938208228909114;-0.5400575296808172;1.8896692975033789
469;-0.7892527417188036;-0.5413834669655191;1.8540148716974278
470;-0.7848088532582144;-0.5424897006752073;1.8208452902366454
471;-0.7804925021833039;-0.543374812944271;1.7901317219773523
472;-0.7763071880983388;-0.5440388283521156;1.7618469727489485
473;-0.7722567187466297;-0.5444830716960956;1.7359626739341414
474;-0.7683453200772585;-0.5447100363364832;1.7124471191732948
475;-0.7645777043862043;-0.5447232646790168;1.6912635351463985
476;-0.7609590995059493;-0.5445272413702669;1.6723686318625175
477;-0.7574952433024724;-0.5441272990149848;1.6557113227429245
478;-0.7541923485285864;-0.5435295356951062;1.64123154044784
479;-0.751057043403977;-0.5427407432627925;1.6288591046706122
480;-0.7480962932084231;-0.5417683452603177;1.6185126257445799
481;-0.7453173077736776;-0.5406203433410737;1.6100984548262416
482;-0.7427274391411274;-0.5393052711772407;1.603509718883745
483;-0.7403340729163521;-0.5378321549916426;1.5986255072187363
484;-0.7381445160879628;-0.5362104800023707;1.595310305322879
485;-0.7361658833600261;-0.5344501621880221;1.5934137998463027
486;-0.7344049834279884;-0.5325615248502403;1.5927712021757887
487;-0.7328682061393998;-0.5305552794619942;1.593204252780282
488;-0.731561411135492;-0.5284425102483274;1.5945230677806352
489;-0.7304898183648454;-0.5262346618623335;1.5965289660435298
490;-0.7296579007819775;-0.5239435294085331;1.5990183630653876
491;-0.7290692795719005;-0.5215812499453634;1.6017877335452542
492;-0.7287266223556796;-0.5191602944831041;1.6046395301822431
493;-0.7286315450137868;-0.5166934593940724;1.6073888125609506
494;-0.7287845180008409;-0.5141938560735047;1.6098702070798794
495;-0.7291847783109109;-0.511674897631353;1.6119447143276437
496;-0.7298302485861786;-0.5091502813507421;1.613505833763152
497;-0.7307174652462713;-0.5066339656074794;1.6144845103681857
498;-0.7318415179537484;-0.5041401398942505;1.6148525325902114
499;-0.7331960032214406;-0.5016831865215505;1.6146242138550757
500;-0.7347729954985611;-0.49927763246778756;1.6138564412498377
501;-0.7365630396195005;-0.4969380897238592;1.612647435306797
502;-0.7385551690183463;-0.4946791823339045;1.6111347995343397
503;-0.7407369545384939;-0.4925154581980686;1.6094936324659854
504;-0.7430945889135572;-0.49046128361326125;1.60793564576476
505;-0.745613011956622;-0.4885307185363325;1.606710440155655
506;-0.7482760810493915;-0.48673737072466855;1.606110460538858
507;-0.7510667905462141;-0.48509422731307916;1.606481920660409
508;-0.7539675420852106;-0.4836134630945377;1.608245650671069
509;-0.7569604654416611;-0.4823062258488909;1.6119355306096705
510;-0.7600277864271502;-0.4811824005516437;1.6182709572057168
511;-0.7631522344613906;-0.48025035620622913;1.6283026920340713
512;-0.7663174779435508;-0.47951668134534514;1.6437400865592828
513;-0.7695085706577729;-0.4789859168515816;1.6678197659880292
514;-0.7727123875161184;-0.47866029750110706;1.7083541160239546
515;-0.7759180234454306;-0.4785395163136542;1.7971757856115345
516;-0.7791171257413483;-0.4786205281076419;1.8393252094099064
517;-0.7823041283902221;-0.47889741026703336;1.7125578536346509
518;-0.7854763573534618;-0.479361299252746;1.6594666179287112
519;-0.7886339791996602;-0.48000042047067004;1.6273040259571045
520;-0.7917797721615709;-0.4808002264343562;1.6063627384415249
521;-0.7949187088045504;-0.4817436535463948;1.593169049890457
522;-0.7980573527483485;-0.4828115012642117;1.5861151710565764
523;-0.8012030875523266;-0.4839829291467853;1.5843005988983558
524;-0.8043632127437275;-0.48523605780332324;1.5871466919480672
525;-0.8075439584052443;-0.4865486498581817;1.5944687408388707
526;-0.810749483825804;-0.48789883770673703;1.6072522687104072
527;-0.8139809354808876;-0.4892658571901139;1.6298833538085313
528;-0.8172356432880972;-0.4906307414753198;1.6783131077700673
529;-0.8205065304356507;-0.4919769283245933;1.9739380956967947
530;-0.8237818006336046;-0.4932907371608173;1.654145992388031
531;-0.827044947856989;-0.4945616799915322;1.5714098069823872
532;-0.8302751089776439;-0.4957825818962455;1.5211192811875274
533;-0.8334477514129427;-0.4969495014214433;1.4861395538800872
534;-0.83653565894182;-0.4980614574316634;1.4614676882003272
535;-0.8395101522611177;-0.49911998503115057;1.4451208394744652
536;-0.8423424595957063;-0.5001285573533131;1.436317643067584
537;-0.8450051390674119;-0.5010919207634326;1.4349642846712736
538;-0.8474734500132217;-0.5020153971882712;1.441551257574694
539;-0.8497265754004413;-0.5029042082846559;1.457302882092247
540;-0.8517486112063445;-0.5037628720200995;1.4846973592343313
541;-0.8535292594437143;-0.5045947135921064;1.5289615899570141
542;-0.8550641870413849;-0.505401520578885;1.6033835110071366
543;-0.8563550402664654;-0.5061833582327039;1.762785547872617
544;-0.8574091310102931;-0.5069385464548885;1.8534713479335714
545;-0.8582388345663194;-0.5076637866989969;1.623705799190636
546;-0.8588607565903771;-0.5083544160464211;1.5297152681758805
547;-0.8592947385785967;-0.509004757815933;1.4724307510591663
548;-0.8595627760501561;-0.5096085336983095;1.4336204923211289
549;-0.8596879220501481;-0.5101593015155474;1.406510170901
550;-0.8596932415631806;-0.5106508848977547;1.3878043148522168
551;-0.859600871323479;-0.511077765799786;1.3756320001993674
552;-0.8594312258762739;-0.5114354170577782;1.368814176075581
553;-0.8592023761198375;-0.5117205593044479;1.3665468877273381
554;-0.8589296122859447;-0.5119313337839794;1.368245002757279
555;-0.8586251904600946;-0.51206738932908;1.3734570375521673
556;-0.8582982510310683;-0.5121298875461243;1.381814781982894
557;-0.8579548892947377;-0.5121214348298293;1.3930012842033
558;-0.8575983529347809;-0.5120459530801763;1.406729115553655
559;-0.8572293381496472;-0.5119085029304544;1.4227247084714358
560;-0.8568463555131296;-0.5117150740200507;1.4407165253671639
561;-0.8564461378633454;-0.5114723565270864;1.4604259218196503
562;-0.8560240651778636;-0.5111875070204996;1.4815602752054944
563;-0.8555745850659917;-0.5108679199215322;1.5038084713244064
564;-0.8550916117686307;-0.5105210137028281;1.5268392620926383
565;-0.8545688910207583;-0.5101540386072237;1.5503033311761925
566;-0.8540003224798194;-0.5097739103211891;1.573840070889444
567;-0.8533802354012481;-0.5093870718415097;1.59708997423168
568;-0.8527036166672113;-0.5089993838443713;1.619713065023489
569;-0.8519662930327672;-0.5086160422826173;1.6414128832503216
570;-0.8511650714943981;-0.5082415207431084;1.6619643449055896
571;-0.8502978430127729;-0.5078795343030651;1.6812426884028746
572;-0.8493636554814992;-0.5075330212161484;1.6992502918492725
573;-0.848362761905505;-0.5072041386986006;1.7161389924527537
574;-0.8472966493368166;-0.5068942693206462;1.732228007869667
575;-0.8461680533240097;-0.5066040349765476;1.7480216980577739
576;-0.8449809615804651;-0.506333316041653;1.7642374343744938
577;-0.8437406093794662;-0.5060812740593224;1.781863481103477
578;-0.8424534679476886;-0.5058463770701562;1.8022865066915976
579;-0.8411272259489846;-0.5056264274407498;1.8275794230802669
580;-0.8397707631104754;-0.5054185927162413;1.8612003756404871
581;-0.8383941142107953;-0.5052194405652797;1.9099809629424698
582;-0.8370084210768468;-0.5050249792722163;1.9918141082114245
583;-0.8356258699534146;-0.5048307054343629;2.200281224566575
584;-0.8342596116327871;-0.5046316605288294;2.109677008945174
585;-0.8329236620525541;-0.5044224978230641;1.9270343812659834
586;-0.8316327816626592;-0.5041975607282152;1.8295705971884173
587;-0.8304023326826186;-0.5039509731602633;1.7599278021898146
588;-0.8292481143557698;-0.5036767418181053;1.7043709005824024
589;-0.8281861773864752;-0.5033688695579843;1.6574047259237867
590;-0.827232619838739;-0.5030214782945487;1.6162677285531462
591;-0.8264033678006089;-0.5026289391478223;1.5793702168399202
592;-0.825713945004289;-0.5021860069380819;1.5457086400806082
593;-0.8251792362765114;-0.5016879556553488;1.5146049976221523
594;-0.8248132501353475;-0.5011307112334431;1.4855763076962698
595;-0.824628886028604;-0.5005109778608738;1.4582630543727486
596;-0.8246377116291268;-0.499826354164966;1.4323869275305425
597;-0.824849755289703;-0.49907543589598147;1.4077241549268982
598;-0.8252733182587562;-0.49825790218290145;1.3840876197691547
599;-0.8259148106234534;-0.49737458298811016;1.3613142078076368
600;-0.8267786142394542;-0.4964275060038979;1.3392554795937557
601;-0.827866975183869;-0.49541992185832084;1.3177706580902468
602;-0.8291799275783251;-0.49435630708585065;1.2967214319186267
603;-0.8307152500068642;-0.4932423448339732;1.2759683738981593
604;-0.8324684552172554;-0.49208488369870224;1.2553689460013258
605;-0.8344328133465003;-0.49089187540289736;1.2347771438716235
606;-0.836599408539983;-0.4896722922585319;1.2140448427625594
607;-0.8389572285161224;-0.488436025506647;1.193024848472272
608;-0.8414932863347063;-0.4871937657339326;1.1715755370304117
609;-0.8441927733247426;-0.4859568666541344;1.1495667976512602
610;-0.8470392417849418;-0.4847371936473629;1.1268867990625662
611;-0.8500148156595625;-0.4835469585987311;1.1034489177130171
612;-0.8531004268942055;-0.48239854279072103;1.0791980445849791
613;-0.8562760745800779;-0.4813043098932892;1.0541154701362014
614;-0.8595211033030472;-0.4802764114633044;1.0282216613024544
615;-0.8628144963416277;-0.4793265878001832;1.0015764864250445
616;-0.8661351785372223;-0.47846596748561687;0.9742767738612589
617;-0.8694623228382841;-0.4777048694290055;0.9464514416418799
618;-0.8727756537601898;-0.47705261170407554;0.918254735686476
619;-0.8760557403798921;-0.4765173318465949;0.8898583054175562
620;-0.8792842710810811;-0.47610582353516273;0.861442902607446
621;-0.8824443021640069;-0.47582339464510304;0.833190421575468
622;-0.8855204727065062;-0.47567375150454994;0.8052768423334655
623;-0.8884991787613267;-0.4756589137595066;0.777866439836863
624;-0.8913687011207048;-0.4757791635565335;0.751107425327436
625;-0.8941192824545164;-0.4760330317857607;0.7251290201228879
626;-0.8967431515714931;-0.47641732292588324;0.7000398428405267
627;-0.8992344947589069;-0.4769271786539719;0.6759274194728164
628;-0.9015893764828281;-0.4775561789050282;0.6528585949935588
629;-0.90380561401203;-0.4782964775829385;0.6308806245348597
630;-0.905882612589322;-0.4791389687361445;0.6100227406818185
631;-0.9078211694517224;-0.4800734778146736;0.5902980219131865
632;-0.9096232561627432;-0.48108897170330944;0.5717054190198652
633;-0.9112917892795693;-0.4821737806394988;0.5542318272371437
634;-0.9128303993043461;-0.4833158249065679;0.5378541195537406
635;-0.9142432071900196;-0.4845028393444108;0.5225410802910108
636;-0.9155346164689273;-0.48572258921261463;0.5082551974918482
637;-0.9167091274708394;-0.4869630717211455;0.4949542882708001
638;-0.9177711782473688;-0.48821269853917865;0.48259294357763366
639;-0.9187250148813255;-0.4894604557215122;0.47112378835925417
640;-0.9195745919843241;-0.49069603867129863;0.4604985603581728
641;-0.9203235025024405;-0.49190996091127487;0.4506690161682359
642;-0.9209749345545356;-0.49309363649938653;0.44158767701065704
643;-0.9215316519798188;-0.49423943685114247;0.43320842926175124
644;-0.9219959945920507;-0.49534072349004377;0.4254869962756324
645;-0.9223698938155971;-0.4963918588257647;0.418381298683775
646;-0.9226548993752022;-0.4973881974587328;0.4118517202785428
647;-0.9228522129703419;-0.49832606074206354;0.40586129594350345
648;-0.9229627253201702;-0.49920269741804224;0.40037583701251583
649;-0.9229870535484189;-0.5000162331114311;0.3953640080484806
650;-0.9229255765250899;-0.5007656113323072;0.39079736745219495
651;-0.9227784664383369;-0.5014505284424211;0.386650382660216
652;-0.9225457154915258;-0.5020713647944316;0.38290042908345784
653;-0.922227157175228;-0.5026291139826939;0.3795277804885303
654;-0.9218224820319156;-0.503125311863785;0.3765155973414686
655;-0.9213312482027036;-0.5035619667273156;0.3738499188247432
656;-0.9207528873196762;-0.503941491732236;0.3715196639065478
657;-0.9200867064897839;-0.5042666404773537;0.36951664709025667
658;-0.9193318872168521;-0.5045404463514896;0.3678356154152854
659;-0.9184874821398162;-0.5047661661109843;0.3664743150600796
660;-0.9175524104414805;-0.5049472279611129;0.3654335987152661
661;-0.9165254527168405;-0.5050871842732148;0.3647175890667042
662;-0.9154052459960617;-0.5051896689499502;0.36433391977540924
663;-0.9141902795060508;-0.5052583593554567;0.3642940841416502
664;-0.9128788916359476;-0.5052969426531155;0.36461393468793346
665;-0.9114692684536303;-0.5053090863388325;0.36531439676579713
666;-0.9099594440086687;-0.5052984127195436;0.3664224905062984
667;-0.9083473025564843;-0.5052684770625098;0.36797280613948025
668;-0.9066305827518557;-0.5052227491282639;0.3700096630743152
669;-0.9048068837890795;-0.5051645977963851;0.3725903325893015
670;-0.9028736734118002;-0.5050972784963704;0.37578997748036674
671;-0.9008282976777235;-0.5050239231637494;0.37970948887110517
672;-0.8986679923412975;-0.5049475324525191;0.38448847937625924
673;-0.8963898957099037;-0.5048709699475633;0.3903280727588044
674;-0.8939910628345109;-0.5047969581338165;0.39753389870916844
675;-0.8914684809123736;-0.5047280758916933;0.4066054752119681
676;-0.8888190858053248;-0.5046667573001485;0.4184490132277742
677;-0.8860397796104835;-0.5046152915392987;0.43499950059228054
678;-0.8831274492588622;-0.5045758236936976;0.4618330991785317
679;-0.8800789861593701;-0.5045503562651017;0.5396140829675662
680;-0.8768913069492018;-0.5045407512101137;0.4819114009063639
681;-0.8735613754546329;-0.5045487323236764;0.44769613734228486
682;-0.8700862260070156;-0.5045758877944629;0.43002733947511296
683;-0.8664629882954323;-0.5046236727631627;0.41866870460287486
684;-0.862688913968223;-0.5046934117201004;0.4108023533049871
685;-0.858761405218628;-0.5047863005851047;0.40525187421756265
686;-0.854678045603151;-0.5049034083207555;0.40142279189780794
687;-0.8504366333429871;-0.5050456779408348;0.3989817731073101
688;-0.8460352173467892;-0.5052139267898068;0.3977317741323752
689;-0.841472136164851;-0.5054088459874231;0.3975552826149562
690;-0.836746060037893;-0.5056309989561183;0.3983857059253932
691;-0.8318560361352443;-0.5058808189789548;0.40019194864093366
692;-0.8268015369842611;-0.5061586057737955;0.40296982720272506
693;-0.8215825119720542;-0.5064645211166252;0.40673737657240927
694;-0.8161994416486293;-0.5067985836050797;0.4115326137226153
695;-0.8106533943739572;-0.50716066272394;0.41741306980185905
696;-0.8049460846271989;-0.5075504724592612;0.42445682879163693
697;-0.7990799320317687;-0.5079675648084342;0.4327651143213329
698;-0.7930581198436215;-0.5084113236510105;0.4424667627228816
699;-0.7868846513024503;-0.5088809595801196;0.4537253121948969
700;-0.7805644018591741;-0.5093755064464086;0.46675007350759257
701;-0.774103164874755;-0.5098938205337737;0.4818137125125871
702;-0.7675076879465172;-0.5104345834649107;0.49928120351978894
703;-0.7607856965767668;-0.5109963101182668;0.5196600681795551
704;-0.753945901480888;-0.5115773630161815;0.5436938734783321
705;-0.7469979854744742;-0.5121759748022768;0.5725533447290857
706;-0.7399525656293626;-0.5127902805445868;0.6082814202339281
707;-0.7328211263076233;-0.5134183616535365;0.6550534023817435
708;-0.725615918845122;-0.5140583031581718;0.7241801467279109
709;-0.7183498241497034;-0.5147082659009882;0.8822762194446024
710;-0.7110361754013821;-0.5153665748465529;0.8228158575892695
711;-0.7036885394968385;-0.5160318241033359;0.7903576147140006
712;-0.6963204579694868;-0.5167029983826635;0.7243193584254044
713;-0.6889451509268869;-0.5173796094188313;0.7054285267863516
714;-0.6815751911374025;-0.5180618443167139;0.699278226736636
715;-0.6742221597767571;-0.5187507208640982;0.7012762731861186
716;-0.6668963004495645;-0.5194482425618072;0.7095587855017506
717;-0.6596061937712507;-0.5201575435430759;0.7232195562747703
718;-0.6523584807502563;-0.52088301078453;0.7418046453940937
719;-0.6451576690236072;-0.5216303682268493;0.7651134334845093
720;-0.6380060610869187;-0.5224067048655288;0.7931082275200857
721;-0.6309038472782418;-0.523220426854388;0.8258716097283139
722;-0.6238494075359949;-0.5240811125660545;0.8635888643355524
723;-0.6168398638672865;-0.5249992498047507;0.9065462047015043
724;-0.6098719190261346;-0.5259858364196336;0.9551410694790549
725;-0.6029430052019081;-0.5270518298521689;1.0099035503103495
726;-0.5960527489073013;-0.52820743801644;1.071530088163384
727;-0.5892047345381515;-0.5294612535467055;1.1409332023514513
728;-0.5824085197237372;-0.5308192457989971;1.2193155812391594
729;-0.5756818219113833;-0.5322836396865053;1.308285726930504
730;-0.5690527599020847;-0.5338517267016025;1.4100509523409404
731;-0.5625619994717537;-0.53551467016912;1.527767152360505
732;-0.5562646227031737;-0.5372563823671619;1.6662437202999885
733;-0.5502315204955196;-0.5390525638798738;1.8335991559406393
734;-0.5445501010270228;-0.5408700035734959;2.0462593109913483
735;-0.5393241171270972;-0.5426662391941867;2.354138638129427
736;-0.5346724448103918;-0.5443896723431887;2.788697918364791
737;-0.5307266944656006;-0.5459802164559107;2.793200283351046
738;-0.5276276047300662;-0.5473705318052511;3.020917469700931
739;-0.525520254764984;-0.5484878673947665;3.791594616966923
740;-0.5245482295360864;-0.5492564865915526;3.5108565859634946
741;-0.5248469783383936;-0.5496006034294698;3.024771749708475
742;-0.5265367091871226;-0.5494477036202798;2.893183411748784
743;-0.5297152468317664;-0.5487320748294655;2.88063787107966
744;-0.534451333338485;-0.5473983331432848;2.811683750988948
745;-0.5407788519686234;-0.5454047155382618;2.9052637308593314
746;-0.5486923991548821;-0.5427259174171304;2.822110071866403
747;-0.5581445198511451;-0.5393552899649721;2.990285737733026
748;-0.569044776062013;-0.535306267425937;4.101714515486441
749;-0.5812606632945851;-0.5306129577883839;2.8707836529498785
750;-0.5946202509109277;-0.525329889809808;2.3444152749298603
751;-0.6089163165411929;-0.5195309570698547;2.025739385151588
752;-0.6239116755173055;-0.51330763450482;1.794658362116883
753;-0.6393453673315697;-0.5067665684741958;1.6157428439645618
754;-0.654939343199851;-0.5000266630026728;1.4735699508102305
755;-0.6704052968624298;-0.49321580498757706;1.360225422698281
756;-0.6854512969687487;-0.48646738783318033;1.2714987505946271
757;-0.6997879212335101;-0.4799168003480537;1.205585197821685
758;-0.7131336673350719;-0.4736980391270892;1.1629910340825127
759;-0.7252195243099742;-0.4679405740274372;1.147894464407493
760;-0.7357927216516496;-0.46276654908100745;1.174268214164327
761;-0.7446198111233033;-0.4582883427715282;1.310485645893508
762;-0.7514893503355446;-0.45460645442006153;1.2830982902386365
763;-0.7562145178999495;-0.4518076417042857;1.0574488593456663
764;-0.7586359747498328;-0.44996322020161006;0.952751145658308
765;-0.7586251873519305;-0.44912745534282517;0.9161586037946873
766;-0.7560882591706702;-0.44933602741627016;0.8258784767977383
767;-0.7509701115226417;-0.4506046187896632;0.7251292414820698
768;-0.7432586634423148;-0.4529277395381073;0.6556445495091496
769;-0.7329885332197228;-0.4562779515139783;0.6008112000209066
770;-0.7202437567908833;-0.46060565534534487;0.5557255081070334
771;-0.7051590952065886;-0.46583956579583097;0.5179752600008258
772;-0.6879196567275003;-0.47188792912622246;0.4861108919562237
773;-0.6687587377657126;-0.47864045389006177;0.4591743402426563
774;-0.647953938413621;-0.4859708590901547;0.43650585412421417
775;-0.6258217003958705;-0.49373990829833625;0.41765062904256645
776;-0.6027104474279529;-0.5017987980778861;0.4023095843164926
777;-0.5789925070300771;-0.509992792177498;0.3903137677704266
778;-0.555054996018405;-0.5181650200450366;0.38161511711129986
779;-0.5312898868303294;-0.5261603716756597;0.3762941057460924
780;-0.5080835443398167;-0.5338294124994045;0.3745956938317725
781;-0.48580611696019915;-0.5410322152588803;0.3770384511420671
782;-0.46480125397552946;-0.5476419720757433;0.3848127969386632
783;-0.44537667648260537;-0.5535482225904862;0.40257417516973876
784;-0.4277961347058945;-0.558659523301717;0.4137346274596137
785;-0.4122732333752521;-0.562905393671448;0.4176096582378763
786;-0.39896750105601153;-0.5662374063228662;0.4340619119370824
787;-0.38798292573338344;-0.5686293394743854;0.4601441162128476
788;-0.3793689895401035;-0.5700763761553772;0.4974910021470626
789;-0.3731240289641699;-0.5705934115023494;0.5507835231556836
790;-0.3692005490090885;-0.5702126083211251;0.634422588214388
791;-0.3675119601095815;-0.5689804108129664;0.7480841959934431
792;-0.36794011123422854;-0.5669542745380703;0.7807542438781915
793;-0.37034297651975656;-0.5641993875021906;0.968105249789353
794;-0.3745619152082055;-0.5607856388124633;0.9817756573579457
795;-0.3804280496050586;-0.5567850412006685;0.8288702382078916
796;-0.38776746725246125;-0.5522697417578876;0.8318080149013399
797;-0.39640512296943237;-0.5473106746974429;0.8136212754018722
798;-0.4061674694868276;-0.5419768338308175;0.6533611284610353
799;-0.416883965961871;-0.5363350805752292;0.5754742575732306
800;-0.4283876946388146;-0.5304503611468137;0.525986472182777
801;-0.44051535777167317;-0.5243861852627574;0.4933818051236821
802;-0.4531069348795816;-0.5182052160974776;0.47291397734508156
803;-0.4660052618544711;-0.5119698335119683;0.4620806379189093
804;-0.47905575601984873;-0.5057425552028761;0.45937138943905376
805;-0.49210646178552075;-0.4995862291345747;0.4637909240200634
806;-0.5050085356833435;-0.4935639418553068;0.4746403149904143
807;-0.5176172316361528;-0.4877386183858444;0.4914033720228373
808;-0.5297933903997893;-0.48217231856641807;0.5136817872106852
809;-0.5414053832632648;-0.4769252611469306;0.5411551428334477
810;-0.5523314106479891;-0.4720546301874373;0.573554527513733
811;-0.5624620124605071;-0.46761323839654817;0.6106441158644623
812;-0.5717026107033145;-0.46364813856191905;0.6522077920267157
813;-0.5799758786768955;-0.4601992863650739;0.6980393135367059
814;-0.5872237187600045;-0.4572983641395647;0.7479352750158264
815;-0.5934086361064325;-0.45496787366370345;0.8016905433062486
816;-0.5985143215572691;-0.4532205951879208;0.859096050724249
817;-0.6025453042643429;-0.4520594887706859;0.9199389374627079
818;-0.6055256003159603;-0.4514780833122379;0.9840050810936349
819;-0.6074963619487457;-0.45146136087564354;1.0510840780969695
820;-0.6085126139222162;-0.45198710298249445;1.1209767834464646
821;-0.6086392394402114;-0.4530276264778862;1.1935056132544373
822;-0.6079464386770123;-0.4545518041098182;1.268528045042813
823;-0.6065049223719134;-0.45652724289832336;1.3459542485275366
824;-0.6043811189807378;-0.45892248354118004;1.4257708320639613
825;-0.6016326686465224;-0.4617090861718507;1.5080749344606952
826;-0.5983044563647002;-0.464863479387131;1.5931278966692517
827;-0.5944254076739582;-0.46836846684335565;1.6814498079737856
828;-0.5900062405084767;-0.47221430463903985;1.7740087801677171
829;-0.5850383421573991;-0.4763992793892939;1.8726619552459514
830;-0.5794939229426237;-0.48092972889283253;1.9814185613313542
831;-0.573327586420901;-0.4858194540357226;2.111548514041684
832;-0.5664794434449081;-0.49108847370126363;2.333188381532843
833;-0.5588798742096465;-0.4967610777796442;2.3188212637080734
834;-0.5504559957202178;-0.5028631425800254;2.310349363331734
835;-0.5411398084560615;-0.5094186949629126;2.3437504010829957
836;-0.5308778638042547;-0.5164457534984757;2.3942242177211766
837;-0.5196421067466684;-0.5239515429375764;2.4689961264186344
838;-0.5074413089363936;-0.5319272753361234;2.5032516618074125
839;-0.49433223110830166;-0.5403428153161164;2.5531948575171253
840;-0.4804293724123192;-0.549141688880813;2.608293612475212
841;-0.46591192805087567;-0.5582370363012603;2.66579355107245
842;-0.45102645444661893;-0.5675092207432899;2.724997214510341
843;-0.4360838154651558;-0.5768058466291192;2.786325550989008
844;-0.4214493358707047;-0.5859448707386954;2.851531144908773
845;-0.40752577419048475;-0.59472126405619;2.9244024195391685
846;-0.394729736705161;-0.6029172820693236;3.012271585583496
847;-0.38346337383921686;-0.6103158437367271;3.1298091777224415
848;-0.37408439429546225;-0.6167158797660476;3.31192260542984
849;-0.36687827222239655;-0.6219479250251154;3.693332375923323
850;-0.36203667695942243;-0.6258878720922685;3.9226082007759437
851;-0.3596454232759092;-0.6284668335157177;3.605243997460737
852;-0.3596836765104746;-0.6296755563352812;3.178663498435213
853;-0.3620340981185483;-0.6295627316228402;2.818555391083963
854;-0.3665016299219179;-0.6282276362569102;2.5697188134632962
855;-0.37283723870494206;-0.625808540530477;2.3695695399631522
856;-0.38076251453998344;-0.6224689428559342;2.199108962914286
857;-0.38999154568203054;-0.6183838079863992;2.0497124128800164
858;-0.4002476938566604;-0.61372761757259;1.9166670452672592
859;-0.4112743348939717;-0.6086653635575235;1.7970698984600126
860;-0.42283991127148635;-0.6033468553924024;1.6889652524901029
861;-0.43473851633674526;-0.5979040689615693;1.590940413822318
862;-0.44678762528928406;-0.5924508504667909;1.5019196298806192
863;-0.45882457341810773;-0.5870841222215535;1.4210522171687472
864;-0.47070309367562346;-0.5818857736760893;1.3476479471314038
865;-0.48229080655325873;-0.5769245857214303;1.281136690341521
866;-0.49346811935611845;-0.5722577563755765;1.2210406514745515
867;-0.5041286120370708;-0.5679318158965135;1.1669533802975451
868;-0.51418069783033;-0.563982905537824;1.1185228776674954
869;-0.5235501570049614;-0.5604365315763857;1.0754377266776496
870;-0.5321830432345267;-0.5573069927314145;1.0374158943128746
871;-0.5400484394724303;-0.5545967196338849;1.0041960679951225
872;-0.5471405777231028;-0.5522957674966817;0.975531385091496
873;-0.553479920160663;-0.5503816759060669;0.9511853479850553
874;-0.5591129152410326;-0.5488198603932744;0.9309296725724139
875;-0.5641102806486611;-0.5475646361124116;0.9145438151678643
876;-0.5685638139711977;-0.5465609011710879;0.9018159536379049
877;-0.5725818797506969;-0.5457464326510715;0.8925452488289507
878;-0.5762838547310463;-0.5450546790771281;0.8865452751341591
879;-0.5797939182449782;-0.544417875949157;0.8836485916719364
880;-0.5832346399621712;-0.5437702720911953;0.8837125540280422
881;-0.586720834713562;-0.5430512384463656;0.886626694758178
882;-0.5903541216007788;-0.5422080394572462;0.8923224361159914
883;-0.5942185465273127;-0.5411980791274245;0.9007867708379796
884;-0.5983775143709686;-0.5399904849839008;0.9120834039373372
885;-0.6028721446261813;-0.5385669566562945;0.9263891472050256
886;-0.6077210299335878;-0.5369218733944464;0.9440644958755217
887;-0.612921257099579;-0.5350617181458834;0.9658108764778666
888;-0.618450458138721;-0.5330039275545781;0.9930921424600622
889;-0.6242696024245087;-0.5307753123774208;1.0296510885058054
890;-0.6303262221531714;-0.5284102090955005;1.0919161063607052
891;-0.6365577785189901;-0.5259485215101716;1.1189481221351518
892;-0.6428949177436049;-0.5234337938170447;1.0896428534945166
893;-0.649264424726721;-0.5209114285571665;1.0909212412745308
894;-0.6555917476777935;-0.5184271290650198;1.1031810802024615
895;-0.6618030310233922;-0.5160256113956567;1.1229090146820033
896;-0.6678266497770975;-0.5137495991144102;1.1494436012894065
897;-0.6735942825897363;-0.5116390883948164;1.1834889805899864
898;-0.679041591434015;-0.509730851898042;1.2272204676025658
899;-0.6841085937592228;-0.5080581380672806;1.285626667061835
900;-0.6887398196474608;-0.5066505171015425;1.3716968301110148
901;-0.6928843442883054;-0.5055338248261589;1.5391311617922543
902;-0.6964957773460517;-0.5047301596213072;1.6437555876805798
903;-0.699532277674165;-0.5042578942206996;1.4149808380037512
904;-0.701956646079574;-0.5041316724533682;1.3218329559573725
905;-0.7037365317479314;-0.5043623700234767;1.2626539069915732
906;-0.7048447704019274;-0.5049570076045542;1.2188831183746074
907;-0.7052598548758975;-0.5059186134690036;1.1835919092934242
908;-0.7049665219866214;-0.5072460413264752;1.1533924531588309
909;-0.7039564237668514;-0.5089337568230774;1.1263675743438317
910;-0.7022288367915815;-0.5109716130819995;1.1013365220237856
911;-0.6997913511158635;-0.5133446415249543;1.077538714671313
912;-0.6966604711002923;-0.5160328887059423;1.0544772504279352
913;-0.6928620551391258;-0.5190113326322545;1.0318321867689286
914;-0.688431521118641;-0.522249912596757;1.0094074715703907
915;-0.6834137503331708;-0.5257137044434959;0.987095597950773
916;-0.6778626352916364;-0.5293632680513677;0.9648525045102855
917;-0.6718402365325968;-0.5331551854441234;0.9426790389353848
918;-0.6654155396235432;-0.5370427964130345;0.9206070663668848
919;-0.658662834393362;-0.5409771243663015;0.8986891219098376
920;-0.6516597715960741;-0.5449079692536707;0.8769908771917356
921;-0.6444851842616486;-0.5487851282617193;0.8555858577371871
922;-0.6372167881246668;-0.5525596902814515;0.8345519322931396
923;-0.6299288939834597;-0.5561853387947493;0.8139691541577133
924;-0.6226902716033346;-0.5596195915366159;0.7939185909316564
925;-0.6155622981411759;-0.5628249053249357;0.7744818386748245
926;-0.6085975040996756;-0.5657695813222617;0.7557409776325835
927;-0.6018385984726513;-0.5684284193039703;0.7377787858680251
928;-0.5953180156333088;-0.5707830879304615;0.7206790810339173
929;-0.5890579843591849;-0.572822199482396;0.7045271070481071
930;-0.5830710792166779;-0.5745410995123914;0.689409920686322
931;-0.5773611808760533;-0.5759414018684457;0.6754167630922313
932;-0.5719247481266619;-0.5770303154126091;0.6626394235826424
933;-0.5667522921180617;-0.577819819053383;0.6511726189666921
934;-0.5618299426540712;-0.5783257458595318;0.6411144222275027
935;-0.5571410057065536;-0.5785668353162237;0.6325667813085256
936;-0.5526674281421295;-0.578563806217167;0.6256361734622596
937;-0.5483911069245255;-0.5783384927048301;0.6204344447670388
938;-0.5442950027639837;-0.5779130741829612;0.6170798896770574
939;-0.5403640397831566;-0.5773094177408034;0.6156986336694882
940;-0.5365857914070147;-0.5765485405677943;0.6164263953441786
941;-0.5329509672895771;-0.5756501904346653;0.6194107255217642
942;-0.5294537263001711;-0.5746325351044618;0.6248138540064725
943;-0.5260918465970128;-0.5735119466003895;0.6328163259891246
944;-0.522866786163846;-0.5723028634268132;0.6436216898557517
945;-0.5197836665899427;-0.5710177127953144;0.6574626241393764
946;-0.5168512100596904;-0.5696668752751933;0.6746090952500061
947;-0.5140816551154468;-0.5682586757124815;0.6953794789358572
948;-0.5114906712495193;-0.5667993864541914;0.7201561745008858
949;-0.5090972860976077;-0.5652932316705086;0.7494083374765192
950;-0.5069238321524681;-0.5637423847626413;0.7837265082584237
951;-0.5049959126280182;-0.5621469544128989;0.823878492616025
952;-0.5033423785114908;-0.5605049587378499;0.8709066761411283
953;-0.5019953011400816;-0.5588122911952199;0.9263165645595414
954;-0.500989917150453;-0.5570626862707044;0.9925072941605516
955;-0.5003645158666619;-0.5552476973480142;1.0741081537130863
956;-0.5001602337939272;-0.5533567032517226;1.1906022143108579
957;-0.5004207177162792;-0.5513769633389454;1.3007381273777834
958;-0.5011916178934571;-0.5492937431923124;1.684539716682137
959;-0.5025198769229371;-0.5470905333659095;1.4629917056106505
960;-0.5044527886759892;-0.5447493817104763;1.5019720668594592
961;-0.5070368156148719;-0.5422513551332128;1.6017735051251343
962;-0.5103161714083717;-0.5395771390619101;1.7672897982685027
963;-0.514331197955193;-0.5367077725876901;2.0875234163564826
964;-0.5191165897304475;-0.5336255049227657;2.347421497915965
965;-0.5246995410902552;-0.5303147455782954;2.7100892593373644
966;-0.5310979106734863;-0.5267630680929982;2.068936809631172
967;-0.5383185082482964;-0.5229622169844197;1.8611912422529366
968;-0.5463556108285756;-0.5189090615271337;1.786496180663955
969;-0.5551898054282185;-0.514606439236042;1.8388678680516772
970;-0.5647872358902299;-0.5100638370567072;1.74741364896204
971;-0.5750993030837395;-0.5052978688015319;1.4597408665532927
972;-0.5860628352156395;-0.5003325219225209;1.2958184363695715
973;-0.5976007127876346;-0.49519916312328266;1.1743873416579174
974;-0.6096229056030861;-0.489936308073024;1.0768849457799425
975;-0.6220278610078277;-0.4845891732376728;0.9954921085271572
976;-0.6347041752962481;-0.47920903589195596;0.9260122488656046
977;-0.6475324837759056;-0.47385243105357344;0.8658781324680542
978;-0.6603875170085136;-0.468580211885105;0.8133898020183195
979;-0.673140287170702;-0.4634564945759953;0.7673629148931954
980;-0.6856603843973204;-0.4585475020505164;0.726943938807321
981;-0.6978183736849214;-0.4539203154056633;0.6915031996566722
982;-0.7094882849785743;-0.44964153973150023;0.6605684717306453
983;-0.7205501809924497;-0.445775893031878;0.633782105339663
984;-0.7308927700633693;-0.44238473338201934;0.6108738228592459
985;-0.7404160081067235;-0.4395245491796739;0.5916461580557428
986;-0.7490336093713706;-0.43724544848247154;0.5759730086413404
987;-0.7566753656330777;-0.4355896937011729;0.5638160463906212
988;-0.7632891626111965;-0.43459033520712065;0.555272365350399
989;-0.7688425839436646;-0.43427000021905693;0.5506903806052477
990;-0.7733240077816619;-0.4346398911262319;0.5509723771201993
991;-0.7767431271293302;-0.4356990406748473;0.558558050779971
992;-0.7791308584807881;-0.43743386150116903;0.5825529880609744
993;-0.7805386389924405;-0.43981801602477766;0.6494627725008605
994;-0.7810371454024193;-0.442812621262229;0.5527229119377479
995;-0.7807144944652444;-0.4463667926367111;0.5183223474645667
996;-0.7796740030218986;-0.4504185214909301;0.4951749556603449
997;-0.778031596096062;-0.45489587220199396;0.4771790678892683
998;-0.7759129550143984;-0.4597184756722305;0.4622464104411031
999;-0.7734504962778077;-0.4647992858640091;0.4494192935620951
1000;-0.7707802670737851;-0.4700465549852723;0.43820382320887663
1001;-0.7680388353617518;-0.47536597186182394;0.42834412166419367
1002;-0.7653602411688764;-0.4806628986859634;0.41972711457813244
1003;-0.7628730609414069;-0.4858446357405586;0.4123358533738358
1004;-0.7606976192770771;-0.4908226434882806;0.40622397844386954
1005;-0.7589433644397694;-0.4955146571189466;0.40150066302046017
1006;-0.7577064095855058;-0.49984663928846995;0.3983214532086131
1007;-0.7570672352058181;-0.5037545299332574;0.39688296447996163
1008;-0.7570885538339832;-0.5071857643993825;0.3974206635108916
1009;-0.7578133571794377;-0.5101005394729807;0.40020980742370366
1010;-0.759263196664841;-0.5124728091854618;0.4055704589001304
1011;-0.7614367851594468;-0.5142909884082003;0.41387872980295903
1012;-0.7643090419810717;-0.5155583343460722;0.42558867010648915
1013;-0.7678307255167716;-0.5162929678796754;0.4412739934200693
1014;-0.7719288001646123;-0.5165274927001118;0.46171011090918873
1015;-0.7765076624778234;-0.5163081740484121;0.4880471103313606
1016;-0.7814513059469693;-0.5156936525670702;0.522218868973152
1017;-0.7866264398822743;-0.5147531919751678;0.5681056408140819
1018;-0.7918865035459746;-0.5135644895898122;0.6361008108153143
1019;-0.7970764412501676;-0.5122111123797792;0.7839482413993543
1020;-0.802038035905709;-0.5107796540820484;0.7439318256196427
1021;-0.8066155437471866;-0.5093567371550417;0.6751583160365918
1022;-0.8106613356619887;-0.5080260040317438;0.6535620873524322
1023;-0.8140412329959748;-0.5068652532111418;0.649247143215175
1024;-0.816639229294269;-0.5059438758379704;0.6546007653555863
1025;-0.8183613152658603;-0.5053207367311815;0.6663351597865357
1026;-0.8191381730779269;-0.5050426199883803;0.6825849432399963
1027;-0.818926577480905;-0.5051433237237191;0.7020762780057538
1028;-0.8177094324175302;-0.5056434428095846;0.7238198491880975
1029;-0.8154944762774804;-0.506550825980332;0.7469831168448842
1030;-0.8123117964509555;-0.5078616394492451;0.7708376695482686
1031;-0.8082103909029704;-0.509561919857337;0.7947435134343801
1032;-0.8032540870811398;-0.5116294618680028;0.8181548501987542
1033;-0.7975171652063513;-0.5140358658537267;0.8406427688239022
1034;-0.7910800283709951;-0.5167485720096334;0.8619418296245962
1035;-0.7840252180743794;-0.5197327283176514;0.8820591615251234
1036;-0.7764340003934095;-0.5229527768396858;0.9016404501665066
1037;-0.7683836592962765;-0.5263736889580009;0.9244029518879964
1038;-0.7599455451489904;-0.5299618275860127;0.9364874495240487
1039;-0.7511838512202524;-0.5336854560597787;0.9308306172812764
1040;-0.7421550370512143;-0.5375149445351364;0.9299473478017907
1041;-0.7329077874701131;-0.5414227430564967;0.9289693640791186
1042;-0.7234833876432046;-0.5453831962852309;0.9271455969785952
1043;-0.7139164026904474;-0.5493722702311308;0.924406539275362
1044;-0.7042355686821309;-0.5533672492667103;0.9209195072879384
1045;-0.6944648241506315;-0.5573464455459537;0.9169675297089454
1046;-0.6846244326392281;-0.5612889457786101;0.9129059210120171
1047;-0.674732163859572;-0.5651744046501144;0.9091471564914695
1048;-0.6648045119124013;-0.5689828818291516;0.9061608476673672
1049;-0.654857933310276;-0.5726947115063018;0.904485882246601
1050;-0.6449100859099852;-0.5762903900540768;0.9047567290650804
1051;-0.6349810437991011;-0.5797504683325579;0.9077508895548477
1052;-0.6250944546452124;-0.5830554395094514;0.9144731008993795
1053;-0.6152785971274659;-0.5861856198025257;0.9263109489122378
1054;-0.6055672888176561;-0.589121026930542;0.9453454185069006
1055;-0.5960005908766622;-0.5918412679799241;0.9750464590728245
1056;-0.5866252562461126;-0.594325453791193;1.0221269830156938
1057;-0.5774948730723826;-0.5965521601198518;1.1031541043395752
1058;-0.5686696646990211;-0.598499456405524;1.2899831981118117
1059;-0.5602159209708131;-0.6001450210447516;1.3235511893354919
1060;-0.5522050517058996;-0.6014663579663926;1.1598054111477363
1061;-0.5447122707416009;-0.6024411236073198;0.9825882513061389
1062;-0.5378149367050933;-0.6030475667031467;0.8835871618828385
1063;-0.5315905935533323;-0.6032650762252451;0.8106806652804834
1064;-0.5261147692050003;-0.6030748257731606;0.7521242100364122
1065;-0.5214586037888026;-0.6024604960810056;0.702711845185872
1066;-0.517686389934705;-0.6014090511928498;0.6599427881264475
1067;-0.5148531160389701;-0.5999115384003083;0.6230196273654911
1068;-0.5130021094294105;-0.5979638773049885;0.5920883986155262
1069;-0.5121628796059184;-0.5955675995254457;0.5677881417248569
1070;-0.5123492618067362;-0.5927304978831671;0.5514622917228025
1071;-0.5135579574554213;-0.589467142764782;0.5465934729883637
1072;-0.5157675599039788;-0.5857992242367439;0.5682645636687782
1073;-0.5189381407131229;-0.5817556818494164;0.5655376211857283
1074;-0.5230114531758389;-0.577372590266553;0.49914813842943545
1075;-0.5279117860050467;-0.5726927780360015;0.4675044178918464
1076;-0.5335474717299111;-0.5677651688238894;0.4489390372152165
1077;-0.5398130226236134;-0.5626438487756789;0.43950597974513594
1078;-0.5465918336977634;-0.5573868795229873;0.4380702744025985
1079;-0.5537593596295346;-0.552054892634029;0.4445263866845659
1080;-0.56118664284121;-0.5467095167429313;0.45943577524310636
1081;-0.5687440457364363;-0.5414117018709469;0.48409810070451686
1082;-0.5763050235020691;-0.5362200153300655;0.5210229998713791
1083;-0.5837497666642374;-0.5311889890403748;0.5753363012801957
1084;-0.5909685458703551;-0.5263675983778594;0.6599369860628965
1085;-0.5978646054969895;-0.521797947487822;0.8158154363378539
1086;-0.6043564771030694;-0.5175142255057849;1.1236260662918598
1087;-0.6103796169735347;-0.5135419829620359;0.7612432937077737
1088;-0.6158873116723073;-0.5098977589014141;0.6630720173439405
1089;-0.6208508385862659;-0.5065890683906235;0.6127042834801106
1090;-0.6252589114149028;-0.5036147388115195;0.5852641129148346
1091;-0.6291164799133708;-0.5009655634129864;0.5723483945474154
1092;-0.6324429857542438;-0.4986252236479567;0.5700932857795498
1093;-0.6352701996942449;-0.49657141917236686;0.5764271144741264
1094;-0.6376397778957067;-0.4947771368830237;0.5901644417887616
1095;-0.6396006769990711;-0.49321198832608826;0.6106679906028868
1096;-0.6412065592455307;-0.4918435479614634;0.6377584249777136
1097;-0.6425133024253922;-0.49063863236862315;0.6717969115958408
1098;-0.6435767071327343;-0.48956447140361536;0.7139833572400319
1099;-0.6444504684670554;-0.4885897352358024;0.7670945082302486
1100;-0.6451844535781496;-0.4876853947448535;0.8375253446810523
1101;-0.6458233025597568;-0.486825405707215;0.9430895895936443
1102;-0.646405349840522;-0.4859872185555295;1.1792394675448261
1103;-0.6469618474136054;-0.4851521245787451;1.1099256415123329
1104;-0.6475164603594019;-0.48430545590492574;0.9579756334159331
1105;-0.6480849989701188;-0.4834366604432726;0.8927124563696639
1106;-0.6486753497963818;-0.4825392743794163;0.8580454783460292
1107;-0.6492875692752675;-0.4816108142179459;0.8407687154184377
1108;-0.6499141073421256;-0.48065260824400113;0.8358653666326679
1109;-0.6505401336782313;-0.4796695841504395;0.8410919523280663
1110;-0.6511439452180401;-0.47867002593275304;0.8554893261282508
1111;-0.6516974396079149;-0.4776653094006566;0.8789361301227618
1112;-0.6521666450192385;-0.4766696221087477;0.9123028960871011
1113;-0.6525123017787999;-0.4756996703859927;0.9598272730151879
1114;-0.6526904955244988;-0.47477437357218666;1.0087549193406373
1115;-0.6526533449541874;-0.47391454360233326;1.0533740287177666
1116;-0.65234974969516;-0.47314254671676;1.1194662719150064
1117;-0.6517262053900739;-0.47248194328143783;1.2090071400072382
1118;-0.6507276937797495;-0.47195710142886405;1.3435751732791061
1119;-0.6492986553567615;-0.4715927804215167;1.5915755162444545
1120;-0.6473840510379987;-0.4714136802499645;1.4878029967869069
1121;-0.644930517214853;-0.47144395496939845;1.613114519969428
1122;-0.641887615436134;-0.47170668862586146;1.6062381179092475
1123;-0.6382091738214327;-0.47222333430927493;1.727390379832285
1124;-0.6338547120813773;-0.47301311888037273;2.164581144267038
1125;-0.6287909357751738;-0.47409241823581716;1.82900262813853
1126;-0.6229932782702279;-0.47547411057409716;1.6033328442014045
1127;-0.6164474609661005;-0.47716691796417093;1.4870659735224723
1128;-0.6091510339684761;-0.47917474954233863;1.412665509217608
1129;-0.6011148508857818;-0.4814960627969276;1.3613004197972538
1130;-0.5923644231716174;-0.4841232625570751;1.324887361447981
1131;-0.5829410919006405;-0.48704216038138337;1.2992171383267261
1132;-0.57290294854175;-0.49023151993142206;1.281886607898759
1133;-0.5623254317411492;-0.49366271647759496;1.2715119148150045
1134;-0.5513015250106225;-0.4972995407382533;1.2674021615981264
1135;-0.5399414813465788;-0.5010981785327906;1.2694493228659225
1136;-0.5283720061869646;-0.5050073978484964;1.278169910840019
1137;-0.5167348409238721;-0.5089689733388422;1.294936571800756
1138;-0.5051847066604669;-0.5129183743005454;1.3226014648344389
1139;-0.49388659305396704;-0.5167857350545031;1.3672515984564926
1140;-0.4830124103342243;-0.5204971156941357;1.4446191079237374
1141;-0.4727370632514193;-0.5239760459862309;1.6251802487212776
1142;-0.46323405158080644;-0.5271453260244852;1.6368737943703158
1143;-0.4546707489427164;-0.529929035095472;1.4558122291846032
1144;-0.4472035545412218;-0.5322546771427102;1.4360672603431242
1145;-0.4409731445105656;-0.5340553701141032;1.2629997651522131
1146;-0.4361000645984713;-0.5352719707825959;1.1761865655126968
1147;-0.4326808992160202;-0.5358550196724747;1.1106269188113937
1148;-0.43078522168969136;-0.5357663949631993;1.0571784969715896
1149;-0.43045347891602576;-0.5349805805291423;1.0121740487325277
1150;-0.4316958964374067;-0.5334854803901434;0.9737102636209392
1151;-0.4344924160041027;-0.53128274652598;0.9406642421729624
1152;-0.43879360683488866;-0.5283876244897374;0.9123181241359593
1153;-0.44452243287388554;-0.5248283562917321;0.8881861722243739
1154;-0.4515767173386839;-0.5206452080334019;0.8679259077956852
1155;-0.4598321249152703;-0.5158892077871443;0.851289744524536
1156;-0.4691454795752512;-0.5106206863625516;0.8380986176953565
1157;-0.4793582481499064;-0.504907710923911;0.8282291408366049
1158;-0.4903000415679435;-0.4988244912704729;0.8216107181028243
1159;-0.5017920126918303;-0.4924498237377303;0.8182325713553463
1160;-0.5136500590357634;-0.4858656205946164;0.8181657246351617
1161;-0.5256877688479004;-0.4791555552595236;0.8216185372117667
1162;-0.5377190794545617;-0.472403836699329;0.8290981591002575
1163;-0.5495606466365557;-0.4656941106912685;0.8420863905440872
1164;-0.5610339514177937;-0.45910847194251725;0.871731446657473
1165;-0.5719671929557242;-0.45272656045760973;0.8684013627777172
1166;-0.5821970291919721;-0.44662470949888794;0.8764470140213491
1167;-0.5915702264646726;-0.44087511260618706;0.8924037927083177
1168;-0.5999452626169895;-0.4355449846488306;0.9145817849360454
1169;-0.6071938951173016;-0.43069570702043813;0.9434503488832983
1170;-0.613202659741308;-0.42638196866131034;0.9807835533633098
1171;-0.6178742135345445;-0.42265093980927937;1.0308080852199397
1172;-0.621128388026536;-0.419541540073558;1.1060163611377445
1173;-0.6229027861892567;-0.41708388167814453;1.2990657745088092
1174;-0.6231527496851843;-0.41529897773974933;1.1862207180717979
1175;-0.621850548668832;-0.41419880052924907;1.1317441192913003
1176;-0.6189837070418581;-0.4137867540395994;1.116298993901987
1177;-0.6145524680914338;-0.41405858951024366;1.117557271601165
1178;-0.6085665197581503;-0.41500374500962595;1.1298797116988277
1179;-0.6010412219403042;-0.4166070360286543;1.1519953974194959
1180;-0.5919936944663857;-0.4188505698748646;1.186157567263935
1181;-0.5814392178016137;-0.4217157093778062;1.247615696211654
1182;-0.5693884552347814;-0.4251848772677965;1.277125607210715
1183;-0.5558460143918726;-0.4292429764681801;1.2491458122522854
1184;-0.5408108201198885;-0.43387820669236;1.2528498816293814
1185;-0.524278665972352;-0.4390820858598935;1.2680320797639875
1186;-0.5062471464378114;-0.44484853642637767;1.2910172335719348
1187;-0.48672294850928743;-0.4511719713157859;1.3210696326429967
1188;-0.46573120563763626;-0.4580444102907236;1.3588370933318947
1189;-0.4433263035701337;-0.46545177212424654;1.4063054614295647
1190;-0.4196032014802133;-0.4733696146447056;1.467590503290548
1191;-0.394708033152717;-0.48175872275118053;1.5514564189172584
1192;-0.36884653660121924;-0.49056105707782227;1.6806077945063576
1193;-0.34228879077966534;-0.49969665058876145;1.9553023453593996
1194;-0.3153688769841387;-0.5090620512166626;2.0063853824103774
1195;-0.2884784714102343;-0.5185308320587662;1.6826700218247805
1196;-0.2620540141532067;-0.5279565128856383;1.535236539773605
1197;-0.2365579312729702;-0.5371779623454146;1.438085291685224
1198;-0.2124552916732207;-0.5460270079649273;1.3659360473732356
1199;-0.19018809408745602;-0.5543376238437405;1.3095644385358016
1200;-0.17014992332109768;-0.5619557632273203;1.264905580309372
1201;-0.15266384484194462;-0.5687487252852279;1.2302123555894082
1202;-0.13796605817171936;-0.5746129440810213;1.2051390749548971
1203;-0.1261970453173647;-0.5794792783432866;1.19058627915529
1204;-0.11740087885333361;-0.5833152337716005;1.1892411407923402
1205;-0.11153221250256279;-0.5861239956338373;1.207898663155768
1206;-0.10846949242791193;-0.5879405965434426;1.2699187920671324
1207;-0.10803227555178335;-0.5888259040614638;1.4213231896087475
1208;-0.1100003038828054;-0.5888593238741128;1.275013953712545
1209;-0.11413213977647224;-0.5881311564768456;1.1665921175117044
1210;-0.1201816147279261;-0.5867354388854773;1.079775178560763
1211;-0.12791094359469019;-0.5847638962816892;1.0283943114906735
1212;-0.1370999714626202;-0.5823013798522142;0.996265829948029
1213;-0.14755155085726124;-0.5794229276899874;0.979620995319554
1214;-0.1590934385624586;-0.5761923898012244;0.97933312171944
1215;-0.17157734261992996;-0.5726624209554104;1.0059394994851558
1216;-0.18487585947539986;-0.5688755654238988;1.0451358094798326
1217;-0.1988780514277373;-0.5648661250872212;0.9840936005626835
1218;-0.21348436012096306;-0.5606625030994864;0.9730587715598064
1219;-0.22860146152734895;-0.5562897365953456;0.9802747813036872
1220;-0.244137561487496;-0.5517719646369826;1.001256146708959
1221;-0.2599985195562232;-0.54713461652136;1.0350647289968207
1222;-0.2760850774136817;-0.5424061486750482;1.0820948363721055
1223;-0.2922913577010917;-0.5376192054195957;1.1437510920252507
1224;-0.308504690270322;-0.5328111299940785;1.2230526799155679
1225;-0.324606717063767;-0.5280238066479013;1.3317863195695818
1226;-0.3404756278378392;-0.5233028701637804;1.432827942059135
1227;-0.355989292464599;-0.5186963720954044;1.5689277851412415
1228;-0.3710289885524284;-0.5142530385084282;1.7600711542900067
1229;-0.38548338234500534;-0.5100202871284387;2.0730219694265974
1230;-0.39925241116449234;-0.5060421884398778;2.493445535005292
1231;-0.4122507387090725;-0.5023575532000785;2.1748062259381054
1232;-0.4244105079358114;-0.498998308245561;2.1792160960237377
1233;-0.4356831937085863;-0.4959882861668977;2.31472982259392
1234;-0.44604044937471965;-0.4933425073783619;3.2092306164104065
1235;-0.45547393680013026;-0.49106698159912116;2.5925436886719653
1236;-0.46399421712045547;-0.4891590063248595;2.482323087479661
1237;-0.471628850373754;-0.487607898197319;2.4847201704876296
1238;-0.47841990019764763;-0.4863960632924583;3.1069757507863236
1239;-0.4844210625430384;-0.48550029613783613;2.4325004255433305
1240;-0.489694636120348;-0.4848931944939183;2.355695312146095
1241;-0.4943085311727357;-0.48454458558934715;2.469434945479023
1242;-0.49833347806471007;-0.4844228764453474;2.279884663039026
1243;-0.5018405545681273;-0.4844962625805896;2.260721136269728
1244;-0.5048991066376607;-0.4847337523670903;2.289437171736616
1245;-0.5075750967037274;-0.4851059858633528;2.39242708069439
1246;-0.5099298793063286;-0.4855858452088771;2.4218450383013046
1247;-0.5120193778814149;-0.48614886765044685;2.343700456297299
1248;-0.513893618952121;-0.48677348178819513;2.3470395007303484
1249;-0.515596570123893;-0.4874410930516791;2.408551389152153
1250;-0.5171662247828097;-0.4881360464593387;2.566669633894094
1251;-0.5186348776502712;-0.4888454942355035;2.384728262587866
1252;-0.5200295397796323;-0.48955919370146195;2.34329109979784
1253;-0.52137244781606;-0.4902692577551767;2.339306231049733
1254;-0.5226816292911491;-0.4909698767854791;2.3816969948081974
1255;-0.5239714926054229;-0.49165702744273737;2.4798953583604804
1256;-0.525253416661603;-0.49232818057022343;2.2810328628720233
1257;-0.5265363205780824;-0.4929820179266679;2.197626523446499
1258;-0.5278271984393377;-0.4936181651464076;2.1393022746873
1259;-0.5291316076541632;-0.49423694667122336;2.0934646580636396
1260;-0.5304541022959455;-0.4948391670902576;2.055739242916484
1261;-0.5317986049347005;-0.49542592236329236;2.0242053499044435
1262;-0.5331687120954901;-0.49599844369293467;1.9981462496859692
1263;-0.5345679297454198;-0.4965579762694895;1.9780863109634041
1264;-0.5359998362595297;-0.49710569466287385;1.970067716736308
1265;-0.5374681712598888;-0.49764265621452675;1.9449166091463237
1266;-0.5389768496520696;-0.49816979333775946;1.9203124381908352
1267;-0.5405299011628155;-0.49868794513010034;1.9055236501546253
1268;-0.5421313367516076;-0.49919792811220115;1.8993990543692791
1269;-0.5437849444451415;-0.499700645223712;1.9074629608038922
1270;-0.5454940184285559;-0.5001972314269865;1.9878409225449023
1271;-0.5472610266098434;-0.5006892334030372;1.8877782213954302
1272;-0.5490872233370643;-0.5011788198853039;1.8443201832077343
1273;-0.5509722154738531;-0.5016690181830589;1.8189499406835035
1274;-0.5529134916134578;-0.5021639714152495;1.8031525639718022
1275;-0.5549059258295836;-0.502669209922162;1.7948598258515165
1276;-0.5569412690287197;-0.5031919292564708;1.7936749089550486
1277;-0.559007642699671;-0.5037412660806622;1.8000285769915378
1278;-0.5610890516775154;-0.5043285622116094;1.8150805831052768
1279;-0.5631649344818958;-0.5049676059470066;1.8410192741343099
1280;-0.5652097718818153;-0.5056748386718284;1.8820275444661312
1281;-0.5671927765959695;-0.5064695135678864;1.947379527218256
1282;-0.5690776894465761;-0.5073737920374082;2.065910553216994
1283;-0.5708227097874038;-0.5084127622227835;2.7131139225225978
1284;-0.5723805904979321;-0.5096143628099451;2.089600640020788
1285;-0.5736989300592543;-0.5110091942363832;1.9824505656939866
1286;-0.5747206958729829;-0.5126301986376013;1.9340005238314686
1287;-0.575385013587217;-0.5145121895783591;1.9148317782738407
1288;-0.5756282561444528;-0.5166912131254421;1.9176166447668481
1289;-0.5753854628194724;-0.5192037235030371;1.9421333156754874
1290;-0.5745921118235453;-0.522085559871836;1.9954009416453085
1291;-0.5731862592376363;-0.5253707161659152;2.114028899862247
1292;-0.5711110413090876;-0.5290899038679266;2.162246778011118
1293;-0.5683175159519085;-0.5332689184722598;2.096056818543492
1294;-0.5647677925088096;-0.5379268343599224;2.1130013153685208
1295;-0.5604383669689191;-0.5430740697780194;2.177931760852902
1296;-0.555323544191956;-0.5487103830786976;2.303334882680231
1297;-0.5494387914701289;-0.5548228823592277;2.556487517355031
1298;-0.5428238320579275;-0.5613841516968999;3.7894984717446545
1299;-0.5355452569632513;-0.5683506163762342;2.4944846418700433
1300;-0.527698412642862;-0.5756612846001453;2.224904824253552
