0;-0.5407553088065549;-0.4621387491889232;1.5014491358137727
1;-0.543113754926584;-0.42233803006939874;1.5751896703603254
2;-0.5457517292555362;-0.42434342371797895;1.6182115105937949
3;-0.5485484388551084;-0.42555077716949885;1.6847413574682188
4;-0.5511270192680837;-0.46155889902677805;1.4744696743725272
5;-0.5537475570560197;-0.4264537218272454;1.6513905361947865
6;-0.5562946795346078;-0.4262634338242464;1.5216985757220578
7;-0.5586712273917555;-0.4281818462520905;1.6217019618609356
8;-0.5607877915952931;-0.4283862703347277;1.4946387542175017
9;-0.5625472367112822;-0.43620225690388187;1.5868575717860596
10;-0.5639463370041069;-0.4319403652227271;1.5692310084436953
11;-0.56485382656284;-0.460603367993926;1.4009851198564218
12;-0.5653593343749116;-0.43512237576274215;1.5291676656257778
13;-0.5653643072526123;-0.46162930479549263;1.375965548248118
14;-0.5649407406360214;-0.440155946497679;1.4429568714209027
15;-0.5640328721523113;-0.4634380643731171;1.3502443260707468
16;-0.5627271317322873;-0.4429650741397765;1.370521527998599
17;-0.5609830404985988;-0.46597846682310184;1.3244572878253282
18;-0.5588538167564054;-0.46144040114059176;1.3456375725402134
19;-0.5563928379315647;-0.4561596875606253;1.3891849750076786
20;-0.5536160169641015;-0.47095706320771746;1.2869157410830094
21;-0.5506275988575402;-0.4558129775697405;1.3181427976868652
22;-0.5474334447532408;-0.4646577326838865;1.326216467863915
23;-0.5441066348086168;-0.4621582773208015;1.2635762587991577
24;-0.5407033145855258;-0.464186435071374;1.2408087861214103
25;-0.5372170452020338;-0.4806515209224809;1.2309720189733788
26;-0.533698314948894;-0.47937936467819137;1.2406904972871775
27;-0.5301849858133879;-0.4816001713778266;1.2297728435534085
28;-0.526703541761744;-0.4824059047115352;1.2123858115335244
29;-0.5233291496692511;-0.4775327975875486;1.1221376618805656
30;-0.5200485391535071;-0.4898381361789791;1.186762309340376
31;-0.5168789981215653;-0.4914525383317412;1.1794175801728828
32;-0.5138232320205449;-0.4926225744768367;1.1509280949990315
33;-0.5109060220255498;-0.4944509689589662;1.166122171612055
34;-0.5081310645141419;-0.4946410797815501;1.1695029981892968
35;-0.5054850106384852;-0.4957102216344363;1.13474507492311
36;-0.5029767883876785;-0.49834161177884867;1.1492851814155605
37;-0.5005929339886948;-0.4987854240848338;1.1512971140523625
38;-0.4982963908116152;-0.5043727226410759;1.0810897559592973
39;-0.49612260999623514;-0.49603806884687063;0.9483922631641325
40;-0.49406874236500664;-0.49639098525228;0.9316082284188824
41;-0.4920999441095469;-0.5033176459671299;1.1319876100566393
42;-0.49022447655931445;-0.4999719020951508;0.9112646624374365
43;-0.48842790470809877;-0.5050241187245426;1.1208434973560673
44;-0.48669811318761996;-0.5058172592933261;1.1176695620182304
45;-0.48503710706475944;-0.5034087400778848;0.8786970161313179
46;-0.48345615072497705;-0.5044877002349298;0.868531617431041
47;-0.4819328190336313;-0.5137272089868594;1.056918263554698
48;-0.48050760893282496;-0.5184418866219695;1.0011241656308032
49;-0.4791617608531726;-0.5106511144855106;1.1010409501927356
50;-0.4779504112718088;-0.5087050680047159;0.8290980877946281
51;-0.47687888024288944;-0.518742252989927;1.03043387084419
52;-0.4759800169316123;-0.5199455698162704;1.0225817262745536
53;-0.47529679809308006;-0.5115379473663572;0.79833834568471
54;-0.4748983200105584;-0.5254273383377744;0.9507184802720652
55;-0.4747685536670174;-0.5232574341739299;0.9949100074785681
56;-0.47489857953097975;-0.5207915553406429;1.0109694442399704
57;-0.47525590157069153;-0.5160713309391706;1.0537030705528418
58;-0.47592680797180964;-0.5146838264782541;0.7401997720512933
59;-0.4768265856075309;-0.5124001928930031;1.0552246174575028
60;-0.47804867931222583;-0.5269352770236206;0.9342035322380022
61;-0.4796648239055745;-0.5293553828790926;0.8658079258621136
62;-0.4816012195254945;-0.5275755314459425;0.9057594397446067
63;-0.48380273846012856;-0.524491236231498;0.9204631346978257
64;-0.486260719594836;-0.5246595225151197;0.9057697096273502
65;-0.48888221864145753;-0.5180396310773725;0.9676837947037727
66;-0.4917494458188654;-0.5134986848195886;0.6375497064752687
67;-0.49476493996839144;-0.5181890210435767;0.9421221729824889
68;-0.4979787040770719;-0.5243419936445278;0.8465736485547339
69;-0.5012602831164492;-0.5115212378420393;0.9597309374463813
70;-0.5047084372840341;-0.5103778077207777;0.5927379866078664
71;-0.508343715504862;-0.5246788692189299;0.7221951437003742
72;-0.5120667785745219;-0.5225231667994535;0.7915573320390167
73;-0.515895844929306;-0.5228520920263138;0.6971110560574858
74;-0.5196668219960998;-0.519589923857406;0.8540862927376485
75;-0.5234788125607958;-0.5208383605886122;0.7559173753806344
76;-0.5273366108323099;-0.5204665654894585;0.6638565324505906
77;-0.5311096713498843;-0.5213175456327958;0.8207615382331425
78;-0.5349040817383192;-0.5008824664098804;0.5310775183395106
79;-0.5386492287623271;-0.523057039861116;0.8006979433888115
80;-0.5423802145504345;-0.5241722717211972;0.791354506106781
81;-0.5462199284161146;-0.5198021763050072;0.6678200519697464
82;-0.5501716507491781;-0.5161157656038061;0.6954475106782474
83;-0.5540432152424959;-0.5234511502028207;0.824459501796754
84;-0.5578706126992511;-0.5252938072004629;0.8170369060733156
85;-0.5617659943975304;-0.4898881188112393;0.5040144923605486
86;-0.5657636171257168;-0.5166420782551722;0.6380207054505641
87;-0.5698545276562995;-0.5116230255664188;0.6701348940564025
88;-0.5739217226401525;-0.5138842074912675;0.5795753665377124
89;-0.5779344046152572;-0.4829886689119663;0.4950733529868171
90;-0.5818733459728697;-0.5136412544907298;0.5721575341539492
91;-0.5857152042926879;-0.4799493454947974;0.4925139503910768
92;-0.5894533489141562;-0.5386517047886902;0.7157106795474535
93;-0.5930501562615127;-0.477320805151819;0.4891189207432648
94;-0.5966205913937725;-0.5069470017788019;0.6559697364539101
95;-0.6001623091738842;-0.5065336991980091;0.6558178889469987
96;-0.6034668718941537;-0.536902112030798;0.7575997250264456
97;-0.6067617408213153;-0.5059737237472424;0.6567878636478202
98;-0.6099695235568735;-0.5150640196518781;0.5612868205555153
99;-0.6132338759435276;-0.5057974509139904;0.6592868599769857
100;-0.6164859086103678;-0.5164139467261846;0.5629258123426739
101;-0.6198750969000624;-0.5059812922037975;0.6630453159575878
102;-0.6233482152171611;-0.4658435965375228;0.503166419534145
103;-0.6268528482386837;-0.5470897802178769;0.7029361418366826
104;-0.630397542004683;-0.5478708948157196;0.7041935689603407
105;-0.6342003882820241;-0.5061410700700978;0.6732525858812473
106;-0.6381825762980745;-0.5198787321907232;0.5750881060031132
107;-0.6424109790716077;-0.5180815547234122;0.6380735263086095
108;-0.6469032005946154;-0.5063146815302025;0.6825155742319502
109;-0.6515539353641006;-0.5211909314289511;0.5843617962663463
110;-0.6562893956659352;-0.5379532992125733;0.7600920425063324
111;-0.6610819124413942;-0.4499108018256882;0.5238690437363271
112;-0.6660009804561169;-0.5060269214966298;0.6962329903967107
113;-0.6708162032749401;-0.4432594710246081;0.5303745638711163
114;-0.6756208034048248;-0.5328365411444842;0.7766331139714726
115;-0.680149949532399;-0.440877654230889;0.5337873668151394
116;-0.6845209774833099;-0.5180768152625124;0.6708839670690472
117;-0.6886454488486067;-0.5177169392683572;0.6744823606398743
118;-0.6923705134920068;-0.5177794667118153;0.6191319226216687
119;-0.6956839044560514;-0.5037751907873523;0.7196278506726859
120;-0.6982316757564636;-0.4300867592462533;0.5387610845084091
121;-0.7000053695307575;-0.4293290619102306;0.5379678502043619
122;-0.7013377508704057;-0.5055563303339031;0.725462919055231
123;-0.7022296002775097;-0.5066016243447938;0.7264236188640902
124;-0.7029569778528852;-0.5362608133510283;0.7829327980315601
125;-0.7028845052329169;-0.4318742849486382;0.5304903908398688
126;-0.7026367095100075;-0.5100354956621538;0.8292016889747519
127;-0.7016711443304777;-0.4301999796020687;0.5185677190497714
128;-0.7003578016014904;-0.5213078659380885;0.6267157064876238
129;-0.6988460564955229;-0.5263989507082316;0.684096646870562
130;-0.6970436689184307;-0.5233452728325193;0.6227291078286474
131;-0.6950956815377657;-0.5166930555755541;0.720262963452237
132;-0.6930421588771997;-0.5057971474524211;0.8409131394874101
133;-0.6903718268933077;-0.43939580159175173;0.48967147142557765
134;-0.6876230535277507;-0.5057605960867091;0.8445716183633438
135;-0.684900047723776;-0.5346951337329705;0.6747767462386364
136;-0.6816207343971882;-0.44379535521727254;0.4745748661880381
137;-0.6783235571425439;-0.5323759089717155;0.610624943535207
138;-0.6751424592247145;-0.5258618140737242;0.7148904353854182
139;-0.671482285895964;-0.4459606807484691;0.45619872455334276
140;-0.6679028534349388;-0.5363022854446013;0.6097916189452779
141;-0.6643983598565134;-0.5376560737564453;0.6102010128625355
142;-0.660683969301371;-0.5091742666332043;0.8638200721048228
143;-0.6571491999539081;-0.5311261800827356;0.7212326487347174
144;-0.6531168630267669;-0.4587010556336547;0.450274656117182
145;-0.649079236026715;-0.5325104363872661;0.8225505032774447
146;-0.6450677531698288;-0.5439212573911538;0.6168876936273651
147;-0.6406676529504148;-0.5148496504746062;0.8782844266269937
148;-0.6357805490605747;-0.4633044210126262;0.43909229638559977
149;-0.6309338653621481;-0.5475365021518503;0.6238686943422304
150;-0.6259240279935697;-0.5380872087467133;0.8390612867487828
151;-0.6204609468934286;-0.474094093503095;0.44603144696569463
152;-0.614669136359887;-0.5255931535962032;0.8924509280130348
153;-0.6085873286700682;-0.5284813861652257;0.895081125578263
154;-0.6028210427698372;-0.5511402660580212;0.7136949847242055
155;-0.59679603866837;-0.4808830437450273;0.440928921134357
156;-0.5911812963752198;-0.552265526873588;0.7211804429037425
157;-0.585436906683258;-0.48608850791823816;0.4424920082392396
158;-0.5797228888977424;-0.4886815592123007;0.44331087242935796
159;-0.5741942048758177;-0.49129022936711697;0.4441224652153358
160;-0.5690014774493459;-0.497657130746725;0.45094009704712135
161;-0.5642868729780538;-0.49620710709632376;0.4456531985275973
162;-0.5606108617999165;-0.5524106911902432;0.7383177988991465
163;-0.5575500696680544;-0.4999231663383143;0.4470075692029407
164;-0.5556566416675289;-0.5360147146714102;0.7905489004116377
165;-0.554924693516019;-0.5486849962261229;0.7418128162540212
166;-0.5548893888814698;-0.5524530906337904;0.9099256698189988
167;-0.5556724559774214;-0.5014526267934639;0.44936594832064525
168;-0.5573600307404657;-0.5042749717490496;0.4541441874752292
169;-0.5599792172244483;-0.5495462428439405;0.9045560378016643
170;-0.5635642937260517;-0.5480291340686543;0.9018162336828665
171;-0.5683298162251532;-0.5443952104226989;0.6546441849591482
172;-0.5739453117796246;-0.49255115968085894;0.45316101142669574
173;-0.5803619381737929;-0.489402672634438;0.45422703053638236
174;-0.587681299775941;-0.5320896302126928;0.648059698250331
175;-0.5955820136231454;-0.4821850426023446;0.45670113366059795
176;-0.6041772051653045;-0.4891989934512794;0.770915155044179
177;-0.6132899402141055;-0.5001233942833265;0.7182095990062796
178;-0.6227627785759519;-0.49510406081619507;0.714057173085558
179;-0.6324580906139291;-0.4737144041566833;0.7578279725889698
180;-0.6422666241160505;-0.5147151414694744;0.8097515810669819
181;-0.652135127990341;-0.5001123062183774;0.6234006922144293
182;-0.6619326990161711;-0.4571473855889251;0.46368054011800786
183;-0.6716472645350003;-0.4533320549726749;0.4635602544728178
184;-0.6812684742917775;-0.4497296606798276;0.46300831199289927
185;-0.690840948934948;-0.48498268575771036;0.602183289689401
186;-0.7002783483148626;-0.44316324987951944;0.4603937581881492
187;-0.709605636188297;-0.4590944338777233;0.6623273772618161
188;-0.7189320524386069;-0.4846421798014591;0.743863031351616
189;-0.7282833411525971;-0.4797630742163283;0.7780319937377007
190;-0.7374329024057077;-0.47136874391226263;0.5671331318790023
191;-0.7465442395872183;-0.4746408230942853;0.7605307038316016
192;-0.7555676823079307;-0.47260712813061284;0.7518404912060337
193;-0.7641581374355028;-0.44600333187630725;0.6153669149744689
194;-0.7724812741037868;-0.47272179811624804;0.6890954746173616
195;-0.7802027381381635;-0.4193184158582009;0.4294093151824061
196;-0.7875008318601375;-0.47152168932445043;0.6719637721190637
197;-0.7943119248592818;-0.4674969142430465;0.7113858178803738
198;-0.8002240419581623;-0.44448604921380286;0.5763777463162205
199;-0.8051707358235243;-0.4456657332225348;0.5693583887352615
200;-0.8093626002445848;-0.47449484267016395;0.6423756589102806
201;-0.8124648018710388;-0.4311994757962807;0.3927329100678627
202;-0.8144378586433954;-0.4309352238020099;0.6018143864161842
203;-0.8153600091575686;-0.45641320481597547;0.5453803527925521
204;-0.8155212924099506;-0.4851424508647329;0.6214295838397343
205;-0.8147460321424256;-0.4650374332027514;0.5361234887118185
206;-0.8132373336099404;-0.49012758178288607;0.4608447720159975
207;-0.8111391314183501;-0.494955031502584;0.45809586559717175
208;-0.8085117442093189;-0.4633704552132628;0.373334637522056
209;-0.8055675938645995;-0.48575425643421183;0.5231880152452597
210;-0.8026769050031386;-0.5022284993479342;0.6661253238322683
211;-0.8000176244387834;-0.5159690280876713;0.6090906655594485
212;-0.7975466591325807;-0.5008785541994565;0.5179934532263453
213;-0.7954904346898948;-0.5233778627009237;0.45347877413016524
214;-0.7938507266135673;-0.509326962308747;0.5163696431932877
215;-0.792789491318608;-0.5305001744213508;0.45596447121378103
216;-0.7922033906193591;-0.49664343396258737;0.3833250390620201
217;-0.7923543985317227;-0.5360928198366554;0.6211698406079664
218;-0.7931097607186599;-0.5378819889377138;0.4625107290179009
219;-0.7945627887183391;-0.5247960712120504;0.6974379293077488
220;-0.7963665886814384;-0.5075349328013719;0.3930210912778933
221;-0.7984796272400843;-0.5158282950980685;0.3931206007932412
222;-0.8008100370316718;-0.5106671993853164;0.3990986837181214
223;-0.803590678690246;-0.522482488584285;0.7202825498862544
224;-0.8064731854582152;-0.5269233069315907;0.5201337767023082
225;-0.8092697392518422;-0.5092219840807876;0.554697136488945
226;-0.8120602742046061;-0.5270935570471665;0.5211405549393023
227;-0.8150594537850394;-0.5150233777774342;0.7423730539047023
228;-0.8179260313374133;-0.5148174495713642;0.41922138649341756
229;-0.8208390692765742;-0.5388267706611949;0.4954193784339884
230;-0.8237758786672487;-0.5379951475935141;0.49781873689327505
231;-0.8267181322771713;-0.5371413133631415;0.5000027989595822
232;-0.8294873664441489;-0.5256871886003913;0.5208595766162003
233;-0.8320830230334497;-0.5254507645462003;0.5202353935538268
234;-0.834705384386933;-0.49695954797394193;0.769595702315089
235;-0.8371487215510585;-0.5248410077367374;0.5184908311716727
236;-0.839263194752022;-0.5108941420050319;0.5378758517463322
237;-0.8414641000431724;-0.5170537271007198;0.677609747106211
238;-0.8433484835483729;-0.511222509083054;0.5332492629107308
239;-0.8452298866529333;-0.4835696292416519;0.7768166485378296
240;-0.8471853938223692;-0.5110670567680496;0.676127453637996
241;-0.8489843712884626;-0.5190636799535168;0.4587136253535282
242;-0.8504861910748218;-0.5111046975586462;0.523080946044962
243;-0.8518722569307613;-0.5184007013867171;0.46272683503014467
244;-0.8531581734989679;-0.5212130132484147;0.503830615597562
245;-0.8541874322386447;-0.5116924200390219;0.5148713570754515
246;-0.8551353356949711;-0.46698617545358595;0.7703127272435383
247;-0.8558499676195948;-0.512211380291145;0.5091650790253786
248;-0.8565083226242922;-0.5201562142561813;0.4945044374619586
249;-0.8570808451190343;-0.5146961477632467;0.46731326228261916
250;-0.8576046681287229;-0.5197505705329344;0.4892377019459311
251;-0.8579830450974166;-0.45639454410761626;0.7552864041945567
252;-0.8582043713046325;-0.45467680812865463;0.7513452661350642
253;-0.8585035279115948;-0.5158658837676307;0.4928383316122027
254;-0.8587390370627036;-0.5137030912302936;0.4689943624209949
255;-0.8589521858950954;-0.5153529353998212;0.47181750959456925
256;-0.8589156081493878;-0.44935508850308886;0.7327618142410836
257;-0.8587147705034043;-0.5129115667933686;0.47720667194530253
258;-0.8585163645722172;-0.5120760745539212;0.4668754524536691
259;-0.8580296963390304;-0.4464160397153142;0.7161862201824426
260;-0.8575937462461803;-0.5126603268021123;0.46717180637734756
261;-0.8571761613527754;-0.5141395739121746;0.45235036334899004
262;-0.8568046491027363;-0.5101509173150507;0.46183031394927776
263;-0.8565198736869817;-0.5066515763278947;0.45862825149430764
264;-0.8561275903147761;-0.5117645038796784;0.45073354563450674
265;-0.8556463323572763;-0.5116588150514213;0.4467259172222505
266;-0.855270062957548;-0.5094723131642416;0.4559008630424951
267;-0.8547530253102972;-0.47294506734878156;0.5607444485190682
268;-0.8543394044758752;-0.507459325963661;0.4499539440817105
269;-0.8540371114808241;-0.5077865920117897;0.44863874014757765
270;-0.8537955837673349;-0.5013586449911297;0.4272666656479174
271;-0.853467780669677;-0.5105441966641964;0.42227777454684823
272;-0.8529103137584102;-0.4687549300994981;0.5287175342849957
273;-0.8517593354466539;-0.4361231906968324;0.6232896522197717
274;-0.8503712803883983;-0.4683448378611099;0.5162585413219969
275;-0.849124679244297;-0.5032732360445222;0.4328649624765698
276;-0.8480084398646264;-0.5026390144609431;0.4303971171829357
277;-0.8465573256918155;-0.46942778846342237;0.4984792359894087
278;-0.8452335394082084;-0.5020875675012463;0.4250005265616613
279;-0.8439380568793575;-0.5051625930783037;0.3772740307602821
280;-0.8426450624300814;-0.4964374090134123;0.38339693885885906
281;-0.8414592731685293;-0.5007162614414258;0.41766005459009814
282;-0.8393789754718821;-0.4457985307410292;0.5691424962176216
283;-0.8373663329285924;-0.5038846810134707;0.36372015519648704
284;-0.8353764135444879;-0.496137824250039;0.3690924114719717
285;-0.8334514788322578;-0.5034982879080186;0.35787368272913167
286;-0.8316673407878376;-0.4993440485163249;0.40693398509165957
287;-0.8289019072850905;-0.45511799617534243;0.546682804672833
288;-0.8263386936335653;-0.49852897244155575;0.4052076288570092
289;-0.8238922387329805;-0.5031172831583559;0.3481757648507482
290;-0.820465063451165;-0.46264751677271027;0.5361986704104056
291;-0.8172423833609466;-0.5030515900398169;0.34435257195074753
292;-0.8142844837346616;-0.49840568304252136;0.39934426929328337
293;-0.8114375042883223;-0.4983727891185308;0.34662511939282037
294;-0.8087081516044514;-0.5054692536839329;0.35831757313117796
295;-0.8061755739587755;-0.5029626307885338;0.3387330590506348
296;-0.8037587350211985;-0.5054425087232043;0.356581039939608
297;-0.8002977773110603;-0.48117397554372726;0.5201135804908192
298;-0.7971422440708313;-0.5028294632864829;0.33617315280589366
299;-0.794331003940123;-0.4989066174796692;0.38926587730260276
300;-0.7918443673696104;-0.49883277713018126;0.3884387948898287
301;-0.7883410902231688;-0.491661855147702;0.5154064238583067
302;-0.7844820857371062;-0.5041081188694968;0.4234153447244333
303;-0.781103590337836;-0.49842481173165476;0.38624229470595384
304;-0.7780601604816566;-0.5042743598406898;0.35539387521479326
305;-0.7746656187245733;-0.5104714017752222;0.42257111992404384
306;-0.7709809987008468;-0.512628184808041;0.42253560469572227
307;-0.767062430955002;-0.5151332903914108;0.4226076382263553
308;-0.7636364967572005;-0.5006221878223146;0.3350996587516303
309;-0.7607088694146953;-0.5008906219079369;0.35875049771268275
310;-0.7583331773191244;-0.4976569536308091;0.33725945491405185
311;-0.756402719561242;-0.49909373332971274;0.36084905439998427
312;-0.7536494010643063;-0.5284646839856358;0.5128827919460863
313;-0.7502361081908022;-0.5315018637430177;0.5129564763829675
314;-0.7475895819439201;-0.4917776021172907;0.37854587767216985
315;-0.7456533717835958;-0.49066260067695;0.37746548878066
316;-0.7443688293613121;-0.48892855719186984;0.3804044903163678
317;-0.7429552959813358;-0.5328318540400223;0.4261145564826955
318;-0.7409963087926602;-0.5450543298803306;0.5123877604009167
319;-0.7396991792757777;-0.49414307127612905;0.3328516876490909
320;-0.7390093811987395;-0.49311324526866324;0.332094158093458
321;-0.7389704195004209;-0.4833712113024947;0.34673137956110367
322;-0.7395196119681504;-0.48029002267384613;0.36952211150429837
323;-0.7405838819684689;-0.47942711802520843;0.36139694019373714
324;-0.7411027392594256;-0.553825935131172;0.5068460552614036
325;-0.7416143023787226;-0.5382242222472781;0.42530518719737653
326;-0.7426844752163165;-0.4739002454457049;0.35711674640798785
327;-0.743722127430884;-0.5385630643813902;0.4241685563426365
328;-0.7447602058152353;-0.5387532287778828;0.4236121791033446
329;-0.746232879033415;-0.46917366726276766;0.3383416774747031
330;-0.7480420366622857;-0.46649529190383493;0.3968574782086861
331;-0.750075628441082;-0.4646842885189115;0.40013791048558034
332;-0.7516467306137504;-0.5552962261829085;0.4928012282994023
333;-0.7533488211335543;-0.4616331355270848;0.4076280533044735
334;-0.7550271575626236;-0.4625921106372387;0.36478748595325683
335;-0.7565537508730542;-0.47677889135082124;0.3130088340679916
336;-0.7578357164260405;-0.4611420402448469;0.3204134477635068
337;-0.7588358606664687;-0.47668835715707025;0.3144975084238293
338;-0.7593031361137195;-0.5483496459998887;0.49387610972047513
339;-0.7594284216347116;-0.4635234443367117;0.30462683663015944
340;-0.7591839075545588;-0.46359940036560365;0.3137456632273491
341;-0.7585913154723773;-0.4621905279084833;0.45000407816303545
342;-0.7577292680276924;-0.5317601056382865;0.4507885241420785
343;-0.756639145246955;-0.5316448399881367;0.4560264114211523
344;-0.7552173973796171;-0.5417500579717929;0.5146754667942577
345;-0.7534747374722902;-0.5414449068372731;0.5194331797238161
346;-0.7515495775308045;-0.4850338544876691;0.3444917575311547
347;-0.7493472494306563;-0.4757780528922068;0.30984724899612326
348;-0.746945917549849;-0.5340057657689936;0.4839642301030297
349;-0.744359471201465;-0.4786083865462252;0.4383046059789544
350;-0.7416019500730362;-0.481364031185884;0.32715327569598196
351;-0.738787653505714;-0.4834278711560186;0.4472240105447586
352;-0.7360062466847992;-0.49571279507164934;0.37056042500966424
353;-0.7330566612146581;-0.5394978083530736;0.5070186215760204
354;-0.7301918573701185;-0.5005300086840064;0.37688978709864307
355;-0.7274489899289058;-0.4906674178155831;0.5171087058924797
356;-0.7249394754788572;-0.4988300316801892;0.33037863640313436
357;-0.7227676290160072;-0.5016366338965447;0.331847302822213
358;-0.7204306284295039;-0.5450272933742444;0.5665383702047975
359;-0.7185977985648011;-0.5052954777518962;0.4621307283280668
360;-0.7173603364015483;-0.5083689616206071;0.34339871193223137
361;-0.716811564174164;-0.5104739189037385;0.33481181867667287
362;-0.7170216656575561;-0.5120345475662741;0.33482810495839166
363;-0.7180392533007436;-0.51326587653526;0.3345820573869661
364;-0.7197464206372143;-0.5196349885463136;0.37993389594120275
365;-0.7223061604873744;-0.5092921061907627;0.5056573977497121
366;-0.7256628372948272;-0.5147554341013552;0.33254060273128916
367;-0.7295986921523916;-0.5201530573202485;0.3732449835198467
368;-0.7332630898901449;-0.5375001522438321;0.5551147962809468
369;-0.7375813425428313;-0.5074434472109278;0.4906171624167577
370;-0.7416065956725387;-0.5482726717710383;0.4963428644797152
371;-0.746110636599437;-0.5046203842370734;0.48297473855743156
372;-0.7507524782071169;-0.5154938440271877;0.36015745178160496
373;-0.7555834283783536;-0.5071897403646433;0.32420871981348687
374;-0.7604760640006061;-0.5054493176557628;0.33014483892511304
375;-0.7652882722698701;-0.5051507398263634;0.41831474599484875
376;-0.7699195453063987;-0.5038539351558118;0.4159532024799075
377;-0.7741462988319107;-0.5089235057352299;0.34941576769946536
378;-0.778062916135116;-0.5016375073852244;0.41206891641191057
379;-0.7805831889372283;-0.5139460467556385;0.5309775591720893
380;-0.7828256690154044;-0.49786335473590737;0.32281584804429064
381;-0.7847809300408478;-0.49704633656218966;0.32173085226456444
382;-0.7864558937013644;-0.49640889280987593;0.32068787862010295
383;-0.7877193135739426;-0.5044700540845003;0.34164169124502586
384;-0.7887512054025421;-0.49788872394611916;0.40638541855397525
385;-0.7896028769519992;-0.49535625769849545;0.3178525388107851
386;-0.7894802425774361;-0.5319321789746965;0.46932409124750696
387;-0.7893045897388454;-0.4975972557838133;0.4059229669566149
388;-0.7891242726065312;-0.4952999007434733;0.308988191604741
389;-0.7888094487175926;-0.5039504470080053;0.33803066662037207
390;-0.7885243535574626;-0.49772014809505616;0.40636641768257575
391;-0.7874612019800262;-0.5324049665559761;0.46766516096978783
392;-0.7865276612386689;-0.49787047685014785;0.4070048843211528
393;-0.7846288023417427;-0.5073849842811214;0.5183474288835661
394;-0.7829856398498385;-0.4950694655348393;0.30640016948122073
395;-0.7815792427118328;-0.49467073909364945;0.31292173898419406
396;-0.7792738965969552;-0.5106916622298131;0.5171191516400806
397;-0.7772841062139928;-0.4875844896996234;0.4651271567264007
398;-0.7744641028236746;-0.5140185500037249;0.516512521395132
399;-0.7719752824876496;-0.4972857503055871;0.41080534306411354
400;-0.769806366423384;-0.49401345474074954;0.30618891060205555
401;-0.7678925771743806;-0.4969753443518701;0.41226679786881426
402;-0.7654192635106667;-0.5439948903567039;0.4681329061744651
403;-0.7632474548987345;-0.4934540037742706;0.3065116849495335
404;-0.7613092538934024;-0.4966612545833722;0.41468392711015856
405;-0.7595870485015767;-0.48624977775962075;0.47278573651437505
406;-0.7578953956610451;-0.5056971612229872;0.34038517315747696
407;-0.7563500480717531;-0.4864976533563178;0.4749035293691032
408;-0.7549111717654712;-0.4930004411220231;0.31421027236407895
409;-0.7535345948433292;-0.4871828505236735;0.47697120893598344
410;-0.7521941621468674;-0.49351001829203306;0.31455849660475554
411;-0.7508641562365792;-0.49408148886145237;0.30759151821546526
412;-0.7495032073497616;-0.4989360496634874;0.4211314963980849
413;-0.7480186625148528;-0.5078572373949052;0.3428859124850676
414;-0.7464991180851122;-0.5003136696896645;0.4223485481094741
415;-0.7448704350773987;-0.5089276040259613;0.3433892127449756
416;-0.7431504608047271;-0.5095416886821784;0.3436031728275345
417;-0.7413569470734033;-0.5102004706061863;0.34379656859274654
418;-0.7395650712011329;-0.5035468170200968;0.4239921773997237
419;-0.7378012865096091;-0.49918448459836073;0.31000713441450944
420;-0.7353000126578133;-0.5243241556377932;0.5098226236818464
421;-0.7328465909170723;-0.5127449080503838;0.3444729468309833
422;-0.7297677777131844;-0.5242976767661349;0.5084812319466001
423;-0.7264213573737843;-0.547175263868507;0.4676989420355733
424;-0.7232596741290287;-0.5012520437383968;0.3131348097971015
425;-0.719844648005177;-0.548459511496754;0.46692693209590397
426;-0.7166201432835702;-0.5013266210846282;0.3146196125496198
427;-0.7128562698697893;-0.5291013364768609;0.5055062023725172
428;-0.708882552613165;-0.5509220947114681;0.46598612648109583
429;-0.7051347108379777;-0.5009294846828802;0.32414588792522747
430;-0.7015896019913387;-0.49773044996675797;0.48447004101940816
431;-0.6978282277154136;-0.55412192315284;0.4654020866937527
432;-0.6942889358947976;-0.4975201196213003;0.4846849575951512
433;-0.6905322954395208;-0.5561017242707693;0.4652164142650006
434;-0.6870322241401435;-0.5001579875334123;0.31993763424036603
435;-0.6837800102400147;-0.5063331836924471;0.42658876345783925
436;-0.6799883354672478;-0.5426879164680104;0.503058524920915
437;-0.6759934023262033;-0.5605355123110949;0.4652647812808479
438;-0.67221696132408;-0.517285589667905;0.3487961658288945
439;-0.6687397006464175;-0.5057983956343329;0.4275364800174464
440;-0.6655551113648948;-0.4987143686954367;0.32199888303106206
441;-0.6626537220085363;-0.4956489822382257;0.4865752653691211
442;-0.6595138461989574;-0.5680085335053057;0.46585428129698836
443;-0.6566721038157181;-0.49814434319870055;0.3223184904155535
444;-0.654028127389497;-0.5192808000230886;0.35007057057884217
445;-0.651578305714112;-0.5196464810863193;0.3502465160385867
446;-0.6494067492899218;-0.4946698107080138;0.4882997735577673
447;-0.647483376428095;-0.49713318023584396;0.3294576372234439
448;-0.6450249276587378;-0.5622423510332237;0.5034752387169643
449;-0.6424381115728052;-0.5758822101789033;0.46720330281496525
450;-0.6402152105483456;-0.4934918672866487;0.4901470849496531
451;-0.6382724797444659;-0.5213556071026093;0.35111808333157535
452;-0.6359885344312688;-0.5699613299625791;0.5036980522983217
453;-0.634087833255541;-0.5216573194526583;0.3512781492904268
454;-0.6326224817834661;-0.5032062930049465;0.4326938571870187
455;-0.6314931446342488;-0.49280285661231116;0.32724123804770955
456;-0.6306408865007233;-0.4923893825151108;0.31917337939410084
457;-0.6295820340983727;-0.5781488561606121;0.5033873642471253
458;-0.628813670929636;-0.49035371629546354;0.32526181512871266
459;-0.6282610472869772;-0.4898777489561128;0.3167572626233217
460;-0.627603086354247;-0.5812752185391158;0.5027096989427295
461;-0.6271363753723133;-0.48801867021677614;0.3145282258948423
462;-0.6266638935459159;-0.5833160807035457;0.502018186236532
463;-0.6265100859385835;-0.5165302853151372;0.3488784415378766
464;-0.6266184009422135;-0.5153960059774584;0.34814415965693424
465;-0.6266973752560354;-0.47938894678276184;0.5004357430837385
466;-0.6268330136561978;-0.585757287970091;0.5001625546591093
467;-0.6268439772187224;-0.4810742132072811;0.3042194621457882
468;-0.6266314507542093;-0.4800784377525437;0.3020023371476105
469;-0.6265206441956426;-0.5857367092160642;0.49879683008930975
470;-0.6260846153765349;-0.4784352236285869;0.29726257633580133
471;-0.6253642834948865;-0.4846351342787654;0.43572170055398485
472;-0.624157497197471;-0.4769189533574605;0.3004725558958268
473;-0.6223648961029441;-0.4736136451257377;0.5028862240869814
474;-0.6203412452550228;-0.5053713557832644;0.33711171787117733
475;-0.6180541402287569;-0.5053233040336687;0.33617534331056553
476;-0.6160677882416037;-0.5793886021281454;0.5003131902343355
477;-0.6134377220447491;-0.48005085662989044;0.288688365870551
478;-0.6112480391139843;-0.5768478965220674;0.5032571700484709
479;-0.608423739139872;-0.4817251019665908;0.28488580856491363
480;-0.605021068079163;-0.4828122947218643;0.28328100776644727
481;-0.6022828932651221;-0.5729524490705878;0.5105259560811399
482;-0.599369072629788;-0.5062954928133434;0.335857437671372
483;-0.5960179701330809;-0.49097024142752227;0.43707344913154067
484;-0.5921851835462535;-0.48620466369162424;0.5072431307282472
485;-0.5880579978376484;-0.4897199254904592;0.27881634636274955
486;-0.5836944560529875;-0.4905524344225583;0.5095706277210152
487;-0.5804150037937071;-0.5540754561169534;0.49874620482697374
488;-0.5782476599459654;-0.5585349243912622;0.5409778699617868
489;-0.577119180253468;-0.5562176758021108;0.5466663064854755
490;-0.5757481105083201;-0.4964827445923137;0.28083690264201255
491;-0.5742711361334049;-0.49761919191655635;0.2779600071206122
492;-0.5727944857460743;-0.49816420896166114;0.27974602470958654
493;-0.5714119235992523;-0.4987939914127385;0.28175773809009996
494;-0.5702465194482738;-0.5023431579409942;0.4603038111514166
495;-0.5693141333540918;-0.5000275410337268;0.28640799491998514
496;-0.5687123526482978;-0.5031726580105726;0.46665423004185347
497;-0.5684725663332351;-0.503400471659118;0.47000325233208096
498;-0.5685614518621791;-0.501078275059952;0.2947494795979523
499;-0.5692109588395944;-0.5054765741710776;0.38991125388322434
500;-0.5701628316706748;-0.5008667226917821;0.30104539132546515
501;-0.5719577758057465;-0.5122516353026594;0.5787904686336276
502;-0.5739977042379463;-0.5013291535458057;0.4881150155297159
503;-0.5761946784072584;-0.4990029944994671;0.5505086355127331
504;-0.5785626293245522;-0.49745159665783656;0.31471262728326144
505;-0.5811433357872022;-0.49763725492835825;0.4997386460178842
506;-0.5838318263006562;-0.49490002847223846;0.3204453830278542
507;-0.5866222522796739;-0.49419267098466946;0.5642039808996953
508;-0.5897177779077759;-0.4897371296405542;0.43216729366603124
509;-0.5930923899930463;-0.48755474440246793;0.4366717800958432
510;-0.596497210104405;-0.4895994795373913;0.5755884517412326
511;-0.5999186928367679;-0.48794507746640714;0.5797066508298977
512;-0.6034385129165787;-0.48596587171150035;0.5289441209913921
513;-0.6069340691864005;-0.48466169048960384;0.5886607444337679
514;-0.6106237647843382;-0.46953077010065236;0.6461741728824455
515;-0.6143487697204028;-0.4805053198290686;0.5440096468326483
516;-0.6181968531534158;-0.46420164926576507;0.6550156912276797
517;-0.6219700598480941;-0.4760782647581584;0.36449959158805434
518;-0.6256225116683807;-0.4741427712879226;0.3707534125605296
519;-0.6290045595925571;-0.47513826539889914;0.625435383203643
520;-0.6321869056139242;-0.4720851353418447;0.5786718442959446
521;-0.6350765381094656;-0.46938240484264143;0.3946646897695213
522;-0.6376164884969312;-0.47005918665285634;0.5973624751941882
523;-0.6399153399220422;-0.44903283316634807;0.6944362729025457
524;-0.6417490086666409;-0.4667621791663184;0.42770626260157596
525;-0.643039496110478;-0.46650554335412975;0.4407577744716944
526;-0.6437136344562482;-0.46679275500647;0.45468974822559893
527;-0.6437565178035176;-0.47057048188871564;0.655446068496657
528;-0.6434969121396668;-0.44452873772111784;0.7346719880354893
529;-0.6425815059025054;-0.47059122074670096;0.500215141901393
530;-0.6412897292981452;-0.46081334753644587;0.6120508155518425
531;-0.6398572994151102;-0.43309786692669394;0.784361127131513
532;-0.6378413230827891;-0.4853657606092918;0.7641350537283005
533;-0.6356615417945677;-0.46693961329614075;0.6502105566695096
534;-0.6330806916244798;-0.4919185472887328;0.7829517663628609
535;-0.6302294471435579;-0.49569252656292917;0.7911431863066557
536;-0.6271764588385416;-0.4905759428847509;0.5997045869905673
537;-0.6241954872951788;-0.49928734031848104;0.7628493813901023
538;-0.6213973698030272;-0.503652132661279;0.7692605915597523
539;-0.619277954347369;-0.43319408889805966;0.8121708553215923
540;-0.6177612872065068;-0.43298890472821044;0.8124946801273999
541;-0.6161935578749852;-0.5132422048845414;0.6518289977024692
542;-0.6150329481666795;-0.494505452476139;0.719783835546291
543;-0.6141466218311673;-0.5212152510075271;0.7849987962578674
544;-0.6133474280005428;-0.5262992794986459;0.6764581364635389
545;-0.6128657482411719;-0.5319224719829014;0.8187845277325
546;-0.6126696849109814;-0.5330652548761795;0.6701655252567402
547;-0.6129930660995426;-0.4293219388681124;0.7924030895996593
548;-0.6137532431271155;-0.5389757726689834;0.8029395021692707
549;-0.6152352793420942;-0.5096750225512585;0.698168864117819
550;-0.6170692968677912;-0.4272447548364744;0.7685331790549362
551;-0.6195199287163236;-0.5382031217167802;0.7355787920993471
552;-0.622496860845872;-0.5424460630291625;0.760496316405255
553;-0.6259259917945476;-0.5481572871457032;0.6136207870071833
554;-0.6297795230161465;-0.5491606264550652;0.6095842212953332
