0;-0.3168159991516273;-0.6428180539688471;1.3992776801175364
1;-0.3135755245604301;-0.6460195994859541;1.5557152327463335
2;-0.3105243332003719;-0.6498765038790549;1.563446884555845
3;-0.30767237535032266;-0.6539053314581811;1.529127633559804
4;-0.30501692818168463;-0.6576162761354754;1.5302016935628682
5;-0.30255003107812956;-0.661262093130087;1.53087854558053
6;-0.30026357023651207;-0.6654455646237929;1.383224896302354
7;-0.29816160125036195;-0.6699399817480677;1.329564136699893
8;-0.2962186873086208;-0.6734824471969538;1.326167828952129
9;-0.29442080837355705;-0.6755831217899533;1.4826935779724661
10;-0.29275633081026586;-0.6793388414009177;1.3712812031745565
11;-0.2912291353071598;-0.6819459614591171;1.5312742105601038
12;-0.289837397028214;-0.6860138672376059;1.3677289512232866
13;-0.2885930138627243;-0.6883469250145442;1.6148178108095559
14;-0.28750997183347443;-0.6916341307482399;1.5331955784131346
15;-0.28659086431334896;-0.6970984683098289;1.3143847998918652
16;-0.2858612781005947;-0.697787960017715;1.5348819863047485
17;-0.2853337992074352;-0.7007557118110102;1.6239618332160575
18;-0.2850225021838553;-0.7046062829163587;1.3658954641779368
19;-0.2849393715793841;-0.7092368855825519;1.3144965447589647
20;-0.2851035949723769;-0.7120421179218447;1.3147199145495638
21;-0.28554551554329377;-0.7117423746480168;1.627006791135387
22;-0.2862753781939305;-0.7172905939150166;1.3153699307110036
23;-0.28732501811680666;-0.716480551697376;1.6259698092723482
24;-0.28872133831512803;-0.7183110926181535;1.5370583879595583
25;-0.29046821433820463;-0.7239965297477825;1.3170514111021168
26;-0.2925890788218086;-0.7258685833632377;1.3178378981576415
27;-0.29511256362467536;-0.7239123823863093;1.6178656981334674
28;-0.29805579719004316;-0.7276497190182054;1.4146614423431911
29;-0.30143823472840126;-0.7302006633220194;1.3206747568379202
30;-0.3052807461480377;-0.7311708632934774;1.3216480949017826
31;-0.30960353802450935;-0.7278264858843766;1.4748753604385387
32;-0.3144147886453392;-0.7323052278764902;1.323333241474049
33;-0.3197256667840903;-0.7324483358423821;1.3239395327109464
34;-0.3255423835255681;-0.7323031635302923;1.324318665844936
35;-0.3318653901589841;-0.7318621762253219;1.3244188088823143
36;-0.33868868168891697;-0.731121278643641;1.3241882075169835
37;-0.3459993233540586;-0.7300802009921246;1.3235751951861603
38;-0.35376383380021237;-0.727055948731165;1.37068330670258
39;-0.3619687566409694;-0.727109627918882;1.3210028180043822
40;-0.3705461540809242;-0.7202460164552416;1.4149202540563257
41;-0.3794571302492851;-0.7180761474041304;1.4035705497172803
42;-0.3886855528297008;-0.7189465434417688;1.3310366075664337
43;-0.39817710962870645;-0.7135956094403075;1.3382778242245612
44;-0.407876191880037;-0.7098391848275384;1.4101360041055369
45;-0.4177779906916425;-0.7106731386154399;1.2926016141212568
46;-0.42782047797932043;-0.7046021666906751;1.3313712280251702
47;-0.43798909765571803;-0.7044268912818126;1.2631650204993563
48;-0.44824286246185596;-0.7011404212203206;1.247395672440169
49;-0.4585512974307599;-0.6989155476526585;1.2701339713711433
50;-0.46884681794813465;-0.6917573297681621;1.2707615170614854
51;-0.4791000333914027;-0.6908083298724239;1.1963032793238535
52;-0.48924568650445904;-0.6863941467846895;1.2016843376331758
53;-0.49925133312570724;-0.6810701692688177;1.2156299356519233
54;-0.5090811049619307;-0.6795285959458888;1.1259215243612983
55;-0.5187243703010659;-0.6774168646328322;1.2016965198158462
56;-0.5281432591465361;-0.6739000782133823;1.1876846005711776
57;-0.5372916314384396;-0.6694782929693606;1.03194827209335
58;-0.5461589543398456;-0.6644526252895815;1.0759780751112356
59;-0.5547355889137746;-0.6630064209922234;0.9630010756529752
60;-0.5630314548840889;-0.6583958946576987;1.0209529375391349
61;-0.571060156797144;-0.6573124131581951;1.1117635057007305
62;-0.5788467071112098;-0.6522873624820986;0.9729136661007408
63;-0.5864203006907294;-0.6508030690485793;0.962970380751465
64;-0.5938256801375073;-0.6480343253540078;1.0668359860909793
65;-0.601111691694496;-0.6449596770307902;1.052962360412695
66;-0.6083315105731171;-0.6416338106960467;0.9096761895240593
67;-0.6155410960487299;-0.6386863716786149;1.0278032177513963
68;-0.6227936563712628;-0.6352523950405408;0.8784721791448189
69;-0.6301381370642644;-0.6319060250866618;0.8644730136168276
70;-0.6376358671244846;-0.6269525424334881;0.8162970827578196
71;-0.6453302639409537;-0.6228772091063758;0.9448516141663489
72;-0.6532430254214106;-0.6190166958967134;0.9369500321260867
73;-0.6613476106492147;-0.6170137122380527;0.820702684006413
74;-0.6696685649334956;-0.6112813123416511;0.7710536158008653
75;-0.678195808304174;-0.6069444962375861;0.763538353467514
76;-0.6868974786180373;-0.6039495958191416;0.5659846668293933
77;-0.6957435825603823;-0.5995842324641991;0.9727081075124432
78;-0.7047230696490707;-0.5946342497958623;0.5599953654450815
79;-0.7137977571463757;-0.5900838626780117;0.7931099234178351
80;-0.7229634545667297;-0.583333849928031;0.7463623286846224
81;-0.7321763669042373;-0.5798685464276807;0.5380677152539357
82;-0.7414061949793653;-0.5748473776486651;0.5359032578081666
83;-0.7506334040454432;-0.5683082908661012;0.7494183873935818
84;-0.7598166401760738;-0.5647687715988843;0.5447123330610786
85;-0.7689247649861893;-0.5597339405403554;0.534648812642889
86;-0.7779550946744069;-0.552091721848466;0.9462534604470906
87;-0.7868354425968704;-0.5506731565965086;0.8111235233100864
88;-0.7955561082007092;-0.5449261798070666;0.5508805433129369
89;-0.8040882110595182;-0.5401961428492762;0.5421803618088094
90;-0.8124299022976551;-0.5327409094428872;0.9701892002023891
91;-0.8205308774972011;-0.5309481221151429;0.5604442032749777
92;-0.8283723690700288;-0.5253116023851043;0.7898980407947719
93;-0.8359478455500983;-0.5195462515158705;0.9880385368645909
94;-0.8432190954884218;-0.517085465159909;0.801004689434235
95;-0.8501641642770206;-0.5156017053337087;1.0569481452644556
96;-0.8567762858906263;-0.5119642478265765;1.0615591087225031
97;-0.8630662651671218;-0.5044691083410482;1.0087878259166392
98;-0.8690087503536357;-0.5026991639907896;0.7751465309806098
99;-0.8745949175555252;-0.50248885186653;0.8737888447843263
100;-0.8798373904033109;-0.4994210701285555;1.0763609741790066
101;-0.8847422684386543;-0.496795698212972;1.0790937674223264
102;-0.889308706931071;-0.4929473938329315;0.5907242721509447
103;-0.8935451462863211;-0.489674303604178;0.841861748594723
104;-0.8974692982142741;-0.49012880499863953;1.084985019958311
105;-0.9010827822879252;-0.4858261540352515;0.8477578294467931
106;-0.9043955514465734;-0.4851650979913764;0.6025021090651177
107;-0.907424209167664;-0.485396653139615;0.9000693615983586
108;-0.9101780435467053;-0.4824359841590745;0.6071471283095534
109;-0.9126818085664992;-0.48277016490886376;1.087969963950495
110;-0.9149459027537465;-0.4818151752968445;1.0877264245591889
111;-0.9169750357717148;-0.4812884029366357;0.9064440135699593
112;-0.9187844064086658;-0.4803785194029828;1.0865846989077268
113;-0.9203746287697057;-0.4761438263472337;1.0365114110194154
114;-0.9217506533115445;-0.4773275181795831;0.8607363772416876
115;-0.9229292694570957;-0.47959038873950066;0.9093293254990553
116;-0.9239194610230876;-0.47950719331203095;0.909594928554532
117;-0.9247197816833184;-0.47579196604337637;1.0331199881641404
118;-0.9253428936250121;-0.4794203176572769;1.079415791150263
119;-0.92578444639867;-0.4775622456469685;0.8105436720281793
120;-0.926055932214608;-0.4781064394317499;0.86047345245275
121;-0.9261602406026851;-0.47739864780432817;1.0277941059507933
122;-0.9261073692491242;-0.47963490961451544;0.6328184884784156
123;-0.9259077449260751;-0.4817812254475947;1.0709643834526807
124;-0.9255654300361864;-0.48075658532923227;0.8574970417885417
125;-0.9250887243132968;-0.4816214967503167;0.8564375446103698
126;-0.9244867233548195;-0.4842302373185886;1.065317459096306
127;-0.9237618364016643;-0.4834842608655996;0.8038877132216573
128;-0.9229276740184078;-0.4849057358806237;0.632144978672314
129;-0.9219896050342715;-0.4856441259770409;0.801262542480085
130;-0.9209753393589573;-0.488281217057934;0.8977505610192977
131;-0.9198697845250461;-0.4872796040607635;1.009016313151866
132;-0.9187076288984282;-0.49045462195342926;0.89383652669138
133;-0.9174835368284485;-0.49035581400888467;0.8436500435869896
134;-0.9161968180639855;-0.49103400267077774;1.00216194993759
135;-0.9148657210130643;-0.4927956436177354;0.791357212992662
136;-0.9135034028228108;-0.49399714664919103;0.8369818355985952
137;-0.9121356931018862;-0.4960600010206019;0.8817556200543328
138;-0.9107553683892196;-0.496385339835536;0.8320260529823318
139;-0.9093719695551398;-0.4975459486385102;0.829407797120852
140;-0.9079947359378903;-0.4986801039661486;0.8267028613451887
141;-0.906646728115704;-0.5005211415835259;1.0336257090202612
142;-0.905327431915883;-0.5010296684141247;0.6128446792152771
143;-0.9040547001543036;-0.5021913448526989;0.8634094263371519
144;-0.9028192462177294;-0.5028465269304161;0.772058575258779
145;-0.901634564684225;-0.5038149506706529;0.6102682923064373
146;-0.9005156285084992;-0.5046894906328289;0.8530091269764175
147;-0.8994590037331539;-0.5054031852282955;0.6085894695169426
148;-0.8984677432258186;-0.5061142888554113;0.6166158582334597
149;-0.897548837510362;-0.5067512614448411;0.6070011712533872
150;-0.8967372764783464;-0.5070120751903948;1.014121286265875
151;-0.895997078579656;-0.5079168561820289;0.7556187915572914
152;-0.8953306848730109;-0.5084445502030528;0.9541723288375701
153;-0.8947330255965567;-0.508907374124968;0.7867359863286354
154;-0.8942181756233243;-0.5088766647398121;0.8231724040018122
155;-0.8937879678025642;-0.5092296219234641;0.6032355569975345
156;-0.8934891485340624;-0.5081426204177952;1.0022095242679883
157;-0.8932495871773628;-0.510033780542165;0.7741139222507396
158;-0.8930884437232938;-0.5096234199453228;0.6100612505993281
159;-0.8929812691594996;-0.5102496160424588;0.7679760155680905
160;-0.8929258627651819;-0.5102912830046386;0.7649636438306724
161;-0.8929194456834282;-0.5102955619413202;0.7619927997413871
162;-0.8929862619549626;-0.5093190051535542;0.6092002531979318
163;-0.8931826653160088;-0.5063791958124635;0.9896006436020446
164;-0.8934974991227512;-0.5059074339094501;0.9878757325027296
165;-0.893821984646736;-0.5098629490241562;0.750572595614173
166;-0.8941540438152851;-0.509659736779527;0.7478441332840812
167;-0.8945356151135702;-0.5078182142038453;0.9155662518782661
168;-0.8950194756684462;-0.5036796564647098;0.9810413008640061
169;-0.8954844797449726;-0.5089332187316726;0.7399979983331098
170;-0.8959704043720736;-0.5065729144483709;0.6110097740167102
171;-0.8964821642849027;-0.5060161514899973;0.905945044028457
172;-0.8969549112794837;-0.5077134499872804;0.7595807949180344
173;-0.8974355839858745;-0.505339189358354;0.6065385822795059
174;-0.8979192467358391;-0.5048966173558973;0.6074611340340594
175;-0.8984050436913467;-0.50428044809548;0.6146442528694868
176;-0.8988316818459829;-0.506896676716284;0.7480891590165202
177;-0.8992730820073993;-0.5031380473061743;0.891951753128637
178;-0.8997230329006372;-0.5026872007650168;0.8896931207804916
179;-0.9001460604002258;-0.504036356167744;0.7096538293769488
180;-0.9004946751077925;-0.5063421561982709;0.7381806149049024
181;-0.9008336689311179;-0.5020206591097942;0.6164380556569892
182;-0.9012355962704044;-0.4951923415700569;0.9566585501095466
183;-0.9016103558485015;-0.5013323461244424;0.6198789433716396
184;-0.9018932089939546;-0.5061253342146211;0.7301910194933574
185;-0.9021598811327232;-0.5003766948365709;0.6286318629133208
186;-0.9024019161290298;-0.5004785036183694;0.6258017411067871
187;-0.9026910502591264;-0.4931370484236567;0.9479905476366655
188;-0.9030144189408238;-0.4928533261987277;0.946290689608564
189;-0.903288400690065;-0.4998451961812297;0.6326035918681112
190;-0.9034764080912467;-0.5049824010656584;0.7066564751212774
191;-0.9035885602432954;-0.5049580310527636;0.7062946843660445
192;-0.903609350786443;-0.5065237762984992;0.7205038219976763
193;-0.9035498466466008;-0.5067289580489612;0.7198529846188753
194;-0.9035002560159072;-0.49855397330990037;0.8592942779778604
195;-0.9034573313718643;-0.49853020568680895;0.8578334682498197
196;-0.903366104767295;-0.505442813018183;0.7060965518762784
197;-0.9033302205255194;-0.49165261396006343;0.9317674025494704
198;-0.9033405942422069;-0.4916890635770921;0.9302725897061155
199;-0.9033002134719734;-0.5058449262046231;0.7071179304548953
200;-0.9033077686609892;-0.491883160744559;0.9273722260159234
201;-0.9033028508498044;-0.4986225218682397;0.6696455496736605
202;-0.9032923160314843;-0.5013713140416833;0.7168744957626583
203;-0.9033312924881944;-0.4923273088919289;0.9232568227627799
204;-0.9033436651550752;-0.5063919309917152;0.7101634477855154
205;-0.9033446259761932;-0.5064909836135116;0.7109005087426405
206;-0.9033485372757353;-0.5066023029008497;0.7116613131926449
207;-0.9033439714961513;-0.5097049366015441;0.7190725296611543
208;-0.9033886471311715;-0.4987081263124944;0.6916376310853593
209;-0.9034494933563872;-0.5100373323371179;0.7194008464518706
210;-0.9035683828433321;-0.5069478076528953;0.7147895478679036
211;-0.9037576791173639;-0.5069758918984812;0.7155588948488327
212;-0.9040295154062341;-0.5069727894848152;0.7163127814756538
213;-0.9043990513032683;-0.49798378086074513;0.7074617280010751
214;-0.9048667739601345;-0.5068076874652532;0.7177605829358169
215;-0.9054416200862393;-0.4973950679554249;0.7137687010363992
216;-0.9061233246707665;-0.49705503002334;0.7169077155631851
217;-0.906904008351993;-0.5097481810822222;0.718725043845799
218;-0.9078130144379628;-0.5056570823168228;0.720386674897088
219;-0.9088625266638954;-0.4972521910551839;0.8378129699700338
220;-0.9100432601380171;-0.504685483545426;0.7215964771917645
221;-0.9113582132233713;-0.5041013130712042;0.7221939893347517
222;-0.9128008937810644;-0.4954733644228536;0.8378660198950818
223;-0.9143648827540588;-0.48772206763804316;0.9093021016248295
224;-0.9160264077002161;-0.49599810352610363;0.7514649661352452
225;-0.9177884237414883;-0.5049353815536142;0.7145714382464325
226;-0.9196278601817659;-0.4943956873913317;0.7551939666055729
227;-0.921513522401626;-0.4919745793737209;0.8405876085964703
228;-0.9234059766808572;-0.48989181503388923;0.7497281620055025
229;-0.9253060500607388;-0.49051847293103423;0.8427244823586205
230;-0.9272345938139253;-0.49653358835229344;0.728560726254676
231;-0.9291218787842719;-0.4826723397128942;0.91780399183328
232;-0.9310072606344713;-0.4946599664893019;0.7304383550231184
233;-0.9328311891738565;-0.48794655817807786;0.8487906034808306
234;-0.9345620187280714;-0.4813518174904703;0.9236527009768218
235;-0.9362269552911067;-0.4873663012417383;0.7722358295038565
236;-0.937803534765006;-0.48655101003214324;0.8547701917316477
237;-0.9393371284793393;-0.49056966916242545;0.7361805568902021
238;-0.9407738347517158;-0.48586001996226275;0.8593453411022589
239;-0.9420859912590298;-0.48049229880036565;0.9358709101966982
240;-0.943316773812547;-0.4850447891063332;0.7815911625294112
241;-0.9445190965500425;-0.4899552655628868;0.7170078310315126
242;-0.9456839659384875;-0.4893345897038624;0.718213059315296
243;-0.9467532785807858;-0.484241247178704;0.7872834700252783
244;-0.9477186454467941;-0.4847244541831646;0.8752954910031744
245;-0.9485886685618367;-0.48392509039767634;0.7911495704034801
246;-0.9494040394713947;-0.48745285619465173;0.7242374284340609
247;-0.9501549684471444;-0.48714286429412146;0.7260129990482173
248;-0.9507914092466663;-0.48462712915073347;0.8872523691217868
249;-0.9513389915016393;-0.48592257941926204;0.7568357525370943
250;-0.9517743089829873;-0.4840013438677052;0.8010625202479806
251;-0.9521253514717913;-0.4865900477755245;0.7339741435073801
252;-0.9523510484266755;-0.4832043128947222;0.7809633920810422
253;-0.9524796320044893;-0.4862502765071234;0.7654370611085016
254;-0.9524879305181582;-0.48396677303731933;0.7823918331792235
255;-0.9523809607650043;-0.48430059808071657;0.7880966983898867
256;-0.9521693872486212;-0.48675039785660523;0.9125444615438001
257;-0.9518535062938102;-0.4854727039199138;0.7895982273643128
258;-0.9514425515518445;-0.4862516261731279;0.7849447545169351
259;-0.9509491230767718;-0.4877735728789879;0.8189902339536386
260;-0.9503870972979801;-0.48948845920817163;0.7548516737093595
261;-0.949750544942873;-0.48983031961438744;0.9282160606814871
262;-0.9490547961756628;-0.490654597134106;0.7855940544075666
263;-0.948301584566624;-0.4913255996067992;0.9342920947217753
264;-0.9475008462973307;-0.49106315429585573;1.0120639916095808
265;-0.9466716770557837;-0.4917905365507296;0.7883976930963803
266;-0.9458278969167007;-0.49370167971889467;0.7943197116691938
267;-0.9449753942740087;-0.49453883153505784;0.9459918450099716
268;-0.9441303597183073;-0.495279913486407;0.7985587494251141
269;-0.9433035085596294;-0.49605622552695194;0.8006426242881751
270;-0.9425007882097751;-0.49690820308382944;0.9543167322849055
271;-0.9417395530174515;-0.49671522430928494;0.7971966823814661
272;-0.941028161011237;-0.49789705426155517;0.8417933089588855
273;-0.9403686776228836;-0.4990382271948817;0.9622266518065616
274;-0.9397727415123566;-0.49921918050742325;0.8448567338182719
275;-0.9392433027989824;-0.49968700097297863;1.040896681870951
276;-0.9387843281082986;-0.500246268809011;1.043231441306691
277;-0.9384017926541948;-0.5005037962207646;0.7920991506898017
278;-0.9380930410046187;-0.5015192316888065;0.7964479880707509
279;-0.937856932559958;-0.5018868894158806;0.7985112672176125
280;-0.9376927835122776;-0.5019948069334844;0.8533087564888486
281;-0.9375964196205782;-0.5024892748033977;0.8233539427752968
282;-0.9375643697371872;-0.5027048465211653;0.8250180158166392
283;-0.9375928321639793;-0.5026459626943547;1.0581764018549875
284;-0.9376779264283766;-0.5027838149147947;1.0601076440010488
285;-0.9378152834299074;-0.503072705555178;0.829762298433155
286;-0.9380012070013548;-0.5029389618593066;0.8606105067548084
287;-0.9382299705224909;-0.5029412296512807;1.0655892811619911
288;-0.938496888302512;-0.5030763968123639;0.834116620730857
289;-0.9387971991194932;-0.50301033132118;0.8354783922378973
290;-0.9391265707996594;-0.5028804440355202;0.8181808778378794
291;-0.9394788065812392;-0.5029528547378392;1.0000412070402016
292;-0.9398533510776974;-0.5022953210169389;0.7947874899310878
293;-0.9402442675969962;-0.5023742766327497;1.0751364861849642
294;-0.9406495620940745;-0.5019656814178266;0.8033424191159393
295;-0.9410654176705856;-0.5017847668704521;0.8035012283668453
296;-0.9414854474731165;-0.5020581041300818;1.0074134897618257
297;-0.9419076131152326;-0.5016153972270256;1.0804555928420032
298;-0.9423303329581353;-0.5011862709068152;0.8039216751344087
299;-0.9427493613424749;-0.5012339290666439;0.8295332108355724
300;-0.9431611034421938;-0.5011773742553609;1.0123285207313564
301;-0.9435639140708887;-0.5008351135829244;0.8482457693196683
302;-0.9439569579563096;-0.5003555914735833;0.7956623088090108
303;-0.9443371525791568;-0.5003725716128082;0.833187387038018
304;-0.9447020502948402;-0.5003174976198479;1.0164033543402804
305;-0.9450508571253133;-0.499945518279116;0.8758174592808952
306;-0.9453817169381525;-0.4999326813496524;1.0181405801689394
307;-0.9456936334149337;-0.49975641647618163;1.0189373544219151
308;-0.9459863262429655;-0.4994602470072942;0.8366570802790951
309;-0.9462588427361366;-0.4993528307163465;0.8532504162044335
310;-0.9465116875144611;-0.4989964263308355;0.7957086667726617
311;-0.9467434624629316;-0.4990999380587642;0.8541141621842656
312;-0.9469540558425152;-0.4989953066697129;0.8544931947062309
313;-0.9471436263627123;-0.49885651244889717;0.87875779708181
314;-0.9473131481863128;-0.49862255866493893;0.7954829487299675
315;-0.9474620073592483;-0.49877074384702225;0.8554315236035274
316;-0.9475915372644346;-0.49852141745135803;0.8044186412722167
317;-0.9477017074736966;-0.49863832265563646;1.0956253355613441
318;-0.9477937653291233;-0.4984805596327897;0.8042423268103491
319;-0.9478677928654053;-0.49863585862267057;0.8798061610738378
320;-0.9479249617526615;-0.4986258485426376;1.09653105884764
321;-0.9479663051201488;-0.4986460438942354;1.0967711808846548
322;-0.9479928890784979;-0.4986889462580909;0.8411983364893012
323;-0.9480063070444044;-0.498596909888227;0.7943745093296185
324;-0.9480071498560803;-0.4987925573453573;0.8800460439022374
325;-0.9479967057170169;-0.4988517147544566;0.8800357004553714
326;-0.9479762498915614;-0.4989760813166837;1.0265207652220574
327;-0.9479470866922959;-0.49904427695614895;1.0266092344191362
328;-0.9479105044761265;-0.4990879652645107;0.856718549941021
329;-0.9478679059514244;-0.4991287111386916;0.8414988833561383
330;-0.9478203963498801;-0.4992747618520587;1.0267509132453267
331;-0.947769187096783;-0.4993147513944075;0.8796538146240931
332;-0.9477157510225167;-0.4992780614800378;0.8019768982677367
333;-0.947661087158051;-0.49936758873625053;0.8017714285867379
334;-0.9476061441335248;-0.49945714899289195;0.7922171973627062
335;-0.9475516677515554;-0.49962887138005063;1.0977142347378968
336;-0.947498669697254;-0.49963151307850073;0.7917905920974955
337;-0.9474477319563217;-0.49983291277833225;0.8559695074040478
338;-0.9473997625625323;-0.49979482463759495;0.791369228383419
339;-0.9473552935351913;-0.4999410514396469;1.0974557581073612
340;-0.9473148921062259;-0.5000091586504403;1.0973742025892446
341;-0.9472790217094715;-0.5001075601181129;0.8554763643718519
342;-0.9472481154626708;-0.5000695905766035;0.799942413825836
343;-0.9472224559111958;-0.500182142931356;1.0971061846446755
344;-0.9472022753178386;-0.5002351111650186;0.8403368710596189
345;-0.947187751766787;-0.5002981400220902;0.8549774704421267
346;-0.9471789736071845;-0.5003308725297817;0.8548580526981123
347;-0.9471758048394294;-0.5002867745869746;0.7897006044151758
348;-0.9471782546815162;-0.500354126303751;1.0966371566437054
349;-0.9471862473620423;-0.5003884870139704;0.8772039576935371
350;-0.9471995946574748;-0.5003982764572934;0.8770874471438961
351;-0.947217804216778;-0.5003543252665713;0.7891572166099335
352;-0.947240767111323;-0.5003915297545332;0.8396217206644103
353;-0.9472679171662179;-0.500356459585352;0.7983204252499913
354;-0.9472988674454765;-0.5003505995660995;0.7982276203004642
355;-0.9473335806435259;-0.5003748489993118;0.8539983434327394
356;-0.9473712180746661;-0.5003266110063879;0.7886974257131936
357;-0.9474113288262324;-0.500309600139821;0.7980092952049562
358;-0.9474537663426352;-0.5003043517821617;0.8392683785518367
359;-0.9474977172439338;-0.5002667550920523;0.7979132460651528
360;-0.9475427091772457;-0.5002419237856075;0.7978796282529634
361;-0.947588764601997;-0.5002235292507555;0.8762957777677264
362;-0.947634885477574;-0.5001873940409334;0.788472019305993
363;-0.947681239021706;-0.5001595185434409;1.0245764557102304
364;-0.9477272791725031;-0.5001263678273217;0.8762396202567255
365;-0.9477719939380108;-0.5000992412801922;0.7978442100025005
366;-0.9478149953844075;-0.5000698948286959;0.7884979300205688
367;-0.9478559259226944;-0.5000412169465562;0.7885228927455044
368;-0.9478944606810755;-0.5000134312867339;0.7979149356830193
369;-0.9479302993706129;-0.49998703268254413;0.7979511345056869
370;-0.9479638776285508;-0.49993883955334417;0.853655952261585
371;-0.9479941816198714;-0.4999390852591859;0.7886826322843145
372;-0.948021705678651;-0.49989029897803877;0.8763455196668128
373;-0.9480462338231574;-0.49986845127219537;0.8763773369327728
374;-0.948067640808624;-0.49984657730210746;0.8537333324914751
375;-0.9480850009728494;-0.499866840214428;0.7889137851621972
376;-0.9480990125057394;-0.49981761770668365;0.8764864588540108
377;-0.9481088630583059;-0.4998448139720553;0.7983948624997989
378;-0.9481150766859007;-0.4998108992523369;1.0957141243764474
379;-0.9481180434298409;-0.4997844901916948;1.0245755074925853
380;-0.9481174716928068;-0.4997982339413244;0.8391862517309137
381;-0.9481136893341449;-0.4997827842021937;0.8539162914636107
382;-0.9481068353437636;-0.499780811496203;1.0246041498889706
383;-0.9480966240793789;-0.49980845112562955;1.0957612305222924
384;-0.9480834952307688;-0.49979836269317957;0.876803909638218
385;-0.948067730092597;-0.4997992851564618;1.0246213111977804
386;-0.948049438789824;-0.4998136084795398;0.8540309252992119
387;-0.9480285510326818;-0.4998430742938871;0.839246273606865
388;-0.9480054992340556;-0.4998443739828399;0.8769376188547383
389;-0.9479805035592287;-0.49986008684868544;0.8769661769271226
390;-0.9479537910120874;-0.49987710128814367;0.8769926121963072
391;-0.9479253087258482;-0.49991360307345134;1.0957571366008747
392;-0.9478953944220313;-0.49992747753132005;0.8392396879998326
393;-0.9478636560886478;-0.49998952579714045;0.7994155617373956
394;-0.9478309397253395;-0.4999724147654664;1.0957209658350187
395;-0.9477978329546407;-0.49996939956640907;0.8541240973740937
396;-0.9477641625398894;-0.5000131544328583;1.0956865593906653
397;-0.947730136413337;-0.500033418323863;1.0956665286283125
398;-0.9476962452358937;-0.5000345567533492;0.8771322606603982
399;-0.9476623449174056;-0.5000728824564817;1.0956214101833481
400;-0.9476289783003904;-0.5000680280639437;0.8541151485418279
401;-0.9475958820255683;-0.5001099298570566;1.0955704889320816
402;-0.9475625617963115;-0.5001662811876665;0.7905530555470176
403;-0.9475301080806426;-0.5001247165082686;0.8771762924083919
404;-0.9474986692651485;-0.5001349595207318;0.8540924252858157
405;-0.9474678846235112;-0.5001730742150925;1.095456304222959
406;-0.9474371400236974;-0.5002255865011231;0.7907626167846418
407;-0.947407505736692;-0.5001790971457029;0.877210233591162
408;-0.9473779547001153;-0.5002480468118128;0.8001583627892966
409;-0.9473495457737049;-0.5001990986328133;0.8772324266176603
410;-0.9473219994739315;-0.5002204359705776;0.8389544251598107
411;-0.947294432150205;-0.5002732794971004;0.8003413752405557
412;-0.9472679166980017;-0.5002200222221673;0.8772776100595189
413;-0.9472420122039222;-0.5002436063686907;1.0952136036178648
414;-0.9472169977356226;-0.500228267695105;0.8773179811241048
415;-0.9471924067318025;-0.5002497844621844;1.095155634824708
416;-0.9471673195015939;-0.500293541031092;0.7914673031046542
417;-0.9471428886891919;-0.5002331572527258;0.8773968191680812
418;-0.9471192828481529;-0.5002202284850095;1.0238722560734805
419;-0.9470947889492667;-0.5002949925040076;0.7917583068603984
420;-0.9470706344600326;-0.5002308820141724;0.8774994550977053
421;-0.9470453577246487;-0.5002929762150136;0.7919768221480311
422;-0.9470204081516126;-0.5002196180286655;0.8541618513388728
423;-0.9469940900356844;-0.5002895416237945;0.7922154372669163
424;-0.9469681531374872;-0.5002055542423465;1.0237058908001355
425;-0.9469424698215079;-0.5002018421555434;1.0236778323545257
426;-0.9469150054967066;-0.5002828690489022;0.792610551047731
427;-0.9468868284136158;-0.5002313054435654;1.0948315071999803
428;-0.946856733064674;-0.5002783369687354;0.8020866279963526
429;-0.9468246927473312;-0.5002767148780731;0.7930476707067335
430;-0.946792062279893;-0.5002153524607537;0.8387967742239075
431;-0.9467573659583832;-0.5002740765997273;0.8025296327951785
432;-0.9467229013139099;-0.5001761999491425;1.0234449526678249
433;-0.9466862313402935;-0.5002730519095305;0.7936867707432866
434;-0.9466489363864756;-0.5002069468862143;0.838762933187366
435;-0.9466094059352905;-0.5002735054907682;0.7940251960136093
436;-0.9465695925614948;-0.5001907992038586;0.8783365302546313
437;-0.9465297921410816;-0.5001783586030741;0.8544990005885721
438;-0.9464876643986257;-0.5002772942277804;0.8036632764243006
439;-0.9464433155576804;-0.5002794692009136;0.8038307823755514
440;-0.946398470551325;-0.5002142138163799;1.0942003356870342
441;-0.946351519451667;-0.5002852283166458;0.7950769883230573
442;-0.9463057212650813;-0.5001595967642705;1.0227818856997872
443;-0.9462610768302082;-0.5001591215117751;1.0226760490659457
444;-0.9462169992752445;-0.5001787563753819;0.8544576434870146
445;-0.9461707516182221;-0.5002987812366229;0.7957673232021524
446;-0.9461253790723858;-0.5001798769602556;0.8543811853438452
447;-0.9460780147436272;-0.5003060356207837;0.7960947359288264
448;-0.946028857627965;-0.5003103026926459;0.8052642102471329
449;-0.9459819441501269;-0.5001556177033516;1.0218110574404482
450;-0.9459354682983308;-0.5002279413820829;1.0929004217657599
451;-0.9458873602367913;-0.5003215909233544;0.8056618915910637
452;-0.9458378751716383;-0.5003244922924894;0.7968180606709181
453;-0.9457899032731012;-0.5002060442237191;0.87843529704503
454;-0.9457430803883385;-0.5002306791243337;1.092019259905372
455;-0.9456974889485719;-0.5002304393477226;1.0917576866946423
456;-0.9456553722097892;-0.5001405566873643;1.020146098828489
457;-0.945616680698045;-0.5001362536248417;1.0198364404155222
458;-0.9455813672418006;-0.5001311868565061;1.0195066924628022
459;-0.9455493860008133;-0.5001253607288236;1.0191562184015717
460;-0.9455183170798072;-0.5002182029782669;1.0901677796726976
461;-0.9454882835705609;-0.5002135674143543;1.0897890683717129
462;-0.9454566422270171;-0.5003304418352821;0.8063536068802667
463;-0.9454237513625307;-0.5003258308612194;0.7975469099719881
464;-0.945392676071529;-0.5001970328522126;1.088520837764061
465;-0.9453646871556143;-0.5001314986338237;0.8508124044631079
466;-0.945338454411141;-0.5001833808149965;1.087559724139454
467;-0.945311073260872;-0.5003093634127888;0.7973766582021059
468;-0.9452857738006797;-0.5001675589884185;1.0865014707417573
469;-0.9452654440073243;-0.5000328299698635;1.014378678107087
470;-0.9452468926503448;-0.5001494917651679;1.085342769701775
471;-0.9452331350227507;-0.5000073401424349;1.013118018988543
472;-0.9452214757730394;-0.5001034368592283;0.8301135735133386
473;-0.9452112882423755;-0.5001070581738275;0.8731776348888265
474;-0.9451992556049115;-0.5002614157343713;0.8049210245757321
475;-0.945192211254047;-0.49995197601328517;1.0102699951666017
476;-0.9451872619057367;-0.5000559601789859;0.8274665650299604
477;-0.9451869668113955;-0.49992294369738277;1.0086809962645416
478;-0.9451875541138441;-0.5000572323282662;0.8704128234768064
479;-0.9451858675594728;-0.5002083831163502;0.7950104853835019
480;-0.9451822258597296;-0.5001983326854939;0.7946782082726799
481;-0.9451837426074998;-0.49986464832721733;1.005176228248123
482;-0.9451865055122262;-0.5000135094762302;1.0762072619144867
483;-0.9451940584557543;-0.49983591604393285;1.0032637318819433
484;-0.9452060351156966;-0.49982195578767874;1.002268836479555
485;-0.9452149221732737;-0.5001536339913142;0.8010010506233499
486;-0.9452254764204862;-0.4999325141402782;0.8189735099454118
487;-0.945233362489118;-0.5001280401624426;0.7917786257190268
488;-0.9452423153703747;-0.4999471965463137;1.0702797599508573
489;-0.945256089554831;-0.49975650228078305;0.9969290587660056
490;-0.9452668628041133;-0.5001085817792805;0.7984051003285954
491;-0.9452824504227726;-0.49973308893783475;0.9946342352678232
492;-0.9452980221901299;-0.4999301422518795;0.8594114673204494
493;-0.9453141197829615;-0.49990198730657365;1.0647416281108257
494;-0.9453301701783572;-0.4999180437250286;0.8574972524907483
495;-0.9453431815113955;-0.5000714287978898;0.7953756124986264
496;-0.9453570689363159;-0.49988108839058454;1.061198687727294
497;-0.9453758367976248;-0.49967705382560434;0.9872869615358076
498;-0.9453963020990754;-0.4998033321999008;0.8246460889404559
499;-0.9454180153547174;-0.4998175277499227;0.804507772252257
500;-0.9454411327564687;-0.49979484839256155;0.8223073297205812
501;-0.9454634017441863;-0.4998927459845789;0.850303750990032
502;-0.9454823854632728;-0.5000247119082545;0.7827679322473138
503;-0.9455028504218134;-0.499799749911634;0.7995171194111378
504;-0.945527725986171;-0.49963879039483083;0.9780521676008619
505;-0.9455536233086257;-0.49978321858390284;0.8162683020876265
506;-0.9455757444974447;-0.5000194911648635;0.7876283805049218
507;-0.9455944871370009;-0.5000166955094262;0.7868784692452648
508;-0.9456147585551304;-0.4997865170702386;0.7930877609596892
509;-0.9456363980684197;-0.4997847528409601;0.7917860773535559
510;-0.9456592574837195;-0.4997833577054005;0.7904812475880596
511;-0.9456863286500047;-0.49962140476597927;0.9684367830252565
512;-0.9457140385798207;-0.49978158418410495;0.7878662179460724
513;-0.9457454379268637;-0.4996201128881318;0.9656664307433481
514;-0.9457727375037217;-0.49999210020400814;0.7741269897496066
515;-0.9457981463998696;-0.499897541060847;0.8346957662533561
516;-0.9458200492649209;-0.4999896904449961;0.7726690640336211
517;-0.9458461520261539;-0.49962049639120326;0.9601453765605956
518;-0.9458702823513192;-0.4999038815325393;0.8313276074585841
519;-0.9458909587455355;-0.499988124311611;0.770501138761291
520;-0.9459084786980836;-0.49998828923276456;0.7697855093631649
521;-0.9459230886699007;-0.4999890516876476;0.7690739786211882
522;-0.9459347399169846;-0.5000022906837112;0.7755492093612506
523;-0.9459481875501381;-0.4997863099796277;0.7736434882101584
524;-0.9459632131647749;-0.49978744624729243;0.7723810373426909
525;-0.945979362507913;-0.49979958514411127;0.7915068221256989
526;-0.9459923376618129;-0.49999731199322384;0.7655877319964619
527;-0.9460067830571086;-0.4997923808750361;0.7686377746592604
528;-0.9460222077820618;-0.49980726725284924;0.7879475966495234
529;-0.946034021052822;-0.5000159403480994;0.7705346980066151
530;-0.9460427497450019;-0.500005858042185;0.7629020100049917
531;-0.9460527895826296;-0.49981612925827185;0.7844665563957266
532;-0.9460639501947026;-0.4998193870064537;0.7833252531100954
533;-0.946071529060017;-0.500027533293373;0.7678113779300251
534;-0.946080314150735;-0.49982657238927297;0.7810733078597057
535;-0.946094114260883;-0.4996422023595683;0.9365820833980967
536;-0.9461124293481872;-0.4996449329571033;0.9353687760307715
537;-0.946126177481388;-0.5000390182878915;0.7652085122520574
538;-0.9461443982400535;-0.49965075844618606;0.9329833262625713
539;-0.9461609820897858;-0.49990152701716417;1.0070532145535476
540;-0.9461732981463286;-0.5000335073452489;0.7566869119955504
541;-0.9461827682288932;-0.49999232510330716;0.8075551036348523
542;-0.9461933478626261;-0.4998332601932235;0.751280003308659
543;-0.9462086329474987;-0.49966513032639465;0.9272862539487521
544;-0.9462195238007114;-0.5000458043261867;0.7544308798013407
545;-0.9462313075149074;-0.49984223715054144;0.7481679271541031
546;-0.9462432403388901;-0.49987331839214677;0.7686181627487916
547;-0.9462509356598181;-0.5000545346394141;0.7528306914296263
548;-0.9462590836824084;-0.49988075355980277;0.7667477523601469
549;-0.9462721932118565;-0.4996798312934968;0.9210200452654073
550;-0.9462804519737231;-0.500077549515175;0.7577146813090551
551;-0.9462842493131443;-0.5000806273514272;0.7572017928111301
552;-0.9462867902559787;-0.4999588950679345;0.9941591989769171
553;-0.9462855952163134;-0.5000732248475268;0.749863594051992
554;-0.9462903628141;-0.4996866416174533;0.9163330810826602
555;-0.9462906272145728;-0.5000966520454643;0.7552360000496091
556;-0.946292702383153;-0.4998661791803847;0.738074308247209
557;-0.9462903266198341;-0.5001048006816896;0.7543017596457282
558;-0.9462850688754467;-0.5000699034806322;0.7940123068243925
559;-0.9462821924349157;-0.4998687484578315;0.735706700554402
560;-0.946275433819639;-0.5001005891252711;0.7467555217233617
561;-0.9462659628876435;-0.5000815711202948;0.7920627124343532
562;-0.9462529855171316;-0.5001085974921569;0.7459260209514932
563;-0.9462476662920352;-0.4996811733462634;0.9092368650065822
564;-0.9462392818864234;-0.5000928302668197;0.7902433456008153
565;-0.9462270038937216;-0.500119495623081;0.7447205484930051
566;-0.946222648275538;-0.4996746124639119;0.9072793931906721
567;-0.9462209502996558;-0.49986714089096657;0.7302462623183053
568;-0.9462156410709335;-0.5001046948078471;0.7880171145857945
569;-0.9462180261309129;-0.4996660827504455;0.9055400147426799
570;-0.9462152914841991;-0.5001289446247548;0.7427891036690274
571;-0.9462202951308268;-0.4996590809013623;0.904506850311967
572;-0.9462276157905214;-0.4998557012830014;0.7274977472643487
573;-0.9462304743001058;-0.5001110961587687;0.7855506876512343
574;-0.9462349307652431;-0.4999008497285867;0.7486222163379335
575;-0.9462342108162028;-0.5001247437861747;0.7409050528163148
576;-0.9462369769648901;-0.4998390856909939;0.7256909471729756
577;-0.9462431059646901;-0.499833674513252;0.7252947997762527
578;-0.9462525029249358;-0.49982769938654315;0.7249210098889576
579;-0.9462565866996592;-0.5001132151366078;0.7393793267303954
580;-0.9462631999706961;-0.4998739767702588;0.746127806079748
581;-0.946267361741854;-0.5000203758730918;0.9789090971893635
582;-0.9462664122905999;-0.5001236198397012;0.7441705663056096
583;-0.9462638768008682;-0.5000145236342648;0.9787000043276872
584;-0.9462670788012582;-0.4997777511181506;0.7231418527703324
585;-0.9462685645337636;-0.500007422382801;0.9786104109587294
586;-0.9462676017961156;-0.5000758442928647;0.7805725171283856
587;-0.946265598847482;-0.49999841465542705;0.9786407948088468
588;-0.9462693133964637;-0.49979806206750566;0.7436939470999542
589;-0.9462787128636625;-0.49978482557685666;0.7434484907718095
590;-0.9462938047011754;-0.49977049496547943;0.7432135854715392
591;-0.9463163558712168;-0.4996799469610315;0.7220128212739809
592;-0.9463343255921317;-0.500046997465098;0.7394763844354724
593;-0.9463492996827839;-0.5000048171850914;0.732861615700253
594;-0.9463635141086073;-0.49999118379385876;0.7780541850949786
595;-0.9463758429849715;-0.4999753293688862;0.7316028178375067
596;-0.9463888070035289;-0.4999036059941562;0.9802660413457196
597;-0.9464027639341647;-0.49988835806904436;0.980596049747881
598;-0.9464150264361441;-0.4999583868014626;0.7355643786622577
599;-0.9464295603057715;-0.49989394353430294;0.7763513209997598
600;-0.9464567245300288;-0.499531280844813;0.741212014318771
601;-0.9464824180559809;-0.4999010068355665;0.7330728344390498
602;-0.9465219421244153;-0.49945783601941773;0.7408160801462691
603;-0.946577266389843;-0.4993286055817192;0.7219946102865409
604;-0.946635676710901;-0.4997445576991571;0.7742534482185041
605;-0.9466961116140193;-0.4997020983504037;0.9842677746346513
606;-0.9467592491026371;-0.4996684052076853;0.9848484994210341
607;-0.9468418263813095;-0.499131814965445;0.7223277886495598
608;-0.9469236704379613;-0.4996740775179012;0.7251515625691392
609;-0.9470089728246646;-0.49955349086066847;0.9867348703526501
610;-0.947102311024995;-0.49946922670799637;0.7707371457096213
611;-0.9472173833870641;-0.49897546724872477;0.7384247080863775
612;-0.9473543022661957;-0.49890339938706774;0.738054789806913
613;-0.9474999986362924;-0.49928198791035827;0.7683709671310139
614;-0.9476753287883252;-0.49841935490579636;0.9074928852957029
615;-0.9478597910833841;-0.49913302957231986;0.7665113270556954
616;-0.9480547817948687;-0.49905144668993273;0.7654893821830898
617;-0.948254254495409;-0.4990922678659804;0.9926337314950323
618;-0.9484564370169419;-0.49906528803750777;0.7059967338099697
619;-0.9486623996386634;-0.4989860976551622;0.703421563765182
620;-0.9489013901803136;-0.49806318800326044;0.7235204072174423
621;-0.9491565200292431;-0.49858049076143374;0.7594096336400837
622;-0.9494289023243253;-0.4984715301195536;0.7580036060236612
623;-0.9497077415010305;-0.49860126934826743;0.997699836352725
624;-0.9500067279904092;-0.4982396679423158;0.7550241042082199
625;-0.9503130478034202;-0.49841023845853755;0.9995352562341437
626;-0.9506255187347393;-0.4983279169565735;0.6818111894232869
627;-0.9509770693908357;-0.4970800199515999;0.9151922845408228
628;-0.9513678600528883;-0.49702988388337876;0.7247362329713269
629;-0.9517960157008376;-0.4968868114153736;0.7250400808600848
630;-0.9522435167187843;-0.4974435133031816;0.7453136238561572
631;-0.9526930076221937;-0.4976836317450486;0.6556908170272437
632;-0.9531440462813952;-0.4976344804815979;0.6596160204913579
633;-0.9536274126177562;-0.49634140035128144;0.9208525223696412
634;-0.9541107256853537;-0.4974368136711771;1.010081518327282
635;-0.9545959889703941;-0.49727372975385276;0.6484882996825811
636;-0.9550860876103847;-0.49707901477387995;0.6367501878388595
637;-0.9555781480626707;-0.4971176820103135;1.0152333857753355
638;-0.9560766340365672;-0.4968493381909907;0.6298490610170088
639;-0.9566043772798429;-0.4956613525716509;0.9306243042044906
640;-0.9571337667818296;-0.496707395601807;0.6323225524930085
641;-0.9576897681736536;-0.49582121639404275;0.7341374328023471
642;-0.9582465978533826;-0.49641220508803285;0.6183514042613933
643;-0.9587985983285156;-0.49654926721627257;1.0297406169994119
644;-0.9593868670807109;-0.4947583421527484;0.7313457477355486
645;-0.9599852109305125;-0.4951467581462271;0.9467320800745368
646;-0.9605688448171654;-0.496308926936554;1.0394115966081696
647;-0.9611755580892113;-0.49446048437526824;0.7370181754375238
648;-0.9617777533449292;-0.4950192073971551;0.9573449036165338
649;-0.962388535060326;-0.49434820357731546;0.7418111493643968
650;-0.9629965678059436;-0.4943636952488503;0.7578953637012077
651;-0.9635792977123219;-0.49502852401411546;0.9693922345016568
652;-0.9641476012362313;-0.4943731734606276;0.7503513729649418
653;-0.964689430491539;-0.4949124605861814;0.7522948016270234
654;-0.9652009852752992;-0.49456967859876644;0.7708071986727582
655;-0.9656762235224744;-0.49465111532102;0.7602250432644893
656;-0.9661050399529051;-0.4960285995716943;1.0807381176229445
657;-0.9664936501712886;-0.4958245020096371;0.6262374261951563
658;-0.9668423943197212;-0.4953994109616243;0.7686234541528019
659;-0.967145093725817;-0.4953670798566774;0.7887865155779827
660;-0.9674132285724928;-0.49621231669735555;1.0986013863040722
661;-0.9676329942525084;-0.49581443320420243;0.7963828137641927
662;-0.9678007785422389;-0.4960538407986844;0.7865039663419572
663;-0.9679369956914072;-0.49642322800484906;0.6401051400573983
664;-0.9680451463253041;-0.49656611955027985;0.6304523203805241
665;-0.9681099911227959;-0.49684886053780064;0.7947023104937596
666;-0.9681538214320555;-0.49686383390260547;0.6483382772088155
667;-0.9681924056665487;-0.4968420962131468;1.1275952463412193
668;-0.9682097951451608;-0.4972933960023084;1.0442297388515056
669;-0.9681763895319302;-0.4980702737630641;0.8145705463814418
670;-0.9680962517560231;-0.49830533982529823;0.8322119593255739
671;-0.9680040602720652;-0.49781159274033915;1.055890551284286
672;-0.9679247657772841;-0.49734737736623835;1.145326269539701
673;-0.9678411578110913;-0.4979417760377728;0.6685525213283419
674;-0.9677113555032903;-0.49939825051666553;0.848264364287491
675;-0.9675811375316046;-0.4982252385664665;0.6742442476515518
676;-0.9674712239070278;-0.49771082904911634;1.1573235012880545
677;-0.9673596399205134;-0.4984883701129324;0.6797750190428348
678;-0.9672110507030196;-0.4999050196293515;0.8407764491611822
679;-0.9670852632356748;-0.4979569159895704;1.1649071566639797
680;-0.966954759467037;-0.49905573449670937;1.0848803427953149
681;-0.9667871503339438;-0.500425753269008;0.8495056483189491
682;-0.96657042560985;-0.5012283263014444;0.8621408891109359
683;-0.9663603910597998;-0.49917662821862474;0.6817774582224956
684;-0.9661574313173235;-0.4992620061466128;0.697057504911008
685;-0.9659859627924338;-0.4983768813036129;1.1760849135004636
686;-0.9658176006617911;-0.4996427894622612;1.097815249542209
687;-0.965603378315079;-0.5020034375951928;0.8755040631081484
688;-0.965426238128418;-0.49855452697627195;1.179551732013702
689;-0.9652131142633744;-0.5019933986788054;0.896380465817641
690;-0.9650159632093869;-0.4997397554420266;0.6956131998858367
691;-0.964833421664783;-0.49998097228809213;1.1039781142860077
692;-0.964693577045302;-0.49872179255482674;1.1819324542456457
693;-0.964567287332791;-0.5000720486838536;1.1052396568665748
694;-0.9644112621675325;-0.502353607001668;0.9050452605593173
695;-0.9642764796280505;-0.4999498061832839;0.7152812414011777
696;-0.9641111195473322;-0.5027117694583929;0.8895635254648935
697;-0.9639262780705689;-0.5024617953071627;0.9082404161453994
698;-0.9637338256463227;-0.5019878280907972;0.875662488549989
699;-0.9635360425326058;-0.5020074663058594;0.8759236137005922
700;-0.9633197965288496;-0.5028425234802252;0.8916405354960789
701;-0.9630943464356457;-0.5025625185161204;0.9101360424821285
702;-0.9629080531791033;-0.5000459199125452;1.1026071711848613
703;-0.9627206279455113;-0.5020274430022272;0.8755726956150445
704;-0.9625717755590636;-0.4999448900689962;1.100117832559882
705;-0.9624602444774873;-0.4997138656594632;0.7226565364907167
706;-0.9623839573987382;-0.49962899841054065;0.7114838465417826
707;-0.9623677427294245;-0.4982257307705054;1.1687816467345753
708;-0.9624057521529978;-0.498165349923299;1.1666572825277732
709;-0.9624920800146938;-0.4981166638697827;1.164392764092457
710;-0.9625552848735612;-0.501737829590999;0.8696351829845315
711;-0.96259077796137;-0.5022179604800405;0.9023582589085023
712;-0.962647678265768;-0.4992885968034736;0.712714659237345
713;-0.9627227716093643;-0.4992739829129995;0.7233224438565775
714;-0.9628391745538015;-0.497883247316233;1.1511955247722168
715;-0.962964450473776;-0.49934680215310856;1.0746785702172803
716;-0.9630989701349859;-0.49914253842952216;0.7226317292693762
717;-0.9632647243912715;-0.4978175011916048;1.14208266945001
718;-0.9634341558309473;-0.49908404467422635;0.7219678842669719
719;-0.9635684609805265;-0.5016121785923988;0.8843316256798174
720;-0.9637088600375379;-0.4990395232421671;0.7211851870298401
721;-0.963875048366043;-0.49781837577380394;1.1291587845998994
722;-0.9640398828876511;-0.49918111275208976;1.0513949774873952
723;-0.9641659424608671;-0.5016920765940068;0.8561706780449655
724;-0.9643158355722872;-0.49787146907215774;1.1192751082390462
725;-0.9644683960166058;-0.49898978402704897;0.7189649771101304
726;-0.9646239806056061;-0.4989371504334882;0.7095627534123179
727;-0.9647773852434689;-0.49919027909099634;1.0339199612710743
728;-0.9649044239380149;-0.5010859865821021;0.8567459540958562
729;-0.9650108941567441;-0.5007569597438456;0.8323831995436406
730;-0.9651199573901589;-0.49921909307252993;1.0237478925484487
731;-0.9652313795598044;-0.4992300413926475;1.020458344212367
732;-0.9653191251568404;-0.501258629487918;0.8309370347767422
733;-0.9653868884483752;-0.5012255408113737;0.8282322075623118
734;-0.965443732961458;-0.5008756916291423;0.8376170542009271
735;-0.9655151750912118;-0.4989950541188035;0.7151849967894459
736;-0.9656110811427568;-0.4981776412306133;1.0832188681740074
737;-0.9656969427529281;-0.5007937433186203;0.8284667604866471
738;-0.9657905820669344;-0.49925014733060213;0.9993239235159774
739;-0.9658982175766815;-0.4988990014681295;0.7065362480138986
740;-0.9660184353501322;-0.498944885776201;0.7142143451779782
741;-0.9661442906370333;-0.4992441566607031;0.9914518552136563
742;-0.9662815786557923;-0.49892763067982354;0.7140113211118524
743;-0.9664297350981441;-0.4988670818005836;0.7063531719055829
744;-0.9665813233614919;-0.49923626870746235;0.9843864295309149
745;-0.9667214703546796;-0.5007193229978842;0.8001446230231684
746;-0.9668660399506837;-0.4992217443219449;0.9801346125537279
747;-0.9670254882290732;-0.49835431096519833;1.0595095615022883
748;-0.9671928112828552;-0.49886226962833946;0.7138751413499522
749;-0.9673498590389162;-0.5004767088091786;0.7930730232694767
750;-0.967498154908802;-0.5004163261870764;0.7914924395273605
751;-0.9676422217948025;-0.49999268740638725;0.7989030843884037
752;-0.9677892914536295;-0.4991368028914447;0.9694669986717649
753;-0.9679295937897872;-0.500246813543591;0.7871635135628575
754;-0.968066846603802;-0.4999647197395768;0.7885663601809765
755;-0.968211687969627;-0.4987068541109496;0.7140896321844321
756;-0.9683527645279263;-0.49976421014553346;0.79490152591142
757;-0.968490387686526;-0.4997226855768876;0.7942001522309758
758;-0.9686222840455532;-0.5000037991044584;0.7811390481213896
759;-0.9687607214256311;-0.49857125419643866;0.7070437926613937
760;-0.9689002283352451;-0.4989478092541425;0.9591596821354287
761;-0.96904608723334;-0.4983123823507343;1.04207730906713
762;-0.9691866440565688;-0.4996640430667894;0.7774974262871783
763;-0.969322177189831;-0.499640714166124;0.7763790298087687
764;-0.9694515032280425;-0.4997936465156112;0.7754116756988383
765;-0.9695765051429575;-0.49961045511473695;0.7742908755370478
766;-0.9697026221208167;-0.4988913386913313;0.9533932774785886
767;-0.9698297859183751;-0.49888787911311094;0.9525440762016042
768;-0.9699540396456574;-0.49944182252948627;0.7876870168018185
769;-0.9700823834223314;-0.49857276408281853;0.7131932156024339
770;-0.970207979688243;-0.4994263033664997;0.7866305062696662
771;-0.9703313402856463;-0.4994217266936415;0.786109168081029
772;-0.9704567001850695;-0.49891180319246486;0.9486506319063112
773;-0.97058045173984;-0.49941714629975775;0.7850782747350178
774;-0.9707067352793683;-0.4989317229006278;0.9472322537165475
775;-0.9708297489533485;-0.49967189124553874;0.7676370256859721
776;-0.9709503088378297;-0.4995769740313951;0.7656616461733388
777;-0.971077294332357;-0.49856881831564537;1.0304599089206368
778;-0.9712019274220389;-0.4995843047588371;0.7645150529645284
779;-0.9713270639705152;-0.49941995904632;0.7820714398367311
780;-0.9714580903949898;-0.49874386754689276;0.7104429280540203
781;-0.9715945890838739;-0.4987615406916355;0.710132127209521
782;-0.9717361338748819;-0.498781375193874;0.7098160947718263
783;-0.971875155682195;-0.49964855923205853;0.7634488284960355
784;-0.9720196666661329;-0.4987283576038695;1.0264269875481504
785;-0.9721674269603748;-0.49903658183149097;0.9405001953976235
786;-0.9723147075349842;-0.4994146136844837;0.7787838241878831
787;-0.9724658508443595;-0.49887247469854423;0.7081998170052396
788;-0.972613854509583;-0.4996094776346974;0.761389457041761
789;-0.9727582120264073;-0.4995798443399305;0.7600848572048312
790;-0.9729065975146247;-0.49884090933969666;1.0233253983792059
791;-0.9730539299188551;-0.49938988690744524;0.7766789236895674
792;-0.9731969471466404;-0.4995651128477766;0.7594042858737844
793;-0.9733357313626539;-0.49956081627428506;0.759223853036735
794;-0.9734768427716077;-0.49906777533849533;0.9361831401217064
795;-0.9736201340683384;-0.4989528973751267;0.7057214867462588
796;-0.9737614459752126;-0.4993612689993788;0.7748180364865165
797;-0.9738982998546204;-0.499532675936808;0.7587929663803222
798;-0.9740307802111585;-0.49952716269543707;0.7585852328336814
799;-0.9741650199055689;-0.49896278129709754;0.698323877394857
800;-0.9743001540531446;-0.4990775946978523;0.9337922848772491
801;-0.9744325856991954;-0.49934947988341416;0.773183053777244
802;-0.9745655940299852;-0.4990148258685301;0.7038194668067113
803;-0.9746932945567824;-0.49951525748229797;0.7577487454771471
804;-0.9748215975097207;-0.4991036378344339;0.9323446582628254
805;-0.9749504678779065;-0.4990344280864863;0.6969508379872071
806;-0.9750740484060063;-0.4995215693381678;0.7573891369461451
807;-0.975192780748751;-0.49952601546991326;0.757289801095414
808;-0.9753127396191803;-0.499060023024784;1.0153731463274558
809;-0.9754334414887262;-0.4991162083982683;0.702140220994284
810;-0.9755496460730524;-0.49954473892778206;0.7570468395105567
811;-0.9756669431843789;-0.4991507387064018;0.701689992661069
812;-0.9757826079968324;-0.4994156114961735;0.7701521380519125
813;-0.9758994888323456;-0.49918537289513865;0.7012501884913891
814;-0.9760179683681722;-0.49922505579485843;0.9290178102632497
815;-0.9761374980161954;-0.49921998430291104;0.700820051986168
816;-0.9762585351830046;-0.49925249930426185;0.9283853295018115
817;-0.9763807131998254;-0.49922346986105903;1.0115817912885168
818;-0.9765042650241329;-0.4992788770230998;0.9277630927824096
819;-0.9766287123346974;-0.4992577258787088;1.0107357755260487
820;-0.9767478893071917;-0.4996706960102736;0.760586747113292
821;-0.976868187825035;-0.4993133951991898;0.699587807031713
822;-0.976987597865647;-0.49949436998377145;0.7678365735711232
823;-0.9771082132530855;-0.4993218488604829;0.6935923327973275
824;-0.9772296023570511;-0.49934626059219434;0.6990046516070372
825;-0.9773522784117468;-0.4993453014688839;0.9256738459535659
826;-0.9774759381663116;-0.49935143745749;0.9253864349083961
827;-0.9775980392518847;-0.499507444150901;0.7668160666361404
828;-0.9777185745173034;-0.49950812606368133;0.7666208423930528
829;-0.9778391155473258;-0.4993698285457792;0.6926495884559232
830;-0.9779543824598991;-0.4996843215764054;0.7629469838770676
831;-0.9780697565393274;-0.4993790191157897;0.6923429027417858
832;-0.9781847559541191;-0.499395214370854;0.6975199460780817
833;-0.9782991961599052;-0.4993850281677198;1.0048559280401816
834;-0.9784128212200036;-0.49939004022654054;1.0044363070244624
835;-0.9785224699648636;-0.4996063080672693;0.7572984237828736
836;-0.9786300199912511;-0.4995067649335147;0.7650988093208678
837;-0.9787365065459431;-0.4994046016970419;1.0031707951900755
838;-0.9788416902185564;-0.49942038409707534;0.6963878172457114
839;-0.9789413764930792;-0.4996731134854968;0.7652364977121948
840;-0.9790406263691851;-0.49940166939505115;0.9214701760644214
841;-0.979137533707576;-0.4995148193610229;0.764111741267484
842;-0.9792292592563954;-0.49967606147388344;0.7659399036853892
843;-0.9793199748307382;-0.4994477802327927;0.695355740442055
844;-0.9794095588969705;-0.49945439764706456;0.6951344710047058
845;-0.9794970162664789;-0.49953177660274917;0.7632519879667219
846;-0.9795834261582735;-0.49945987641227363;0.6897457058825046
847;-0.9796663568715095;-0.4996261850046918;0.7576257392597983
848;-0.979748422079372;-0.499476651547489;0.689314837223765
849;-0.9798262031035849;-0.4996994788458371;0.7673345428101921
850;-0.9799025119341893;-0.4995642468151765;0.762050370315731
851;-0.9799751619188395;-0.4997086797718731;0.7676571816986117
852;-0.980047626014682;-0.49951385097267864;0.9964584519542024
853;-0.9801178483888737;-0.4996595310071495;0.7574393517597181
854;-0.9801860663623794;-0.49966519135907095;0.7573807376025707
855;-0.9802524930007407;-0.4996707297750547;0.7573143313064179
856;-0.9803173172965676;-0.49967607345879606;0.7572402427794385
857;-0.980381738516314;-0.49961274782035103;0.7600993838602258
858;-0.9804466150558222;-0.49955690957692683;0.6867568474105394
859;-0.9805099386786129;-0.49969048287173995;0.7569733709450402
860;-0.9805718610181728;-0.4996945738748746;0.756870174679541
861;-0.9806317766953776;-0.4997461218172172;0.7687453931081101
862;-0.9806915104355367;-0.4996402273995529;0.7585256224185835
863;-0.9807517232576033;-0.4995888819889469;0.9909490849851621
864;-0.9808122855187728;-0.49959171817912384;0.6849356068047909
865;-0.9808731299543612;-0.49958548624898114;0.9129150717758773
866;-0.9809331282424818;-0.49965650828436886;0.7571771829434876
867;-0.9809929101911423;-0.4996094319428854;0.9888389488595446
868;-0.9810509477523006;-0.4997145320809355;0.7558218866778913
869;-0.9811086243866436;-0.4996231317066996;0.6876454965398785
870;-0.9811657892948613;-0.4996238787549115;0.9872270465311911
871;-0.981220642698709;-0.4997513196560238;0.7690875297562257
872;-0.9812750641234884;-0.49962375875319975;0.9100244590354819
873;-0.9813276636723294;-0.49972065692489986;0.7549983572003175
874;-0.9813785233543109;-0.49972197303310695;0.7548204930724571
875;-0.9814282038809254;-0.49968530465217686;0.7539225245658201
876;-0.9814771107304175;-0.49965448669006796;0.6850649977919204
877;-0.9815242524587905;-0.4997271475971883;0.7542623337747079
878;-0.9815705805348451;-0.4996601722369792;0.6801716967582899
879;-0.981615546106968;-0.4997001611360926;0.752395108938916
880;-0.9816595083939392;-0.4996734315345559;0.9816896660180743
881;-0.9817014928443905;-0.4997583276703186;0.768881311165096
882;-0.9817425043554666;-0.49968589189526036;0.9805504183198512
883;-0.9817824780608326;-0.49969417055821985;0.6823758362655522
884;-0.9818211083141481;-0.49972497804470467;0.7504194868163263
885;-0.9818584420338321;-0.49973072157856263;0.7500154564226702
886;-0.9818943423978593;-0.4997583655107608;0.752375503482432
887;-0.9819291057822008;-0.4997426626994743;0.7491984967681034
888;-0.9819626484073982;-0.4997681630551143;0.7519141877291144
889;-0.9819953465070049;-0.4997340924855383;0.6761118803126579
890;-0.9820271397860665;-0.49974295281688474;0.9758743292323361
891;-0.9820580018284752;-0.4997478028315351;0.9013774604893938
892;-0.982087837621634;-0.49979908569273424;0.7681322075400315
893;-0.9821167939557476;-0.4997653213644113;0.9740701906904516
894;-0.9821449244805068;-0.499798925767846;0.7504444410927495
895;-0.9821721850519833;-0.4997782881405026;0.6738054191460455
896;-0.982198513405187;-0.4997863607792543;0.972239196468041
897;-0.9822238210553852;-0.4997917225588273;0.8983935291398459
898;-0.9822484475415032;-0.4998174537396318;0.7493999604301402
899;-0.9822719752459206;-0.49980531771293824;0.8973739048548878
900;-0.9822943239478799;-0.49981207289226154;0.67184838255234
901;-0.9823154299799899;-0.49981920171667615;0.6750558845278228
902;-0.9823359368124502;-0.49983285462576377;0.7483119225976794
903;-0.9823550718893622;-0.49983137000486183;0.674218721759293
904;-0.9823726684337004;-0.4998371476996498;0.6702685522131678
905;-0.9823897205042906;-0.49984253015196495;0.7474717254994319
906;-0.9824066498631941;-0.49984431748841696;0.7665387135144904
907;-0.9824218054311364;-0.4998544283071821;0.8931844721552146
908;-0.9824350629254539;-0.49986001394155194;0.6686817499655693
909;-0.982446395774476;-0.499865139630245;0.6716959997324028
910;-0.9824556279677213;-0.4998717907518786;0.8915713687746434
911;-0.9824626515076647;-0.49987816211046554;0.8910287449002088
912;-0.9824684119006033;-0.49987231527792764;0.738179083543002
913;-0.9824728865486908;-0.49987694571330493;0.7377163014078291
914;-0.9824770415801407;-0.4998677358530379;0.7448549450940048
915;-0.9824808957272773;-0.49987063382441055;0.744556733873097
916;-0.9824819428029479;-0.4999124536296068;0.6654971431101928
917;-0.9824802510279008;-0.4999180824498743;0.8877206275051113
918;-0.9824756325186058;-0.49992727501530654;0.6646987116100371
919;-0.9824681990736082;-0.4999333424180119;0.8865977067149406
920;-0.9824608766785601;-0.4998869831182442;0.7430464040632341
921;-0.9824505590779764;-0.4999492494905578;0.6666164067917734
922;-0.9824415329534548;-0.4998740430889955;0.7642090572287497
923;-0.9824327132178503;-0.49989806373732687;0.7421254454312372
924;-0.9824251962731104;-0.49987846515165113;0.7638963805500593
925;-0.982417778249901;-0.4999050834070583;0.7415057287567651
926;-0.982406410780297;-0.4999939577093652;0.6614897431924991
927;-0.982395332575926;-0.4999120634875376;0.7408816953067174
928;-0.9823807420326545;-0.4999992696817917;0.9511726061822239
929;-0.9823627151093777;-0.5000070704690956;0.9504668466710507
930;-0.982343388594938;-0.4999677635114967;0.7296408050048733
931;-0.982319974273069;-0.500037465056908;0.6594697558558973
932;-0.9822925333641268;-0.5000473174600673;0.659064165159363
933;-0.9822611114713011;-0.5000577327427694;0.658657916073475
934;-0.982226374363958;-0.5000559647412586;0.8778532070241689
935;-0.9821879500347958;-0.500072709771614;0.6605998385587375
936;-0.9821455570725712;-0.5000915255429844;0.6574344523063769
937;-0.9820994968382399;-0.5000957201887246;0.6597281538184316
938;-0.9820531098011245;-0.5000227191066694;0.7256996252996615
939;-0.9820107375616165;-0.49991107606673524;0.7614489769917365
940;-0.9819701775696874;-0.4999648291625607;0.7367194615500408
941;-0.9819255855411684;-0.5001217574633581;0.9417683888435346
942;-0.9818761674628638;-0.5001517901788115;0.6575269370884949
943;-0.9818228085369983;-0.5001457485204241;0.8723372947377719
944;-0.9817687210203436;-0.5000647472701129;0.7226689674658049
945;-0.9817095779565792;-0.5001865598996017;0.6561882578792
946;-0.9816497383020353;-0.5000797700900367;0.7216419211139988
947;-0.9815856933893508;-0.5001863319827697;0.8698160845108382
948;-0.9815208812741762;-0.5000955884802623;0.720605125704583
949;-0.9814516960557154;-0.5002032935005738;0.9357234363527508
950;-0.9813816617810152;-0.5001122484986089;0.7195575270695993
951;-0.9813140620629976;-0.5000178099444204;0.7329995487688094
952;-0.9812413843901706;-0.5002400637276675;0.8665982846272545
953;-0.9811621754726083;-0.5002888059862286;0.652524180863781
954;-0.9810855498097775;-0.500037617997236;0.7319333772098265
955;-0.981003626462307;-0.5002746741444746;0.8646281715410196
956;-0.9809164612136848;-0.5002834448534914;0.9302656165184425
957;-0.9808241272450766;-0.5002962241449272;0.9294719489040068
958;-0.9807375904033129;-0.49997638350564;0.7579243628639217
959;-0.9806427622662093;-0.5003909340139089;0.6475489739201241
960;-0.9805402695057905;-0.5003941472300233;0.6491457680897753
961;-0.980443933742257;-0.4999970982444848;0.757267084497676
962;-0.9803530914039866;-0.5000050715178175;0.7570380166091629
963;-0.9802529584561416;-0.5004441567282798;0.6476244359495011
964;-0.9801548917854217;-0.5001283589379946;0.7281050688109438
965;-0.9800499889556297;-0.500406778094284;0.8577899271006852
966;-0.9799356330479749;-0.5004958201029942;0.6460457402050279
967;-0.9798191468821176;-0.5003052565279356;0.7099839570730226
968;-0.9797003647582904;-0.5003197926917671;0.7093663773481396
969;-0.9795750279797273;-0.5004664949679215;0.8549061689236555
970;-0.9794473993997355;-0.5003496508751799;0.7081055218103702
971;-0.9793092753620793;-0.5006043137540626;0.6415066331665253
972;-0.9791691168381824;-0.500380776797919;0.7068070038748702
973;-0.9790266891571312;-0.50039683315697;0.7061422267122064
974;-0.978886969790915;-0.5002545914737002;0.7235873903041565
975;-0.9787395365978053;-0.5005675805616128;0.9143985531422718
976;-0.9785945414111129;-0.5002828439728195;0.7225578987395694
977;-0.9784514487485544;-0.500297266691219;0.722023206119363
978;-0.978314287383746;-0.5001718572707956;0.7522986715327027
979;-0.9781679778764575;-0.5006280078645499;0.8471672783688369
980;-0.978027277926717;-0.5001969769337304;0.751496748311969
981;-0.9778719108532282;-0.5007917088603325;0.6368169626722082
982;-0.9777021236009016;-0.5008241766823787;0.6346564012993907
983;-0.9775187103868002;-0.5008343383245049;0.6353468782622855
984;-0.9773268887255762;-0.5007179541643482;0.9061008981337988
985;-0.9771427437918709;-0.5002595438669795;0.7491818749480852
986;-0.9769538804570823;-0.5006175505838468;0.6962559214830445
987;-0.9767562228471525;-0.5007640951350094;0.8402301068708269
988;-0.9765657533224775;-0.5002984499429106;0.7475378112409974
989;-0.9763589739984644;-0.5009777679218034;0.630434759203726
990;-0.9761537722082383;-0.5004990702142291;0.7134427210567149
991;-0.9759391227559321;-0.5008374270099739;0.8364147287918009
992;-0.9757152816628701;-0.5008564804844062;0.8354167929317879
993;-0.9754990952960598;-0.5003671347322878;0.7442618219394626
994;-0.9752648906500195;-0.5011123771741935;0.6245088393583054
995;-0.9750385453201806;-0.5003956996171104;0.7427285443347902
996;-0.9748128110744222;-0.500604115095374;0.7080226716787599
997;-0.9745679327712697;-0.5011813681127056;0.6223438880902379
998;-0.9743308336587586;-0.5004412500289418;0.7401465930545696
999;-0.9740832552740619;-0.5009903711654178;0.8278397206172529
1000;-0.9738256428568879;-0.5010094954137692;0.8266610404940962
