0;-0.5044254967408709;-0.509521973861793;0.5870476454650443
1;-0.5054221783296418;-0.5040092356656249;0.42895474815791435
2;-0.5070310292911582;-0.5033471339992486;0.4080096697019965
3;-0.5099272131163903;-0.5039265071019694;0.4068918907730261
4;-0.5131161836173121;-0.5029220983413613;0.3858851946874359
5;-0.5160221290337139;-0.5044627235568754;0.45426806823425725
6;-0.5184160613001101;-0.502279698937204;0.3663116355468984
7;-0.5201714683179515;-0.5033302221282256;0.42535547804895335
8;-0.521214372753213;-0.5016352198633357;0.31729212643996607
9;-0.521523085187992;-0.5033494790669543;0.39994841061747066
10;-0.5210877554186757;-0.5038767740119525;0.38862293979197515
11;-0.5199120375032126;-0.5047602538344658;0.3782392678148695
12;-0.518012534115361;-0.5061217412434724;0.33969481855314687
13;-0.5154126704197096;-0.50875366380005;0.27606845909571553
14;-0.5121608738895468;-0.5088761261718018;0.3987905168615872
15;-0.508312747286795;-0.512389542349473;0.3151837502859627
16;-0.5039237836331614;-0.517065240968297;0.26248626017288956
17;-0.499071660263644;-0.5203956958564694;0.25973543417974354
18;-0.4938549072256037;-0.5198491055938094;0.32815632042643583
19;-0.48835133751647514;-0.527637207384643;0.2566975997338301
20;-0.4826622608347013;-0.5314493136419003;0.256323982608336
21;-0.47690131731029606;-0.5287306061451262;0.3315203354932955
22;-0.471157031803942;-0.539150912962571;0.2576287026464408
23;-0.46553916133150497;-0.5360245699487431;0.31975396996260574
24;-0.4601305587700976;-0.5465451152013517;0.26134312833425233
25;-0.4550266223184367;-0.5510756990322498;0.2631877602917595
26;-0.45028572553450463;-0.5437718246658841;0.330587476146595
27;-0.4458973043628928;-0.5497569866461153;0.32722580373182764
28;-0.4419495524787643;-0.5475866321295142;0.3398999298161103
29;-0.43849247295131655;-0.5621199093203816;0.27804422313142574
30;-0.43545221075512275;-0.5476286137717635;0.36799410418252465
31;-0.43288311476249913;-0.5648450603280188;0.2885319391666168
32;-0.43077666475659987;-0.5669885328551221;0.29290547663275357
33;-0.4291007477926671;-0.56727927870482;0.29937487761465587
34;-0.4276736056901079;-0.556844411723367;0.3846709431036841
35;-0.4265082291617656;-0.5484754132421145;0.40113514451296206
36;-0.42557419879886266;-0.5480303197818591;0.4086609777468042
37;-0.4248494988981752;-0.5474612837530789;0.41645675080095756
38;-0.42431865600691643;-0.5467970516609257;0.4245095597207641
39;-0.4241424924216591;-0.5684548061527849;0.33780065514517166
40;-0.4242207026716828;-0.5654799659294869;0.3739621488003443
41;-0.42465948025750117;-0.5677214070637278;0.3510806755738013
42;-0.4254391976907267;-0.5665682847653067;0.35974984291234235
43;-0.42633724142847945;-0.5420356366629728;0.4681209349594717
44;-0.42737531181556865;-0.5438451969831308;0.4587341332134278
45;-0.4287256045194432;-0.563718791161089;0.38194677193772586
46;-0.4303547940334449;-0.5622063569673129;0.3914662756966717
47;-0.43222959684279005;-0.560857580866295;0.3998343301306245
48;-0.43431387975176816;-0.5594343118411345;0.4083831649656112
49;-0.4365408791560774;-0.5534963236929648;0.45277725451129236
50;-0.43894023156278195;-0.5563692693255855;0.4260411900357908
51;-0.4412281854177448;-0.5313818461204572;0.5459851364459485
52;-0.44364055432650684;-0.553087746567817;0.44446773174520005
53;-0.446182991138451;-0.5479237405932958;0.4794851112414843
54;-0.4488102745335321;-0.5496606869762607;0.46365741722299336
55;-0.4515992238562785;-0.5500084951936621;0.4710375121654302
56;-0.4544260246723495;-0.5460895033630575;0.4835433623397153
57;-0.45738001566380015;-0.5462651968946044;0.4887564530507825
58;-0.4603298580423357;-0.5424577872285594;0.5021755950357212
59;-0.46325839068704766;-0.5406587391609604;0.5125128066216538
60;-0.4662164357061739;-0.53516550777438;0.5384908992822135
61;-0.4691282882032952;-0.5371771768800133;0.5351963136284978
62;-0.471794465797467;-0.5173577926918544;0.6362451170655401
63;-0.47422896158254413;-0.513564145146724;0.663476573485819
64;-0.4764644566438915;-0.5123760860154378;0.6723371991978356
65;-0.4787465451220735;-0.525531097069218;0.5866069964191867
66;-0.48100217039085924;-0.5294239445186258;0.5866104865202284
67;-0.483203272863042;-0.5280691169926759;0.5965563076069076
68;-0.48532231245973245;-0.5268361249981015;0.606332657632306
69;-0.48738534500272934;-0.5186007469094268;0.6251245213781409
70;-0.48931835481572034;-0.5246974219632673;0.6253047197688422
71;-0.49099813221675936;-0.5056812484207838;0.727831574489686
72;-0.49244533610793484;-0.5050846445714786;0.7348027548747467
73;-0.49374919740017664;-0.5223902864552911;0.6502201794896394
74;-0.4948789092747924;-0.5219584379392332;0.6606497939929892
75;-0.4958884573841863;-0.5108707831982814;0.6784306655915635
76;-0.4966722599198018;-0.5215488545336189;0.6769863967169341
77;-0.49715852350687745;-0.5068835836793306;0.7530003598064859
78;-0.49749519505548795;-0.5143718193254114;0.6871682293974641
79;-0.4975209504450843;-0.5047971189426197;0.7781580107682252
80;-0.4973895428057671;-0.5137326354275397;0.7023263453235618
81;-0.49709986962546193;-0.5073933159659756;0.7236626727591338
82;-0.4964720435821002;-0.5069982024188735;0.7947427832739826
83;-0.49554138955451;-0.5254725032003594;0.7278536009538183
84;-0.494298575264091;-0.5268372964380655;0.7326098288697136
85;-0.49274113256446206;-0.5284586954575233;0.7408319545041455
86;-0.49082577011068634;-0.5165215695346909;0.8047064493530138
87;-0.4886216177632441;-0.5325605308022675;0.7531526268699094
88;-0.4861400377391822;-0.5350510549097969;0.7573001283956455
89;-0.48340028600080437;-0.5377029077935587;0.7647837061127398
90;-0.48042687844438137;-0.5406450692674055;0.7703229589669105
91;-0.4772501923314444;-0.5438083024012055;0.7756662889665609
92;-0.4738186659376368;-0.5302577356294743;0.8478150118456627
93;-0.4705282193613628;-0.5145243260016807;0.7843232253715328
94;-0.46741250419118885;-0.5155911523277152;0.7871798884464951
95;-0.4642340129395609;-0.5571648469729562;0.7949786429780932
96;-0.460891774371457;-0.5501470615796461;0.8579970067149412
97;-0.4578662512503388;-0.5281915639434754;0.7854893581647566
98;-0.45491313721651305;-0.5670392143360259;0.8072554012612461
99;-0.4518892407428745;-0.5625962574847577;0.8733126802541716
100;-0.4490542996302581;-0.573529388853181;0.8144042863196749
101;-0.44645279977401364;-0.5767575069443549;0.8176796051862277
102;-0.4443951821576303;-0.532067798295345;0.7919541734215862
103;-0.4428647025845517;-0.5216383589381053;0.7976918218952782
104;-0.44134976846351887;-0.5781094738070668;0.9099510733246732
105;-0.44019755827069357;-0.5871934869704987;0.8291007781077514
106;-0.43968363706697483;-0.5315710930129384;0.7927693930914606
107;-0.43922585907200773;-0.5892705624332929;0.9247342739219345
108;-0.4392180781878975;-0.5926008784552675;0.8364742479852858
109;-0.439342266440207;-0.6018896631262437;0.9208714686389589
110;-0.44010912830219995;-0.5176053790120688;0.7939128236692171
111;-0.44139444554524093;-0.5961650764102531;0.8434847556873225
112;-0.44280417918187215;-0.6061180817872928;0.9488799662331685
113;-0.4444256842062836;-0.6143767201712678;0.9389766010347904
114;-0.4468078259741145;-0.5210252715756262;0.7914356105497944
115;-0.44983622952032254;-0.5973618395046325;0.8531123201949287
116;-0.453537077491824;-0.5968625203468283;0.855638247502274
117;-0.457956077199119;-0.5136241365466778;0.792057230470625
118;-0.46256705884140215;-0.6208889678864273;0.9773316152911649
119;-0.46750942871849616;-0.6265086901090784;0.96583907859917
120;-0.47285930006373966;-0.6277939288172347;0.9702507753237529
121;-0.4791342022499598;-0.5895664333267624;0.8690092589332403
122;-0.48616999343457057;-0.4971990293264328;0.7951889803366764
123;-0.49372694932528993;-0.48880700719249814;0.792469776619414
124;-0.5017403195791803;-0.4853863521589515;0.792981174005458
125;-0.510128709048662;-0.625879411628645;1.0090152307818818
126;-0.5189513299808413;-0.6251352287040559;1.0133454744942072
127;-0.5287297711258522;-0.5679980682529342;0.8856737505575816
128;-0.5394032234884016;-0.5642346748585172;0.8872863135683687
129;-0.5508958480600556;-0.5578552104127621;0.8912263760866589
130;-0.5625632232629401;-0.460778645652369;0.8030153107497415
131;-0.5748656257670963;-0.5475470232309841;0.8957548076139851
132;-0.5876859401828065;-0.5414591934772153;0.898645149070862
133;-0.6002341816198662;-0.444897409283283;0.8063883242075808
134;-0.6128379666973708;-0.6024869166597526;1.0286304773566601
135;-0.62565747751576;-0.5214233578483901;0.9087097089433722
136;-0.6383705601992629;-0.5936689410654871;1.0372496221814616
137;-0.6510642112345857;-0.5103058615400073;0.9142825203079302
138;-0.6635911454528889;-0.5043249849205153;0.9177285263986141
139;-0.6748891810538149;-0.42598884911794915;0.8045578183773556
140;-0.6858660267235879;-0.49328179258412186;0.9249749156512871
141;-0.6963779363414406;-0.5717696355356658;1.0602824596881153
142;-0.706305504339197;-0.5724513451192577;1.0849063344567438
143;-0.7156283953143401;-0.4782420915356499;0.9373245308986907
144;-0.7242714809014581;-0.5661182846701736;1.0947010970309081
145;-0.7321523050414978;-0.47123385381495064;0.9453024733636208
146;-0.7384315390082409;-0.41666500684146623;0.8155639265179162
147;-0.7432915086495151;-0.40431923108237583;0.8320468652492681
148;-0.7467369434950133;-0.4195964026865359;0.8193635299793056
149;-0.7495079017858383;-0.46493351477144584;0.9608926866012755
150;-0.7517532805384504;-0.5563860180926123;1.121458226014627
151;-0.7526361268059091;-0.4291081998357081;0.8251083133779533
152;-0.7522637097491093;-0.4334601427207153;0.8269439265956817
153;-0.7515095712738;-0.5574635513931734;1.1311673997352762
154;-0.7495681489745125;-0.44391215827061253;0.8303510926909907
155;-0.7469452280802624;-0.47466652502980056;0.9786024466958289
156;-0.7436015709876289;-0.47846365448596395;0.980320981282048
157;-0.7398582871128505;-0.5577985427283255;1.117437983167544
158;-0.7356866518561606;-0.5675673495493703;1.1371365516238787
159;-0.730658447334596;-0.49289397475326996;0.9824313570864008
160;-0.7251720138935835;-0.5741490660476414;1.1346782606928374
161;-0.719198296892841;-0.5779803686296802;1.132197766883206
162;-0.7120459928474225;-0.48598431823459165;0.854097112249564
163;-0.7040481814905237;-0.5193689814299407;0.9760064772892423
164;-0.6950101450289106;-0.5042707353246367;0.8522866450695722
165;-0.6850879783239052;-0.5270068124358096;0.8350876883349253
166;-0.6744687987169943;-0.5438622192562499;0.9640027303631183
167;-0.6635805880544391;-0.6103675246745653;1.096695594897675
168;-0.6519344422805098;-0.5577483983470813;0.8301670096333531
169;-0.6396823477104772;-0.572855051784193;0.9436014175430019
170;-0.6272195185398413;-0.6269763299001236;1.0470531755027521
171;-0.6141835566719153;-0.5904199136058808;0.821922717544576
172;-0.6010301594230493;-0.6430521218576837;1.0196352638948492
173;-0.5874847820637707;-0.6150116763274116;0.9028507352897424
174;-0.5736526560467988;-0.6258673054873439;0.8901342395187318
175;-0.559571174325568;-0.6275791785951228;0.8088059973789181
176;-0.545390296965897;-0.639333763651915;0.8017293796140595
177;-0.5313285748078902;-0.6587283598652108;0.8458369602113291
178;-0.5174655028591884;-0.662405213547078;0.785929105738095
179;-0.5042368046874699;-0.7054864273246277;0.8967405340596489
180;-0.49147155902287387;-0.6840181401805989;0.7679631069415171
181;-0.4795370502076734;-0.718695417783034;0.8345439025661606
182;-0.468536315616777;-0.7279355399334855;0.8195087428056245
183;-0.4585340108587945;-0.7325865702549057;0.7812723564750038
184;-0.4494861870179251;-0.7196163002990823;0.7261542759152084
185;-0.4415590204088498;-0.7299336094654221;0.7348921660732397
186;-0.43487124200037675;-0.7358245187900742;0.7258857500883171
187;-0.4295249202560284;-0.740841461969434;0.7166651079123041
188;-0.4256276605650694;-0.7559343335580259;0.6384843366461492
189;-0.42319006324200514;-0.7483437743131766;0.5948076071275131
190;-0.42224662885376674;-0.7596229823860465;0.5812980410246139
191;-0.42281376008735694;-0.7490378555446654;0.6425677706040042
192;-0.4248896990116227;-0.7515315042992634;0.5291495396598148
193;-0.42845448232921834;-0.7505386398058347;0.5107744177899535
194;-0.43346787581956736;-0.7486793071264478;0.49115840682362566
195;-0.4398705995984415;-0.7459750927780566;0.4705248599354327
196;-0.4475015575664588;-0.7494047184940995;0.43007282129516833
197;-0.4563820339284185;-0.7358641283260547;0.5775255205731591
198;-0.4664189940089496;-0.7306211157062763;0.5684441340877266
199;-0.4774794932070854;-0.7265320728400382;0.4100877868173699
200;-0.4894538219495762;-0.7199284307610507;0.3976059427572005
201;-0.5022297974902492;-0.7127582430139336;0.3863693263557365
202;-0.5156984355608393;-0.7049019954793854;0.5935053193267551
203;-0.529743833434758;-0.6970854112685768;0.3661987802245258
204;-0.5442589149850814;-0.6886447557322026;0.35852031564847153
205;-0.558973695233143;-0.688669916393355;0.30155791006863986
206;-0.5739774754368687;-0.6707041657906401;0.5746601897732349
207;-0.5891796946594623;-0.6616341001635202;0.5708377877680018
208;-0.6044923014215402;-0.6527175589383047;0.33774199289076956
209;-0.6196676686100284;-0.6527686245718137;0.2795336815921796
210;-0.6346476142044803;-0.6440208739253588;0.2763601254276451
211;-0.6496072296671118;-0.6224932420907864;0.4998627478018809
212;-0.6642308827409427;-0.6280726740541436;0.2713746063785246
213;-0.6786943884176558;-0.6070433110022169;0.5531064487778439
214;-0.692944192212017;-0.5986729328195647;0.32412745657567754
215;-0.7069404053303623;-0.5897494404768211;0.548562577536748
216;-0.7206371312486236;-0.5819160846485592;0.32261019263880053
217;-0.7337786028267159;-0.588579397107703;0.2707758873496068
218;-0.7465836009119216;-0.5658233283726469;0.3223788634955561
219;-0.7590208480901602;-0.5584251923455722;0.3225142686275806
220;-0.7710676199423427;-0.5509729572909957;0.32290930903771087
221;-0.7824909637634047;-0.559988292835845;0.2774296691055236
222;-0.7935062184281786;-0.537530747437842;0.324230183998949
223;-0.8041039294191219;-0.5304020645658772;0.5341312076289508
224;-0.8143219140391083;-0.5199754302391564;0.47813150155611905
225;-0.8241416494296557;-0.5140581008511014;0.477213646978634
226;-0.8334842068723992;-0.51409483636305;0.328965524401858
227;-0.8423551509501648;-0.5080631378629542;0.5287506864133095
228;-0.8504991683925736;-0.5273578969676674;0.3002877056791816
229;-0.8582526268593837;-0.49372286443101066;0.47446223184443614
230;-0.8655416837590222;-0.49570502108908554;0.33624664725361153
231;-0.8723627188197991;-0.49227193961408877;0.3383061781219595
232;-0.8787194291258953;-0.488640926094845;0.3406503971085314
233;-0.8846141439231529;-0.4856006601835163;0.34299811247392276
234;-0.8900507365423175;-0.4828812485046049;0.34542155684819065
235;-0.8951051353916941;-0.47311610926120246;0.4727661349144259
236;-0.8994758202291968;-0.5076449330177567;0.33692870187939594
237;-0.90343352150265;-0.4768658862791816;0.3527625419707049
238;-0.9069870485883826;-0.4750382225554894;0.3555147073061049
239;-0.9101409080194467;-0.47412994241480944;0.3578055896452085
240;-0.9129037310971592;-0.47316194812888546;0.3602873620327802
241;-0.9150930209860693;-0.5013896454939684;0.35531895381213896
242;-0.9169859570391959;-0.4692676894202332;0.517561281448176
243;-0.9185454574546608;-0.471357438083552;0.3676699073801969
244;-0.9197772099338393;-0.47166386014738815;0.36956710746896815
245;-0.9206930393899281;-0.4714359365241275;0.37196992889407043
246;-0.9213000230852602;-0.4721587719771247;0.37362203793729654
247;-0.9216109878699805;-0.47229917281907696;0.3757943526302602
248;-0.9216362238469769;-0.47299939602751284;0.3775038546373829
249;-0.921220589695422;-0.5064411779469923;0.3842326841514949
250;-0.9206665275400865;-0.46274487119508473;0.47187725836301875
251;-0.9199723766953575;-0.46349514071687803;0.47155218796470477
252;-0.9190321914926685;-0.4771892059059125;0.38284473669114594
253;-0.9176938783360958;-0.5152846432432029;0.4012454799644105
254;-0.916150939637833;-0.47996098186573144;0.3845673879693051
255;-0.9144953300632976;-0.4748547685747212;0.5094037975817631
256;-0.9124846844171517;-0.5201525724961774;0.4062816792307753
257;-0.9103868644494315;-0.47738869055676647;0.5076030211125995
258;-0.9082131389215345;-0.4716797785781497;0.4674847342404206
259;-0.9056954026649506;-0.5254075400418265;0.4092464120268563
260;-0.9029956037337181;-0.4901381677691703;0.3859552944135659
261;-0.9002109393032429;-0.4833502566281634;0.5034501611906361
262;-0.8970900195403737;-0.5310804360000032;0.4102963861015766
263;-0.8937827043951008;-0.49659544313223286;0.384361251572061
264;-0.8902865135247464;-0.498305539462241;0.38396720024354436
265;-0.8867172667249466;-0.48374577604232327;0.46019435271181075
266;-0.882936724799938;-0.50290739821024;0.38219418978333397
267;-0.8789405341369766;-0.5058053877339111;0.3808600283252527
268;-0.8745886710624211;-0.5439901441303356;0.4074167858579698
269;-0.8700316000424967;-0.5104860118164571;0.37864496354159916
270;-0.8653750215057092;-0.500980202503601;0.4913949854254628
271;-0.8606031488625459;-0.5033459394360055;0.48982958987506464
272;-0.8554393437505449;-0.5540118114944849;0.4023820050761344
273;-0.8501767526101905;-0.5024942331451792;0.4482006306452714
274;-0.8445103919770993;-0.5594704222713002;0.39908669326233637
275;-0.8387255807517193;-0.513654261544392;0.4831787536295953
276;-0.8326967413348273;-0.5306624972786937;0.3668378151451702
277;-0.8265685555541049;-0.51380232478153;0.4410013686882682
278;-0.8201953333707606;-0.5371290026449093;0.36273615724685837
279;-0.8135881498392852;-0.5404989841663649;0.3605879560247631
280;-0.8069059788806248;-0.5232147437993704;0.4352359457451175
281;-0.7997956687170357;-0.5813421284140173;0.3843188347343345
282;-0.7926406793808687;-0.5298077351140944;0.43127206666721773
283;-0.7852904466724764;-0.5546506157674944;0.3514586779294274
284;-0.7777647975813171;-0.5583225738073914;0.3490683444330326
285;-0.7698439901411398;-0.5956800441222581;0.37411304645519394
286;-0.761563981723324;-0.5973640903825111;0.36259399530194536
287;-0.7529431140839703;-0.6013962909504862;0.35988069263878575
288;-0.7439981067529278;-0.60557394375316;0.35713515479369773
289;-0.734744768753327;-0.6098909347047277;0.35436508079725826
290;-0.7254770582537337;-0.5815162123475929;0.33429030120631387
291;-0.7159025356454752;-0.6209455527701013;0.3574352097331356
292;-0.706563772893654;-0.5638330635203191;0.4113155104465832
293;-0.6972680558692083;-0.5934736890352009;0.3268848150374516
294;-0.6882492813473133;-0.5704092735965932;0.4075158791047574
295;-0.6789604660376293;-0.6365342522339792;0.3375150608811668
296;-0.669790842148692;-0.6048655415211543;0.3195666693093656
297;-0.660987889924974;-0.5796789121470632;0.40196758464728777
298;-0.652339095486123;-0.6120110805162791;0.3147201912175972
299;-0.6438753536417663;-0.6153754261449682;0.31229483210178477
300;-0.6356280196603721;-0.618609527726515;0.3098600699279652
301;-0.627622506289079;-0.6223460583967142;0.30775425314103677
302;-0.619891540134416;-0.6252822494164197;0.3052994038059842
303;-0.6124752374061313;-0.6273557095802413;0.3024176911538078
304;-0.6056307948754778;-0.5958958837120358;0.3890033613459323
305;-0.5991317240337868;-0.6328153556902252;0.2976711059283843
306;-0.5925298550177007;-0.6777154492818984;0.30566509548866105
307;-0.5858346447071596;-0.6832247961931438;0.31045295763398617
308;-0.5796709359635039;-0.6376748580091693;0.28887120363906904
309;-0.5740648176343213;-0.6398908078904526;0.286375652110067
310;-0.5690508760216171;-0.6410222663125247;0.2832399086494859
311;-0.5646714070449277;-0.6409841845652894;0.27938826485625257
312;-0.5609600560676445;-0.6413992838268745;0.2758857109390519
313;-0.5579419886602597;-0.6423160033625814;0.27275825166288803
314;-0.5556495270841045;-0.6419838373375294;0.2688314214723472
315;-0.55412067257816;-0.6403160933284966;0.26404188110528837
316;-0.5534482180472858;-0.5944476869811427;0.3557168592961134
317;-0.5535437936873544;-0.6383874006373573;0.2554389523474371
318;-0.554429965520584;-0.6362720148766289;0.2503708186978215
319;-0.5554151755508323;-0.6972234198409315;0.26409921395432967
320;-0.5572866707553522;-0.6308778966656137;0.23922962711175944
321;-0.5597812765223978;-0.588165570023771;0.37733099623243405
322;-0.5625173163774545;-0.6883958762727063;0.23996935935711938
323;-0.5660513027751466;-0.5703371683119728;0.3173216583909835
324;-0.570097699044249;-0.5768963798886003;0.3580593266150126
325;-0.5748189510950277;-0.5613452261501392;0.3025228914989576
326;-0.5799227813183572;-0.5690161728605474;0.3430134988422351
327;-0.5855802566308526;-0.552054514187114;0.28603523059204794
328;-0.5917194559198895;-0.5473560269780599;0.27721269877857935
329;-0.5979927486122375;-0.6640227102281967;0.19916980622558034
330;-0.6044364808036176;-0.6593576398249726;0.19353025264083745
331;-0.6116375393508685;-0.5727897478736423;0.15586695573544251
332;-0.6188628510372609;-0.5445376295115884;0.2887039516947284
333;-0.6263029172070111;-0.5224087287532354;0.22881574109851244
334;-0.6338881667992268;-0.5175621052041628;0.21864261103021776
335;-0.6415537182595109;-0.512929112358201;0.20845350886756775
336;-0.6497572278244069;-0.537642851656326;0.11656805260574787
337;-0.6578662425112012;-0.6311356372924855;0.18174763829981921
338;-0.6664141685071416;-0.5232381242351986;0.10363158635569136
339;-0.674822498872494;-0.6198258641105272;0.18098904330282783
340;-0.6835608860631376;-0.5088991080731843;0.09323850991872373
341;-0.6925350911694569;-0.5018121362901682;0.0891583219296318
342;-0.7013688904234261;-0.5904152028451458;0.1660070538591082
343;-0.7103133681102064;-0.4879493079752478;0.08347004955864434
344;-0.7184265729770554;-0.49905598141568497;0.17181199640282807
345;-0.7259459035175109;-0.46854803863303196;0.12069278374061176
346;-0.7335315035339866;-0.46883187653963754;0.08146959158156597
347;-0.7409510937469408;-0.5611103953733024;0.18922962635911744
348;-0.7476618004906446;-0.4596283358496639;0.10432304714055385
349;-0.7542383678755459;-0.5504592023088298;0.20400505200850472
350;-0.7601003436974668;-0.4550892783271392;0.09661420594653802
351;-0.7659071103464342;-0.4435467950385466;0.09453133285111637
352;-0.7708649808835847;-0.4834969681598885;0.12379663106335248
353;-0.7757563749997733;-0.43518443792122147;0.10444139005497333
354;-0.7804807518010055;-0.542898002004588;0.277207356331587
355;-0.7850357795766686;-0.4270348440770761;0.11614914941325272
356;-0.7893774833694733;-0.4248314872841745;0.12247751336925639
357;-0.7928800580940689;-0.4814002209103381;0.11079385582032963
358;-0.7963079497301245;-0.5122724893209718;0.28801142960519444
359;-0.7996110308431558;-0.5254129633934679;0.32668831497783646
360;-0.8027893833253814;-0.5224786461658024;0.3359279269722454
361;-0.8057057211173245;-0.4121563183565694;0.1557744846039495
362;-0.8079567716567584;-0.4473537871474546;0.09329913257749645
363;-0.8100001863100315;-0.4098785846110188;0.16931596224133416
364;-0.8120185951339864;-0.5122844482065523;0.3691321613988995
365;-0.8137906718164052;-0.40705995360582115;0.18153051830219147
366;-0.8153171528714354;-0.4070478511750467;0.18812359365632836
367;-0.8168604996084929;-0.5060227486220545;0.38959883327128464
368;-0.8181436107921869;-0.4055229604871741;0.19904942494888844
369;-0.8194619973131827;-0.4864167912525015;0.3715627176978846
370;-0.820821077685397;-0.4848838064979589;0.37684061610320974
371;-0.8218712774216022;-0.4810405736398202;0.11900661668235746
372;-0.8227188239840861;-0.48070613105350357;0.1212047137518244
373;-0.8237590409400513;-0.48004293466212067;0.39067453387467965
374;-0.8246207611992653;-0.404928151423984;0.22883600796723313
375;-0.8256954659418819;-0.47666079459181826;0.39849196304049717
376;-0.8265896077463064;-0.40563402729361275;0.23850200701271207
377;-0.8277253271409339;-0.47338076608998747;0.40541822335986377
378;-0.8286770672894865;-0.4056060512197143;0.24550606551780085
379;-0.8297417612904272;-0.47502171301814355;0.14058547299486446
380;-0.8311163001928584;-0.46818103063429783;0.41454552861339855
381;-0.832325929313871;-0.4062802103124459;0.2567809914779836
382;-0.8333973994714021;-0.40654098620533985;0.2603536295262351
383;-0.8347594534780327;-0.4685529324997607;0.15389850587578113
384;-0.8365014780244306;-0.4601049471895456;0.4252833609505279
385;-0.838093765089952;-0.40713625153935734;0.2706436226283804
386;-0.8398394458116551;-0.44132727388229215;0.1680993328446655
387;-0.8414652334514616;-0.40733591626724946;0.27724906907306845
388;-0.8435282021105621;-0.457443680305356;0.1715390706438541
389;-0.8461132504971431;-0.4566217054567751;0.46482405529675197
390;-0.8488571111804093;-0.4352763822532092;0.18255082242911336
391;-0.851408944606335;-0.4065884618597498;0.29031931435935066
392;-0.8538025453291986;-0.4064868690210217;0.2948291247993934
393;-0.8564331051086779;-0.4295655548182211;0.19338393949056631
394;-0.8589036967053545;-0.4058341621662244;0.30052973026574803
395;-0.8617794659491445;-0.43079212618989215;0.45653756110887556
396;-0.8651099799486267;-0.43362055888425255;0.2007489730946901
397;-0.8688493721005479;-0.4294762338835569;0.4902194908173175
398;-0.8722813303953958;-0.4039415071545911;0.3166860486501356
399;-0.8754353143353899;-0.403213999739789;0.3199641020622469
400;-0.878337874020331;-0.4027499797629644;0.32440977829182094
401;-0.8816306011002075;-0.41618456149649463;0.5084762674061809
402;-0.8850272631357032;-0.40962890114549305;0.2287993934876542
403;-0.8880848376999516;-0.4014302881837662;0.33990435633075866
404;-0.8914052095648015;-0.4072192638958907;0.5254961864955751
405;-0.8943337540002527;-0.40059338939962885;0.35043090232066776
406;-0.8973361465568506;-0.4016718849609793;0.5122078104288599
407;-0.9004981007628226;-0.39959242366470693;0.24825232175209677
408;-0.9031537560877336;-0.39983121506033253;0.3693876287635607
409;-0.9058167921176833;-0.39564878616218446;0.560454320128823
410;-0.9079243425328337;-0.3998637281708212;0.38336274498117406
411;-0.9094949219266086;-0.40016880704864866;0.3909513299795798
412;-0.9110336048497417;-0.3905474399441723;0.275039496902974
413;-0.9122722224801854;-0.3936647861578332;0.28759768212276793
414;-0.9132229301236845;-0.39080482791905224;0.6018442718342347
415;-0.913726832575503;-0.39391413877109827;0.30000715217020857
416;-0.9134512061461635;-0.4049562379807103;0.42967918784881287
417;-0.9124091566234267;-0.4067601709985067;0.43763998679411487
418;-0.9106059857101407;-0.40895726481895756;0.44554780144447514
419;-0.9080412161652034;-0.4114939289662519;0.4532680007113923
420;-0.9048934273424906;-0.4011659835074991;0.6264307115278729
421;-0.9009213062397696;-0.4178715522577193;0.4684649734966121
422;-0.8963813261904627;-0.40032906264996554;0.3314108283259972
423;-0.8911037052423005;-0.41110446775701215;0.3479462857193045
424;-0.8848840639555611;-0.4302851341958006;0.4888887903127975
425;-0.8778577233295659;-0.4172510752118362;0.6893739135349237
426;-0.8698673738958166;-0.4408000855132099;0.5006647346326696
427;-0.8610219757382824;-0.428884850105328;0.7006487793565599
428;-0.8513111653707122;-0.4380742805259208;0.3707243311414832
429;-0.8406917170778407;-0.4462974160848143;0.6830392302998445
430;-0.8292333576323805;-0.44588040913252897;0.36340880768762707
431;-0.8168753606777517;-0.4751435503700245;0.5206483840368565
432;-0.8037367122224109;-0.469376738653982;0.38139619970066996
433;-0.7898481013992482;-0.4768495689828958;0.7186209151853933
434;-0.7752841151233498;-0.4863944252158203;0.7189546947376262
435;-0.7601599051364647;-0.49735219156402444;0.3839035797886404
436;-0.7445618370887885;-0.5063665853036163;0.717162682923284
437;-0.7286333731034071;-0.5284315599348844;0.5220447621541773
438;-0.7125215504957851;-0.5274201398905392;0.3813388774365132
439;-0.6963622898127555;-0.5331591634807339;0.366456407609582
440;-0.680303769865434;-0.5434767662844429;0.36429865320188914
441;-0.6645168718675504;-0.5657205616529547;0.5084566754141532
442;-0.6491538351929038;-0.563361850582297;0.3586178322839436
443;-0.6343861654619024;-0.5829024386664826;0.49751387519851253
444;-0.6203699616309402;-0.5907916361167685;0.49100750909770285
445;-0.6072506696677392;-0.5981129451014697;0.4842298089903274
446;-0.5951590969149819;-0.5993296380113;0.3523096958102321
447;-0.5842193093332423;-0.6107769769046292;0.46960792667772533
448;-0.5745403892030602;-0.6095135105835892;0.3332536226628072
449;-0.566213822822232;-0.6204092070442383;0.45375869960279913
450;-0.5593152014665859;-0.6239691535686842;0.4456361874599488
451;-0.5539022170702907;-0.6266399668313596;0.43755193577683216
452;-0.5500147220123174;-0.6284169070966874;0.42940568632607035
453;-0.5476749796057693;-0.6292781569496124;0.42161688603435843
454;-0.5468999876678506;-0.6267185166809177;0.587810009691172
455;-0.5476825894435831;-0.6258615068327543;0.3035965710783953
456;-0.5499833104812203;-0.6264943117184165;0.39910899124098365
457;-0.5537622814870041;-0.6238324127399054;0.3923509146250349
458;-0.5589666123626904;-0.6203543435084462;0.3864593175775395
459;-0.5655318367808444;-0.6161066258826973;0.3806236653050642
460;-0.5734069030446061;-0.608758646883762;0.2817044534165044
461;-0.5825006275479935;-0.6040280213603313;0.5326982472947999
462;-0.5927240700266;-0.5977507347151816;0.27774674632231977
463;-0.6039811931227971;-0.591023038908738;0.27548360168226826
464;-0.6161781952285154;-0.5832621323695211;0.2733866533529755
465;-0.6292046484645926;-0.576122946434856;0.2719295832610844
466;-0.6429393199527463;-0.5692279124753848;0.3516748272021628
467;-0.6572766530684319;-0.5608148774403051;0.35017272197423377
468;-0.6721221227775247;-0.5514366118198992;0.4784075450704689
469;-0.6873810029748124;-0.5419801935562774;0.2692667573636134
470;-0.7029428032330077;-0.5335079624913125;0.2676053443364341
471;-0.7186905014277719;-0.5254892953206216;0.3430459138581988
472;-0.7345402027700354;-0.5157596630075119;0.49424200293686593
473;-0.7503964286553138;-0.5069278470970972;0.49348979360974976
474;-0.766175149731033;-0.49782547646655617;0.2698823705960399
475;-0.7817658435743385;-0.4904331014826655;0.34158233730032694
476;-0.7970857152856874;-0.48213807507588874;0.3419749387512331
477;-0.8120564741511818;-0.4741354190913426;0.34269708104858165
478;-0.8266045802042918;-0.4664703523321383;0.3437661819471476
479;-0.8406867451324564;-0.4580981238219244;0.2745769722171133
480;-0.8542131299756972;-0.4523077243083151;0.3477340151187728
481;-0.8671529194126508;-0.444774640989795;0.2778352029096828
482;-0.8794394763214297;-0.4393652613860166;0.48381859757836954
483;-0.891025817172313;-0.43391379888789805;0.4876477334905682
484;-0.9018550956686736;-0.42959404223654585;0.35826792949993025
485;-0.9118917848820435;-0.42524820311971967;0.3620731910265561
486;-0.9211391769543107;-0.4202059699772054;0.2899233452656307
487;-0.9295380873301706;-0.4182860288330358;0.37075528579625927
488;-0.9371064399034821;-0.4143105601710742;0.2961910737495742
489;-0.943818164909742;-0.41274700950421034;0.5433307257086453
490;-0.9496400615888102;-0.41228037160569586;0.3860448046875733
491;-0.9545706574012234;-0.4114767583036013;0.3912951816740795
492;-0.958613774048934;-0.4112674061440078;0.39683402988999394
493;-0.9617782908149066;-0.41164504648367095;0.40227523827868983
494;-0.9641125373674189;-0.4112700861978864;0.31709848527334006
495;-0.9655990729182344;-0.4140799178031344;0.4129638674803795
496;-0.9662889363625468;-0.41503969840578114;0.5632394159592964
497;-0.9661805859168704;-0.418619992953995;0.422903406125267
498;-0.9653053574283932;-0.4216220222158021;0.42760703486168183
499;-0.9636979427545147;-0.42507438601674796;0.4318063534284379
500;-0.9614628224707382;-0.4263277255285197;0.3349870129461928
501;-0.9585703562067127;-0.43318205841243973;0.438917453370427
502;-0.955137618371593;-0.4348421345294644;0.3388364595197796
503;-0.9511310957137697;-0.44264588831245816;0.443798914118144
504;-0.9465963981661549;-0.4478027769021864;0.44555514588837986
505;-0.9416383042551771;-0.4509293189562196;0.6217897639089215
506;-0.9362905632239054;-0.4569112922064698;0.5975858796415019
507;-0.9305489794028673;-0.46451277600466917;0.4474589914206063
508;-0.924459323242501;-0.47037528675181306;0.4472592442917497
509;-0.9180663263279547;-0.47632687611386026;0.44621481284277065
510;-0.9114750526795381;-0.4800010275484922;0.5945393917095896
511;-0.9047866123678617;-0.4835972508834668;0.3387839168796024
512;-0.8980051911413443;-0.4907712593282835;0.33922768719823104
513;-0.8911482831971234;-0.4974679914197002;0.5861032493130087
514;-0.8842767439646997;-0.5023246779409829;0.6073308717177743
515;-0.8774766335335946;-0.5059030488431377;0.3302742998636784
516;-0.87078404356457;-0.5111407431817658;0.32753393705621825
517;-0.864061937855213;-0.5225228987470194;0.4206142794166984
518;-0.8573410099633287;-0.5276877782290244;0.4160186663450889
519;-0.8506497993268146;-0.5326571211799217;0.41083940128253715
520;-0.8441551237313344;-0.5322387486828096;0.31441390806114633
521;-0.8377330675551242;-0.5419399613623307;0.40034587850807235
522;-0.8315623184762831;-0.5404712492866584;0.30665181525497853
523;-0.8256632894629986;-0.5441609917104446;0.30270191954976555
524;-0.8201302436814772;-0.5448536736110751;0.300830188694192
525;-0.8149071495265622;-0.5506878578715244;0.5450429662074247
526;-0.8099695090060253;-0.5548521969912931;0.5141029719055659
527;-0.8053332617803091;-0.5572762099188586;0.5079549918891282
528;-0.8008384833507057;-0.5654335747381358;0.3627002516667568
529;-0.7967154809829214;-0.5594638412362805;0.2796268416754879
530;-0.7927463033415161;-0.5694037946242689;0.35257923879223485
531;-0.7892843001913923;-0.5580793000110011;0.27714020952602814
532;-0.7863303063673066;-0.5586049458427651;0.2740892581584474
533;-0.7835149395311835;-0.5729620874802334;0.3390561178234581
534;-0.7811103021927117;-0.563178826243925;0.2630690505499752
535;-0.7790913787908406;-0.5647698150412576;0.4653670643915637
536;-0.7772039318340708;-0.5737699049295615;0.32750239017972504
537;-0.7754581777630367;-0.5735082944972176;0.32410326380016374
538;-0.7738627686241275;-0.5730286331803937;0.3209258056341153
539;-0.7724248813584487;-0.5723363993113455;0.31796407338273647
540;-0.7711515404103922;-0.5713991504158705;0.3158632636529367
541;-0.7700457759392155;-0.5703399396684781;0.31265660092289427
542;-0.7694311534778203;-0.5539100673845286;0.24270858095298498
543;-0.7689601457897149;-0.5674461725973131;0.30885374752612715
544;-0.7686353002964658;-0.5657234454886844;0.3068678254065843
545;-0.7684559015247172;-0.5639054564291929;0.30425525917673935
546;-0.7684215237446961;-0.5618876563273051;0.3025662292552149
547;-0.768913101111316;-0.5418900322307045;0.4336366127961284
548;-0.7700401843215978;-0.5284254247819165;0.2354165637129284
549;-0.7712098756375773;-0.5547561925710224;0.29839801371504493
550;-0.7724230537066799;-0.5520824954185588;0.29730436481746747
551;-0.7741947732007278;-0.5223997354812665;0.45627851449566004
552;-0.7763015710985701;-0.5239865904976873;0.2216777624003501
553;-0.7783490698796153;-0.5434332654089932;0.2949624637993329
554;-0.7808886785686653;-0.5047458777386116;0.22133006085690377
555;-0.7838522171376676;-0.5006585536392858;0.21891073526675642
556;-0.7866255502198245;-0.5341379852956858;0.2942362615695687
557;-0.7895530785208142;-0.5057023465658417;0.21153532219502935
558;-0.7925890513957432;-0.5021883197772058;0.20966768350206866
559;-0.7956876563475948;-0.49879102451114155;0.2078978703635017
560;-0.7984837178236918;-0.5216986954635847;0.2971420621358132
561;-0.8015314415150148;-0.48020717406317515;0.47557190950554773
562;-0.8047525236943842;-0.4763301268909802;0.4795493422304987
563;-0.8080698811973093;-0.4726600978630566;0.48391528996044986
564;-0.8114081924922696;-0.4692345228772782;0.48866092674050754
565;-0.8141609327989381;-0.5085263562183205;0.30595969311444504
566;-0.8167812230642513;-0.47106527364542866;0.4714748626210091
567;-0.8193001978096717;-0.4606507262952215;0.505009051052766
568;-0.8216482776629548;-0.45845682225627227;0.5110736513524081
569;-0.8232695705009372;-0.5014455369001702;0.3193914688884356
570;-0.8241970153288918;-0.5003986518556708;0.32347287244984424
571;-0.8244633743606545;-0.4994588203990272;0.3280338755954809
572;-0.8245048239474947;-0.45224261072841226;0.19533211125634264
573;-0.8242434595630629;-0.4611949410826761;0.5148596241885643
574;-0.8232887480472331;-0.4992320527675876;0.3419336677415784
575;-0.8216827570690926;-0.4998063668451578;0.34677523177342073
576;-0.8194644227897467;-0.5009539135025664;0.35155361129502505
577;-0.8170378663720188;-0.4535353310870831;0.20033760493100172
578;-0.81423892653451;-0.4725338463648117;0.2143321277202156
579;-0.8110758060696882;-0.4743992142950253;0.21661457800959383
580;-0.8073630208995256;-0.507485659674652;0.3705261830225086
581;-0.803160612231107;-0.5097908987908701;0.37491343190959403
582;-0.7987133121841465;-0.481836630759206;0.2236909262563681
583;-0.7942217099531705;-0.4668131394320998;0.6042440327749568
584;-0.7896339311723654;-0.4705616984601556;0.21269679664382513
585;-0.7846914323342493;-0.5211582534831287;0.39014332543658814
586;-0.7797442344043759;-0.4779124196109635;0.21673528427114752
587;-0.7748412951162915;-0.48865566975684027;0.5879153151990691
588;-0.7697621671038364;-0.5309340814482799;0.39864388016023566
589;-0.7646030078633835;-0.5343937244646211;0.40095494829369827
590;-0.7597751915356088;-0.4915914850116231;0.6238131977381127
591;-0.7550161681772701;-0.5412219110933507;0.40486943348280735
592;-0.7504250337849956;-0.5444997429868803;0.4065325345330222
593;-0.7460956559592689;-0.5478940070153657;0.4081492976722151
594;-0.742383449807619;-0.5139294436759125;0.5954164622464959
595;-0.7390863808883652;-0.5534852586417294;0.41093980131424446
596;-0.7365982521599604;-0.5120806633244623;0.623065177769013
597;-0.7346616868284146;-0.557952026464104;0.41372298131721674
598;-0.7336541928438276;-0.5169713472323922;0.61998115549423
599;-0.7334801296724747;-0.5211116958605466;0.26516138079351514
600;-0.7340030981783717;-0.5619208792014407;0.4187880791867489
601;-0.7352799548641311;-0.5624042988362377;0.4209143788018227
602;-0.737588139150548;-0.5292099728322672;0.5844845411842194
603;-0.7409143621670823;-0.529261731932821;0.5823264471090485
604;-0.7450131366663542;-0.5608178037441751;0.4290069209790217
605;-0.7498847007056357;-0.5596952046660512;0.43269896756122983
606;-0.7555653279931698;-0.5358558935311518;0.3450897618209754
607;-0.7619635669565283;-0.5556395262680993;0.4408934900995043
608;-0.7692562681877844;-0.5162450840103584;0.5923317736624623
609;-0.77713015978364;-0.5500319888996614;0.45064968322543497
610;-0.7855251564828706;-0.5467263364841287;0.4560601812038362
611;-0.794451870688765;-0.5110105185539574;0.43195919775264824
612;-0.8038960131198388;-0.5049593978019946;0.5781393968820887
613;-0.8137244664534184;-0.5017299127361228;0.5744219809709765
614;-0.823807639974828;-0.4984918288372347;0.5706492420866591
615;-0.8338993699150785;-0.527314627823909;0.48660089105997517
616;-0.8439797844786386;-0.4952112066160189;0.5385126515949692
617;-0.8540103377161365;-0.4940026802717369;0.5467912563230811
618;-0.8638991618477652;-0.49075177713943197;0.5440555142321324
619;-0.8735008777502118;-0.5112209700735656;0.5117140044383953
620;-0.8828040369248894;-0.48307836162182277;0.6220796062402323
621;-0.8917403278497095;-0.5035985324095515;0.5230746720214545
622;-0.9003028045674835;-0.4777753203400245;0.6600529667664117
623;-0.9084797670845597;-0.4764781517915153;0.5309830234037838
624;-0.9162071703855724;-0.493778766524162;0.5389671132672498
625;-0.9234805399639555;-0.4791744368683257;0.6656544998668927
626;-0.9303156102212733;-0.46639259233604;0.5276023881173915
627;-0.9366795919441515;-0.4751540630082342;0.6912318726199225
628;-0.9425707584499466;-0.48378462602849437;0.5573781888420424
629;-0.9479948717321305;-0.48162973582453383;0.561084837423778
630;-0.9529593328290169;-0.4798375327508547;0.5649545122996407
631;-0.9574850785263614;-0.4636576711209298;0.5168130722312361
632;-0.9615775685924918;-0.4626722500364584;0.7973048628038916
633;-0.9652429902948783;-0.4759216952766143;0.576073248452715
634;-0.9684978254654752;-0.4748639865744066;0.5790266299162201
635;-0.9713631289309207;-0.46685632692668644;0.7663723584357001
636;-0.9738542564288399;-0.4737046812376716;0.585740831042634
637;-0.975994384952718;-0.46661380070375647;0.7797561727349931
638;-0.977807090222435;-0.4602805585601766;0.5098530146298899
639;-0.9793096058049676;-0.46705558325019525;0.7914623827756158
640;-0.980524598852533;-0.4635302398478026;0.8564209330015314
641;-0.9814702690405561;-0.47359790962829384;0.599455826782533
642;-0.9821695076907642;-0.46529179461722026;0.5142680557109204
643;-0.982642040875494;-0.46463945600973516;0.5089807178828101
644;-0.982908310507833;-0.47517990789621883;0.6054959148298114
645;-0.9829886541474423;-0.4760310415850297;0.6078708924954419
646;-0.9829025350374883;-0.4768073311031103;0.6090260772216597
647;-0.9826653564397189;-0.4738658149959289;0.8242735106604601
648;-0.9822974679715729;-0.4787967507179035;0.612394291290989
649;-0.9818066876895528;-0.47389849566321124;0.5147196289363265
650;-0.9812166501565418;-0.4808848325560043;0.6139319392088923
651;-0.9805347798320909;-0.4789148603400539;0.8335151945180952
652;-0.9797813288778151;-0.48325181911464343;0.6158407976511173
653;-0.9789528972831678;-0.4797144739335418;0.5131840680884499
654;-0.9780587243710532;-0.4812103033500827;0.5125431721149998
655;-0.9771271344061169;-0.48686968517806906;0.6165231319494074
656;-0.9761545074400313;-0.4857561620100003;0.8394682203935996
657;-0.9751632572040858;-0.48929558275902657;0.6161506586961145
658;-0.9741345814453135;-0.4871349951894548;0.5090290233566466
659;-0.9730855172576106;-0.48979833815706275;0.8405074756268681
660;-0.9720023665986067;-0.4894113768961863;0.49878298561482537
661;-0.9708886367852042;-0.4908686556548738;0.4975187798799192
662;-0.9697931906618158;-0.4950637521213882;0.6128405987419279
663;-0.9686790993170232;-0.494056244693712;0.9037210593493145
664;-0.9675671746457046;-0.49608189311253104;0.8389560632445939
665;-0.9664895984082076;-0.49813213574743725;0.6096583324309026
666;-0.9654500587374998;-0.49905894088656577;0.6084671066483508
667;-0.9644516687135773;-0.49992998561080604;0.6072294682726427
668;-0.9634393548706193;-0.4999689392635381;0.49627479604206926
669;-0.96247463068929;-0.5015049144797703;0.6041736979756356
670;-0.961495291692407;-0.5019102334033718;0.49362743367119666
671;-0.9605698552860436;-0.5028761009789544;0.6020317654042462
672;-0.9596127426729524;-0.5036690093839706;0.4829227301168856
673;-0.9586370882133805;-0.5044433772758722;0.8954478896543269
674;-0.9576422008733798;-0.5052092407586768;0.8943365703251487
675;-0.9567126643496675;-0.5049768018938354;0.5969183910749072
676;-0.9558459691909548;-0.5053805310802364;0.5953019845971214
677;-0.9549310546593726;-0.507431280437175;0.4776656847647053
678;-0.9539838570488786;-0.5077376951166949;0.8898713877563533
679;-0.9530441708424429;-0.5074462805225051;0.8228912987404112
680;-0.9521736595865709;-0.506432847740368;0.5914637088138417
681;-0.951368568027211;-0.5065779795723593;0.5905622274925804
682;-0.9505086849322253;-0.509532885570321;0.8857576709063436
683;-0.9497136253485867;-0.5067343561311808;0.5889856572528942
684;-0.9489773109671673;-0.5067874800269598;0.5879697877738308
685;-0.948219163507675;-0.5089158743107585;0.8171047783550414
686;-0.9475168374313899;-0.5066697791154298;0.5872304036869569
687;-0.9467301116192413;-0.5106773830466864;0.4806490426751525
688;-0.9459984180544506;-0.5064718497153958;0.5864878082167971
689;-0.9453158366954308;-0.5063347187386569;0.5862470962203474
690;-0.9445256819047784;-0.511184020400647;0.8799891981097697
691;-0.9436013419364061;-0.5122235818821678;0.4735695632928645
692;-0.9427316817216568;-0.5058908194262288;0.5857474551088668
693;-0.9417467850972028;-0.5115216062490131;0.8788833913898809
694;-0.9406500344537232;-0.5115134209181198;0.48227616391833794
695;-0.939509531013301;-0.5091375900503585;0.812800098068422
696;-0.9384267339895256;-0.5051547307813496;0.5866727614631442
697;-0.9373951268919025;-0.5048869924349041;0.5873842376549829
698;-0.9364063524226205;-0.5046877438864273;0.5878866957917213
699;-0.9353375211739073;-0.5090817167053707;0.8130216157249536
700;-0.9343049932998219;-0.5042997974760655;0.5891047648531686
701;-0.9330591069392123;-0.513995126001176;0.48072390033523915
702;-0.9316458945956755;-0.512604668351416;0.8788078668050683
703;-0.9300263710259475;-0.5145069640818997;0.4830213804980027
704;-0.9284649811952572;-0.5037399330656385;0.5923066667960414
705;-0.9266828556769444;-0.5151896788066117;0.4855710705446604
706;-0.9247294469134036;-0.5135848153115001;0.4938970141252971
707;-0.9228405260272031;-0.5035962230842962;0.5952793369546784
708;-0.9210036570033469;-0.5036009675004351;0.5963612986876078
709;-0.9192069099182716;-0.5036258977612718;0.5974825008094642
710;-0.9171340725029551;-0.5174877579534531;0.49295714590286877
711;-0.9151040463221167;-0.5037715954284543;0.5998279474714117
712;-0.9127845747948409;-0.5186386047893583;0.49627495768105445
713;-0.910509926959253;-0.5040721413156604;0.6022862294676901
714;-0.9082670097038718;-0.5042774411054943;0.6035482174196752
715;-0.9060405771140952;-0.5046537084717807;0.6045474348432053
716;-0.9038221463674371;-0.5047815591115978;0.6061175969229975
717;-0.9012419001562957;-0.522176415315668;0.505347176368871
718;-0.8986780917031679;-0.5054510188632899;0.6087214057650998
719;-0.8961185007663117;-0.5058528301562761;0.6100265480434951
720;-0.893548551567199;-0.506450762418382;0.611046313351002
721;-0.8909611565819702;-0.5067657171498124;0.6126232524897695
722;-0.8883432185961302;-0.5074464077110996;0.613624213555687
723;-0.8853476402936951;-0.5245105681833053;0.5234461670680497
724;-0.8821564602600387;-0.5173182103094136;0.8229924588375926
725;-0.8789529069666755;-0.5091182846535642;0.6176544529802508
726;-0.8757260349267082;-0.5098222366310108;0.618858162570155
727;-0.8724658222583742;-0.5105639303327285;0.6200332551329453
728;-0.8688245892974669;-0.5282142448382026;0.8823561168618989
729;-0.864695110584836;-0.5352865245894647;0.5305825501197308
730;-0.8605680255983383;-0.51310476822619;0.6233581542571932
731;-0.8564306116809141;-0.5140627495929793;0.6243902888071485
732;-0.8522713772073245;-0.5150553865566416;0.625379099268109
733;-0.8476504740058008;-0.5376687979365482;0.5447545390243886
734;-0.8430218918659362;-0.5171935380373672;0.6272144449219383
735;-0.8381635661115141;-0.5290053174114655;0.8175194168318504
736;-0.8328302539296752;-0.5429912041626698;0.5516404905216516
737;-0.8275103656981562;-0.520790125954949;0.6295616809678033
738;-0.8221926319753488;-0.5220874593998889;0.6302208224620096
739;-0.8162765809624923;-0.55384405437838;0.5551989551900446
740;-0.8101642560182033;-0.53649584096434;0.8089590731131922
741;-0.8035670312005565;-0.5535992765115851;0.5638314345979849
742;-0.7970367658837462;-0.5281118515000451;0.6318819899090291
743;-0.7899182545720214;-0.563960174000073;0.5664335439792291
744;-0.7829056623892916;-0.5313370631382054;0.6322992490942956
745;-0.7759999165021566;-0.5326838515600383;0.6325518828798938
746;-0.7692003691810692;-0.5343206286952438;0.6324577307418425
747;-0.7625110078023902;-0.5359379304260221;0.6322191903070766
748;-0.7559408042835096;-0.5375264474432242;0.6318181469731808
749;-0.748759903366844;-0.5810316745685125;0.5850760569409938
750;-0.7417939149192794;-0.5410617166175787;0.6302681347180528
751;-0.7350719035013034;-0.5422350514918951;0.6294056398183414
752;-0.7281093656622605;-0.5720232384898113;0.8013031472537085
753;-0.7212274412321678;-0.5593460544755533;0.7498540415226442
754;-0.7042231601553957;-0.5495515771925236;0.6243422819178159
755;-0.6975495122701624;-0.5658281406102965;0.7329053221224546
756;-0.6906491811158137;-0.6051024701291597;0.606149657352129
757;-0.6845059999972971;-0.5519588599380455;0.6155236328226688
758;-0.6791903695123669;-0.5529281532877743;0.6112091689796608
759;-0.6741866059122611;-0.5885419245003288;0.7225700385442615
760;-0.6694381359729551;-0.6133488259272651;0.6116815142990151
761;-0.665956169613849;-0.551815756698516;0.5933301555806327
762;-0.6638351821125567;-0.5507285572345418;0.5851260450585734
763;-0.6631647281682038;-0.5495949357965401;0.5755303810607398
764;-0.6634273638561451;-0.604847231965902;0.5938795683618227
765;-0.6654293613860183;-0.5438064052142747;0.5516779418759715
766;-0.669229113032678;-0.540714743439761;0.5370683243081827
767;-0.674870878819528;-0.5356682503900179;0.5205538302232771
768;-0.6823657731609994;-0.5304175159956672;0.5020670464526038
769;-0.6909433228038326;-0.5712104527519504;0.514820231335658
770;-0.7013553272811286;-0.5182989206421866;0.4593924377918379
771;-0.7131168348596317;-0.577948976317424;0.5094353937198194
772;-0.7262358067141679;-0.5709707967198471;0.49020813487079307
773;-0.7409461156238741;-0.49407574593317316;0.38454551931877834
774;-0.7569756833942454;-0.48487994178795274;0.35836537430165305
775;-0.773408073481921;-0.5023670207773296;0.32808601773655766
776;-0.7905649850516279;-0.46510464573788957;0.30779589075654357
777;-0.8080883731685324;-0.45617685874623076;0.28448130433490215
778;-0.8256130544016806;-0.446802135041376;0.26341364610141427
779;-0.8427812922116249;-0.43718488657484716;0.24502267381366516
780;-0.8592073228756631;-0.5151538290413376;0.35681048643039515
781;-0.8747296410408187;-0.42084144964338377;0.21670561455196458
782;-0.8886044704170406;-0.44853367546305745;0.2135401132662308
783;-0.9012741148797615;-0.4081257832071791;0.2000826568499774
784;-0.9121186341988594;-0.46747257439463374;0.23871952003488728
785;-0.9217195701970521;-0.3978903358997508;0.19392807375383037
786;-0.9297044569966103;-0.43386832506277573;0.2086928902008608
787;-0.9365904844793906;-0.39173912803730165;0.19587898127685888
788;-0.9424589446340204;-0.3903280079867998;0.19924345329125137
789;-0.947503531183183;-0.45370430123771266;0.2986189085814944
790;-0.9517242311612023;-0.38801341581479076;0.20892189656571303
791;-0.9553264448785433;-0.4501540104083762;0.30741289977713104
792;-0.9583244782282558;-0.38807797946987804;0.22144390431454974
793;-0.9606622637165827;-0.45887776004837216;0.2786099284167364
794;-0.9626759738950056;-0.38953818128221535;0.2352341423783466
795;-0.9643137406504614;-0.4602165087339196;0.29117082636157277
796;-0.9657072640881206;-0.43617391602251043;0.2665410839855351
797;-0.9669349433920186;-0.4621949899496355;0.3030516598547146
798;-0.9681440409787339;-0.39445626563113867;0.2625165207483451
799;-0.9693607827910288;-0.45806741332171574;0.3740981692837262
800;-0.9705527775059641;-0.39743185613810583;0.27469563808787056
801;-0.9717185995422126;-0.3991064613976496;0.2802441464167935
802;-0.9728641001477485;-0.4470490718064546;0.3702868006188641
803;-0.9739654185201392;-0.4028086508133642;0.2901423339874373
804;-0.9749972085547204;-0.44706389005174985;0.3071377810980085
805;-0.9759907857730246;-0.4489263339424068;0.3825655274039931
806;-0.9769331332462682;-0.4496903230761704;0.38593815678318877
807;-0.977822012800279;-0.4107751801514087;0.3051193168704526
808;-0.9786496260618188;-0.4515749884964557;0.3916676340802585
809;-0.9794245177685617;-0.45258697822408245;0.3206972398533827
810;-0.9801562905506132;-0.4171156439137802;0.3126031846357935
811;-0.9808339779954819;-0.45478404895788926;0.39801910595526324
812;-0.9814741936808679;-0.421516964539178;0.31618025414386564
813;-0.9820638646358272;-0.4653219786875997;0.4193476539069383
814;-0.982625257157598;-0.42615094974683143;0.3191858136857453
815;-0.9831457628502412;-0.45981722573420214;0.403265571774308
816;-0.9836566710149122;-0.46016350703811815;0.3294680416009227
817;-0.9841539336018812;-0.4328914901723815;0.3220171490354319
818;-0.9846410684468121;-0.4350275687714759;0.3224104884774335
819;-0.9851012336673061;-0.4650018248880117;0.40608583765975326
820;-0.9855568909779695;-0.4396675938036523;0.3238664921681145
821;-0.9860100744366631;-0.4418239510302353;0.32402822830819566
822;-0.9864659944741242;-0.46690222686868277;0.3329450609777359
823;-0.9869195792799237;-0.4462911687553529;0.3248221142906301
824;-0.9873491249700899;-0.4767779252372666;0.42589639804565926
825;-0.987777913615759;-0.450646075825064;0.325778030743632
826;-0.9882058083752339;-0.45262330639983356;0.32575970632701623
827;-0.9886253923478125;-0.48196826623097766;0.3603960575136851
828;-0.9890400640089163;-0.47355830759167317;0.3355583361278307
829;-0.989449946620826;-0.4585173728845314;0.32681626378650486
830;-0.9898546811938322;-0.46025502514372746;0.3267457142036154
831;-0.9902362785116829;-0.4790445221971551;0.4086464914426061
832;-0.9906134033407246;-0.46379312595381983;0.32717425756465546
833;-0.9909655060601257;-0.4844836108469057;0.4267437391146578
834;-0.991307811985817;-0.4795045748509207;0.3380277240869791
835;-0.9916455354067083;-0.4686070133335273;0.3277590317949376
836;-0.9919780543425634;-0.4701097283526606;0.3279395681706049
837;-0.99229177566503;-0.4879609801963324;0.3648939666596671
838;-0.9925927878592622;-0.48295294897774277;0.33957122770581627
839;-0.9928807807552654;-0.4837426162070655;0.3399360823692348
840;-0.9931488106054924;-0.4865197522662515;0.4089733129844534
841;-0.9933993174402026;-0.4899835264437501;0.3665232888540697
842;-0.9936465084486925;-0.47775219272651004;0.32886972913890344
843;-0.9938738481803582;-0.49049521171068555;0.4267790705744473
844;-0.9940858829042143;-0.48892564746711287;0.4089683067027041
845;-0.9942889469571704;-0.48777974483838327;0.3419010378302657
846;-0.9944785612459272;-0.48998004076538215;0.408933577492249
847;-0.9946553652457082;-0.49245682433041227;0.36861667854775426
848;-0.9948185919801378;-0.492608892409881;0.4266032587879025
849;-0.9949834302987113;-0.484181090536893;0.32985819011143624
850;-0.9951372629050053;-0.4934687777628859;0.36949311775117644
851;-0.9952797338074321;-0.49366317537268434;0.4264367889692502
852;-0.9954247582682735;-0.486315907182057;0.33004691655061813
853;-0.9955605255683675;-0.494378270011239;0.37026086723068485
854;-0.9956921795472834;-0.49208350794283034;0.34406604235561167
855;-0.9958263979673462;-0.48820326451339197;0.33016952943910205
856;-0.9959625618652423;-0.48877126085743394;0.32994341773624836
857;-0.9960939406967129;-0.49324677013018736;0.34459512011026694
858;-0.9962172452484338;-0.49572965519356665;0.3713219323647097
859;-0.9963369582661545;-0.49395575176579176;0.3449018139373513
860;-0.9964499723158352;-0.49619773710419635;0.37167836490700656
861;-0.9965657533728153;-0.49140228021789534;0.32999452683739994
862;-0.9966835967977726;-0.49187914784527176;0.33024016546526913
863;-0.9968029327735838;-0.4923077655117906;0.3299800923299653
864;-0.9969231846725428;-0.49274853184778966;0.3299667764494776
865;-0.9970437800995462;-0.49319622675018027;0.330199734945397
866;-0.9971599356281073;-0.49601491513616314;0.345733568635227
867;-0.997276091768196;-0.49400078028138567;0.33015584329091596
868;-0.99739181110031;-0.49436132468610483;0.32988048865259334
869;-0.9975029427545347;-0.4967429205962866;0.3459957248788774
870;-0.9976133371036326;-0.4950599742792128;0.3298219255031497
871;-0.9977172829727923;-0.4981895769898171;0.37310477487097193
872;-0.997815475251921;-0.4983153572267874;0.3731988418920287
873;-0.9979102714988877;-0.49752068273700706;0.3462779036594501
874;-0.9980001660171793;-0.49853279352924706;0.3733734758237651
875;-0.9980856213097506;-0.4986264391921079;0.3734546173071811
876;-0.9981710429153372;-0.4966155448298701;0.3296118421084465
877;-0.9982559555517091;-0.49681383873612667;0.32957435227873133
878;-0.9983376855918908;-0.4981893280441777;0.34654836900032226
879;-0.9984156431641373;-0.498613611721207;0.4063344600102988
880;-0.9984926639089355;-0.4973471635525707;0.32946128347399195
881;-0.9985654214228673;-0.499063482741692;0.37387016942869733
882;-0.9986341842494958;-0.4991090625148704;0.42350723875781826
883;-0.9986992480103494;-0.4991657818599817;0.37398634145857634
884;-0.9987608307595583;-0.49920875471112075;0.37404101793490385
885;-0.9988214226163918;-0.49800494687891317;0.3292773089427782
886;-0.9988806996136304;-0.4981110662576601;0.3292417525354685
887;-0.998936715252521;-0.4991153807440097;0.4057123338645737
888;-0.9989899612676532;-0.49897440735931015;0.34691572412746685
889;-0.9990398260060489;-0.499385661039615;0.374285471694354
890;-0.9990864876555472;-0.49941350737630275;0.37432932084867077
891;-0.9991316459037163;-0.49855752759744854;0.32907048006209016
892;-0.999175110279428;-0.4986320332964418;0.32903730921705165
893;-0.9992153884446335;-0.4994840179526838;0.4227038226032226
894;-0.9992539055992408;-0.4987729773435295;0.3289716391038243
895;-0.9992896051908595;-0.4994056525718603;0.4051993539482164
896;-0.9993234894708147;-0.4989044866350667;0.3291454132252367
897;-0.9993554841400321;-0.4989655248313607;0.32911224723809396
898;-0.9993855395597211;-0.49902549579462524;0.32907898220076004
899;-0.9994136323767806;-0.49908182478784;0.32880823695641725
900;-0.9994397551772263;-0.4991392356363884;0.3287751317194464
901;-0.9994639161964222;-0.4991971149836506;0.3289779252902362
902;-0.9994861440977172;-0.4992510732117681;0.3289436128810507
903;-0.9995059528672536;-0.49970491583812493;0.42209738324938806
904;-0.9995240305133835;-0.4993493382363538;0.3286391865791085
905;-0.9995404312188423;-0.49939727525795086;0.32883806206137245
906;-0.9995552226249901;-0.49944056941472226;0.32856841139565796
907;-0.9995682249212495;-0.49972768900928954;0.4045034211183295
908;-0.9995796110116708;-0.4997493552987192;0.4044442300617582
909;-0.9995897240439453;-0.4995607724575838;0.3284579911306488
910;-0.9995986423389831;-0.4995965822313975;0.3284199822791911
911;-0.999606306044449;-0.4998483213938656;0.4216098750838786
912;-0.9996129121478867;-0.49979080503698514;0.3473286038650282
913;-0.9996185546407006;-0.4998785646738805;0.37503064898624494
914;-0.9996233758022295;-0.4998602340025644;0.4040774493753524
915;-0.9996274908603585;-0.4998753377278444;0.4040142987772998
916;-0.9996310064534715;-0.4998895885725124;0.40395060002664096
917;-0.9996340033813114;-0.4997918298331374;0.32836562824937976
918;-0.9996365723238809;-0.4998931937658537;0.34736518192654264
919;-0.9996388137870684;-0.49995000851872373;0.37514721548485264
920;-0.9996407270644391;-0.49985137420277365;0.3280090268462732
921;-0.9996424410809494;-0.49995099387238917;0.40362512319121446
922;-0.9996439226523943;-0.499885802433874;0.32792162411909986
923;-0.999645210181882;-0.49990204992193243;0.3281031332739647
924;-0.9996464558455008;-0.4999804780773546;0.4034259996610825
925;-0.999647563333198;-0.4999306977536158;0.3277889096029031
926;-0.9996485533238862;-0.49994386944812613;0.3277444497338997
927;-0.9996495662606368;-0.4999939378314167;0.34739381137724334
928;-0.9996506570235142;-0.5000115566465115;0.40315935207065623
929;-0.9996516519405032;-0.4999781640750331;0.3278344263562646
930;-0.9996525515215813;-0.4999875764116557;0.3275668805211335
931;-0.9996536132644553;-0.5000357933636438;0.375343411436848
932;-0.9996545570146373;-0.5000044956144405;0.32747894306674763
933;-0.9996553720613682;-0.5000118649781456;0.3274353449452493
934;-0.9996560439340821;-0.500018798092566;0.32761352643371866
935;-0.9996565508290046;-0.5000249495537713;0.3273490925838798
936;-0.9996570891027113;-0.5000433694929732;0.3474115818435375
937;-0.999657403320639;-0.5000358384224539;0.3274847416119586
938;-0.9996574653309418;-0.5000404496745376;0.3274426467175532
939;-0.9996576485694519;-0.5000551730211533;0.37546408964284916
940;-0.9996574977526393;-0.5000482117450724;0.3273598651553393
941;-0.9996574253739929;-0.5000566724454807;0.4196195878138723
942;-0.9996572286231812;-0.5000560039667514;0.34742579631807746
943;-0.9996570522764701;-0.5000572120740829;0.4194972117086109
944;-0.99965686415466;-0.5000571623543397;0.37553920609831026
945;-0.999656108725968;-0.5000601002544864;0.3271619585050971
946;-0.9996547608987492;-0.5000616669863571;0.3269068145948524
947;-0.9996527947901032;-0.5000631826792827;0.3268697926533498
948;-0.9996506703272762;-0.5000575751245316;0.40192359858218674
949;-0.9996478477954303;-0.5000659696539802;0.32701358531057256
950;-0.9996443005063786;-0.5000673431647491;0.32697790277178196
951;-0.9996399968577462;-0.5000688510285027;0.3267273397275364
952;-0.999635361460578;-0.5000604128817178;0.3474587705963794
953;-0.9996303625845773;-0.5000608367697593;0.34746260567748843
954;-0.9996244735915594;-0.5000734415455506;0.32662633961073473
955;-0.9996176736214948;-0.5000750453142936;0.3268078123535364
956;-0.9996099325804098;-0.5000770233878236;0.32656169690114567
957;-0.9996012266625222;-0.5000790067715054;0.3267435390188085
958;-0.9995922996269361;-0.500059854408045;0.4014135892803279
959;-0.9995823111248874;-0.5000836299924047;0.3266813163440232
960;-0.9995718965434274;-0.5000671676976925;0.3474906779796364
961;-0.9995614255997151;-0.5000569744669694;0.41853823780812405
962;-0.9995506624608043;-0.5000639079849647;0.40123053055923086
963;-0.9995398023130111;-0.5000585611043349;0.3758157680265857
964;-0.9995285916717507;-0.5000663939125525;0.401143155168452
965;-0.9995172459386726;-0.5000606161285308;0.41835845719793596
966;-0.9995044044492192;-0.500102742395794;0.32647852605194294
967;-0.9994909608914984;-0.5000786647452942;0.34751840770091147
968;-0.9994769011383793;-0.5000807766132971;0.34752217181488854
969;-0.9994612417544587;-0.5001131486028398;0.32618850287446355
970;-0.9994452868538702;-0.5000764391302761;0.4008964995670279
971;-0.9994293156227488;-0.5000690288817582;0.3759173002629227
972;-0.9994129812550601;-0.5000806936667824;0.40081915484549724
973;-0.9993965868744574;-0.5000726422696196;0.41803017863280245
974;-0.9993801042447741;-0.5000743910273262;0.4179918717386666
975;-0.9993615786458823;-0.5001373762141141;0.32603985667466795
976;-0.9993430408979384;-0.5000780857210161;0.4179169708150978
977;-0.9993244567540438;-0.5000800109527936;0.41788035849210026
978;-0.9993054036485493;-0.5000943956066451;0.4006006527768712
979;-0.9992858629737362;-0.5000967941796183;0.40056611369694095
980;-0.999265816118698;-0.5000992181553481;0.4005320870084291
981;-0.9992456780457486;-0.5000876874224238;0.41773928122650383
982;-0.9992249665346591;-0.5001040812182085;0.4004655330073832
983;-0.9992041293567531;-0.5000915022671183;0.4176718325528891
984;-0.9991821707414469;-0.5001246061246238;0.34757205128266255
985;-0.9991573567525249;-0.5001840619995727;0.326025053084253
986;-0.999131538698275;-0.500131118113798;0.3475769803695732
987;-0.999104697000436;-0.5001346622203988;0.347579355412006
988;-0.9990748703290209;-0.5002015570373395;0.32596413670161506
989;-0.9990446790793424;-0.5001233876173384;0.4002473344859685
990;-0.9990113705956898;-0.5002148994083678;0.3259248879852109
991;-0.9989749385429441;-0.5002227478327698;0.3257011871111313
992;-0.9989389663701619;-0.5001128497434735;0.41739143233152654
993;-0.9988996172351605;-0.5002386502389086;0.3256638572324827
994;-0.9988600720948413;-0.5001421365365585;0.4001042453013235
995;-0.9988195029322784;-0.5001705790980048;0.3475963618618647
996;-0.9987751504828539;-0.5002645849167592;0.3256096041747153
997;-0.9987313958285218;-0.5001287613057204;0.41725028755653815
998;-0.9986835442505153;-0.5002835439968283;0.3255745070897186
999;-0.998635481367464;-0.5001644450693324;0.3999704772179463
1000;-0.9985880066750722;-0.500138973465424;0.37618504037929146
