0;-0.3130553173768743;-0.7100729222605325;2.883552262809357
1;-0.31548266363333843;-0.7141666641150461;2.801073282681401
2;-0.318435769332879;-0.7176593627722145;2.777127099851164
3;-0.3220547977436573;-0.7205023659211336;2.700270302189444
4;-0.32640914068948623;-0.7226571716255056;2.6922186796369094
5;-0.33152871990727806;-0.7240941157950318;2.669977489341849
6;-0.3374290379349624;-0.7247939013270605;2.6397307242821415
7;-0.34412027845055726;-0.7247499608271208;2.5675786437254837
8;-0.3516165185583363;-0.7239693559336462;2.4050681526848656
9;-0.359941663538199;-0.7224710437951013;2.3611237311229827
10;-0.36912745128420094;-0.72028334942294;2.253955336845283
11;-0.3792059861146974;-0.7174431251930787;2.1768640362836345
12;-0.39020151765605204;-0.7139959678841443;2.1125703543510292
13;-0.40212442489059586;-0.7099954959570361;2.0753827377683565
14;-0.41496824853131015;-0.7055010023799231;2.064481425991298
15;-0.42870887082492376;-0.7005742807814616;2.0469170815985422
16;-0.4433045398900765;-0.6952767200887775;2.0310515366415505
17;-0.45869634296782247;-0.6896671921456085;2.0433483631801233
18;-0.47480916187791006;-0.6838009360745873;2.113374278809533
19;-0.49155263556343576;-0.6777296868286862;2.117585602940601
20;-0.5088214964339907;-0.671503065886126;2.1466513038788935
21;-0.5264952902291048;-0.6651707346591965;2.188083984902409
22;-0.5444382755904905;-0.6587844366128508;2.325471074918872
23;-0.5625004730711498;-0.652399148870774;2.1793563744124174
24;-0.5805202818135468;-0.6460730637219765;2.1052632957766164
25;-0.5983284662407438;-0.6398665731816016;2.044421002374946
26;-0.615753163047828;-0.6338405368162707;2.0082623953343273
27;-0.6326256562438551;-0.6280540329315424;2.0018484214012378
28;-0.6487866826294796;-0.622561748572172;2.017818280101995
29;-0.6640929570278598;-0.6174111756787166;2.0787778411299205
30;-0.6784235114983375;-0.6126398169631804;2.035412545486276
31;-0.6916853087885204;-0.6082726751039884;2.056663609979173
32;-0.7038174354975733;-0.6043203906477768;2.099553216104407
33;-0.7147931225899291;-0.6007784406704664;2.0355954188204612
34;-0.7246190350547449;-0.5976277263021704;1.9064994376418336
35;-0.7333317949877862;-0.5948366176338755;1.896491363416827
36;-0.7409924306382376;-0.5923641450954773;1.8495414548618663
37;-0.7476800296070559;-0.5901637007381718;1.8655903314725912
38;-0.7534859403014343;-0.5881865370781616;1.807935449045241
39;-0.7585093442430271;-0.5863845725115195;1.7947782165047526
40;-0.7628542609625443;-0.5847123692789769;1.7990197355581508
41;-0.7666275025370793;-0.583128421569256;1.827301717793601
42;-0.7699369569396812;-0.5815959827272258;1.8428065638037376
43;-0.7728897301376354;-0.5800836261208948;1.904325730557987
44;-0.7755899059573895;-0.5785656708161386;1.8625576565991886
45;-0.7781358687104654;-0.577022559069396;1.866221611934135
46;-0.7806172619093292;-0.5754412393850644;1.9169387447120727
47;-0.7831117480343781;-0.5738155656290795;1.9259092517185097
48;-0.7856817949435206;-0.5721466718487502;1.9108493678801282
49;-0.7883717371873118;-0.5704432455449944;1.9152712322850947
50;-0.7912053463675566;-0.5687216141377543;1.9404887243193556
51;-0.7941841082339276;-0.5670055757266802;1.9439200386405575
52;-0.7972863627521657;-0.5653259302703131;1.9810913090035462
53;-0.800467426181909;-0.5637196882683336;2.041757581432761
54;-0.8036607798734245;-0.5622289477455813;2.08118358272359
55;-0.8067803711407688;-0.5608994411659555;2.0985754020883496
56;-0.8097240190627908;-0.5597787685016331;2.1576508630673494
57;-0.8123778486721387;-0.5589143556846522;2.237607844370166
58;-0.8146215930944094;-0.5583512097537789;2.2158723980601955
59;-0.8163345126415767;-0.5581295799305258;2.242137669997672
60;-0.8174015943072446;-0.5582826714766612;2.3517635717422487
61;-0.8177196282341519;-0.558834588811618;2.4257239829693464
62;-0.8172027232108711;-0.5597986981635509;2.3257593811335955
63;-0.8157868321654178;-0.5611765915156972;2.276705442496954
64;-0.813432916365638;-0.5629577991988147;2.316620036701182
65;-0.8101284811444706;-0.5651203385939629;2.239481562335096
66;-0.8058873561835501;-0.5676321057243601;2.256541523462357
67;-0.8007477543437505;-0.5704530232689967;2.1910664530311106
68;-0.7947688076330407;-0.5735377636938251;2.1720603324238485
69;-0.7880259293037915;-0.5768387835425852;2.164807987094145
70;-0.7806054665118025;-0.5803093515461892;2.15020911335812
71;-0.7725991640421708;-0.583906247378296;2.1202942163644085
72;-0.7640989354952883;-0.5875918613530493;2.122339077737015
73;-0.7551923318750506;-0.5913355325469102;2.161197555601225
74;-0.7459589375522289;-0.595114095961784;2.1851267967267103
75;-0.7364677655083933;-0.5989117274033224;2.2076580367666527
76;-0.726775624187852;-0.6027192435049842;2.1904437955275027
77;-0.7169264122383587;-0.6065330240388443;2.169683620767334
78;-0.7069513426583969;-0.610353691112802;2.104726189341772
79;-0.6968701485729705;-0.6141846346062012;2.0932360643847776
80;-0.686693322161473;-0.6180304399602049;2.114976045667285
81;-0.6764253582776162;-0.6218952635074821;2.1496260897715835
82;-0.6660688287979437;-0.6257812089070427;2.188723727446676
83;-0.655628950022842;-0.6296867769558465;2.2056519142243016
84;-0.6451181813890787;-0.6336054817784345;2.224526538681415
85;-0.6345603513302;-0.6375247430978578;2.3003722089628322
86;-0.6239938542242014;-0.6414251707164127;2.2257737936607125
87;-0.6134735773107727;-0.6452803463841734;2.1785093545440426
88;-0.6030713597615587;-0.6490571761624565;2.2155295873200136
89;-0.5928749273573887;-0.652716836995602;2.2139235280315486
90;-0.582985374894387;-0.6562162837876495;2.216643023362181
91;-0.573513387764718;-0.6595102265382062;2.2094544431697876
92;-0.5645745057827944;-0.6625534364700897;2.302517782310924
93;-0.5562838256245046;-0.6653032004211359;2.2879242819750805
94;-0.5487505927735273;-0.6677217207060726;2.158151406052594
95;-0.5420731319013934;-0.6697782595356815;2.1050716538404193
96;-0.5363345026974125;-0.6714508548439289;2.1152183775745725
97;-0.5315991590255233;-0.6727274839477687;2.0715493752552145
98;-0.5279107553150472;-0.6736066144995374;2.016745398125575
99;-0.5252911098027202;-0.6740971484737485;2.0446760003311946
100;-0.5237402215532164;-0.6742178239461682;1.9726338909160488
101;-0.5232371632549154;-0.6739961818911848;1.9525228365579834
102;-0.5237416419857652;-0.673467225222409;1.9745006154850828
103;-0.5251960324520534;-0.672671894029264;1.9302132149238356
104;-0.5275277297048121;-0.6716554588426669;1.9340616508943005
105;-0.5306517243065879;-0.6704659008384635;1.943479662261279
106;-0.5344733554683657;-0.6691523134774449;1.9277782789352915
107;-0.5388912333319993;-0.6677633326411593;1.983580782375237
108;-0.5438003323040258;-0.6663455878911558;1.9904339416876358
109;-0.5490952412409469;-0.6649421687689798;1.8766847138440932
110;-0.5546735172326727;-0.6635911162152582;1.859627638083489
111;-0.5604390363691957;-0.6623239762085789;1.8456683320765517
112;-0.5663051790889283;-0.6611644843047463;1.8363815821594145
113;-0.5721976428399045;-0.6601274783651304;1.8519782314251234
114;-0.5780566535741724;-0.659218154768904;1.889401830118866
115;-0.5838383597469121;-0.6584317842978673;1.965623687503438
116;-0.5895152421346281;-0.6577539836397718;2.002713621112947
117;-0.5950754565585734;-0.6571615968404287;2.050652003607319
118;-0.6005211333382232;-0.6566241823418884;2.203196828368995
119;-0.605865769907976;-0.656106033971732;2.25926719635374
120;-0.6111309521891333;-0.6555685995415254;2.3316544085722914
121;-0.616342708940872;-0.6549731099356467;2.385225704461238
122;-0.6215278304579862;-0.6542832037271537;2.296314881534446
123;-0.626710466023074;-0.6534673321036109;2.347402093639833
124;-0.6319092592385044;-0.6525007556959929;2.4465804816781294
125;-0.6371351989325976;-0.6513669935206615;2.370787385594715
126;-0.6423902709839246;-0.6500586461752305;2.378235638787613
127;-0.6476669078798333;-0.648577580923504;2.393888115518147
128;-0.6529481596763629;-0.6469345262193844;2.39751242764191
129;-0.6582084592853549;-0.6451481703883304;2.261009147848412
130;-0.6634148290758644;-0.6432438892057479;2.228043389224528
131;-0.6685283730450944;-0.641252238637157;2.1507538098801375
132;-0.6735059146406701;-0.6392073436179235;2.1260988298159953
133;-0.6783016680231776;-0.6371452954442494;2.1564402742363677
134;-0.6828688625282766;-0.635102644637469;2.1250935213614808
135;-0.6871612689504302;-0.6331150489268722;2.1594970720018973
136;-0.691134596156381;-0.6312161123657257;2.308926588256289
137;-0.6947477343311834;-0.6294364348255465;2.1876339183993068
138;-0.6979638176108621;-0.6278028819620582;2.177030716773067
139;-0.700751069213788;-0.6263380821988046;2.2228024163947038
140;-0.703083385680578;-0.6250601549668973;2.2235641836502977
141;-0.7049406240710818;-0.6239826680867503;2.1940355487140852
142;-0.7063085838463656;-0.6231148081093262;2.145843855634183
143;-0.7071787210068405;-0.6224617264378268;2.1065795007903545
144;-0.7075476811471036;-0.6220250025652128;2.0364778072790233
145;-0.707416768870675;-0.6218031534631251;2.043861172702888
146;-0.706791467195262;-0.621792122318926;1.996699890288081
147;-0.7056810821948104;-0.621985700179054;1.9677697699557162
148;-0.7040985323014084;-0.6223758624607358;1.9473201998149694
149;-0.7020602521185637;-0.6229530275943507;1.9677653878203867
150;-0.6995861541675107;-0.623706259322877;1.9420943942623627
151;-0.696699592180133;-0.6246234357562985;1.9450067356956056
152;-0.6934272888333519;-0.6256914006598097;1.9743703273041486
153;-0.6897992174867813;-0.6268961011244745;1.9345611747382847
154;-0.6858484515302001;-0.6282227054441945;1.921599969775031
155;-0.6816110106248935;-0.6296556884406515;1.9396158811709177
156;-0.6771257387708124;-0.6311788694595745;1.9648064324304393
157;-0.6724342457459642;-0.632775390369628;2.0399142359171805
158;-0.6675809331959792;-0.6344276261436028;2.0003648830581726
159;-0.6626131117513386;-0.6361170279632988;1.93929431030132
160;-0.6575811978617052;-0.6378239074430723;1.931490444942072
161;-0.6525389599252853;-0.6395271799304867;1.9732029232172854
162;-0.6475437638262986;-0.6412040944769568;2.032142845532307
163;-0.6426567492288;-0.6428299875357597;1.9219303817707991
164;-0.6379428511844872;-0.6443781061666138;1.9198692654898069
165;-0.6334705684062821;-0.6458195537237981;1.901008299046581
166;-0.6293113718559147;-0.6471234156795722;1.9264235996420336
167;-0.6255386471831775;-0.6482571242193653;1.912985401310722
168;-0.6222260741557012;-0.6491871162824595;1.9598994939557137
169;-0.6194453676185665;-0.6498798295326043;1.9663560602255439
170;-0.6172633398184397;-0.6503030630721403;1.940085984202285
171;-0.6157382951909598;-0.6504277034114228;1.9352041226553776
172;-0.614915837524486;-0.6502297805001259;1.923758416070561
173;-0.6148242555427261;-0.6496927737769457;1.9793415508712335
174;-0.6154697521099859;-0.6488100365709243;1.9662778664753169
175;-0.616831883783072;-0.6475871544284286;1.9904713024722553
176;-0.6188596635295418;-0.6460440083259157;2.0518781386210048
177;-0.6214688278997965;-0.6442162888456959;2.1016814369903063
178;-0.6245407604455471;-0.6421562128755713;2.1228475422011734
179;-0.6279234846258538;-0.6399322359416104;2.0687382728980355
180;-0.6314349943707542;-0.6376276290594073;2.1332750472048065
181;-0.6348689938968791;-0.6353378899743013;2.1416303036545568
182;-0.6380028923247185;-0.6331670716741231;2.1789269265330216
183;-0.6406076665104308;-0.6312232225100157;2.2622915562749477
184;-0.6424589896438478;-0.62961323055839;2.1637887792200305
185;-0.6433488461351508;-0.6284374406439637;2.169145524945351
186;-0.6430967395445497;-0.6277844574982797;2.1552899773524796
187;-0.6415595744967886;-0.6277265550365235;2.143519602035234
188;-0.6386393743327096;-0.6283160733293367;2.0842928872685937
189;-0.634288187664452;-0.6295830994402751;2.099853382398339
190;-0.6285098219008968;-0.6315346013065941;2.069883759863583
191;-0.6213583816707096;-0.6341550297843123;2.0765549370553136
192;-0.612933931599259;-0.6374082452024351;2.131640835947169
193;-0.6033758894362097;-0.6412404872910702;2.1602469132188413
194;-0.5928549396830116;-0.6455840150084662;2.159996739183753
195;-0.5815643120877745;-0.6503610114117416;2.1733761966615446
196;-0.5697111922831313;-0.6554873818460347;2.2041037350520565
197;-0.5575088489131539;-0.6608761612233479;2.178256532440866
198;-0.5451698196581366;-0.6664403661121348;2.0851200914158197
199;-0.5329002547651358;-0.6720952511193883;2.04860188253985
200;-0.5208953241057124;-0.6777600284376146;2.0241678510553314
201;-0.5093354875589171;-0.6833591644389436;1.9867144150548137
202;-0.49838341718763157;-0.6888233719704846;1.9142857917032259
203;-0.48818142526016156;-0.6940903815771722;1.8854392495918089
204;-0.4788493593868276;-0.6991055210078134;1.8465123711415203
205;-0.4704830364789338;-0.7038220842108106;1.804576331700598
206;-0.4631533714298854;-0.7082014447786584;1.780935390804769
207;-0.45690639809894096;-0.7122128669920632;1.7732098053083334
208;-0.45176437246577605;-0.7158329819211021;1.838249906976214
209;-0.4477280871661022;-0.7190449165025397;1.7823724302526984
210;-0.4447804116419824;-0.7218370869827588;1.7661454229713538
211;-0.44289090956107585;-0.724201699100105;1.7661335779818117
212;-0.4420211979059514;-0.7261330408796497;1.8152211663903148
213;-0.44213054167890853;-0.727625706658241;1.8530842928257678
214;-0.4431810755198779;-0.7286729385931295;1.8304408998784418
215;-0.44514204956552456;-0.7292652950321898;1.8390887421194009
216;-0.44799262011663155;-0.7293898406767065;1.9341173910782068
217;-0.45172291144591126;-0.7290300036830513;1.9435901732481127
218;-0.45633329795387;-0.7281661764595065;1.8682301266499775
219;-0.4618320338280669;-0.7267770696371353;1.7982475304274181
220;-0.4682314667530757;-0.7248417711694385;1.7679082085920483
221;-0.47554313714296786;-0.722342407530858;1.6916778808367354
222;-0.4837721316275027;-0.7192672376376097;1.758821605002511
223;-0.4929111583489913;-0.7156139275114022;1.6439866588757959
224;-0.5029349278206768;-0.7113926687548224;1.6716779116103242
225;-0.5137955034669608;-0.7066287465513555;1.641912103519352
226;-0.5254192672027502;-0.7013641662434624;1.6175031033375913
227;-0.5377059895676145;-0.6956580319297887;1.524775241854446
228;-0.550530213003673;-0.6895855314405995;1.5110077146048615
229;-0.5637448154332446;-0.6832355867403717;1.5346308110539622
230;-0.57718631472653;-0.6767074243965638;1.5591741532461765
231;-0.5906812902767278;-0.6701064528502829;1.5543477306279974
232;-0.6040532757159868;-0.6635398684798663;1.5354581861544592
233;-0.6171295897783236;-0.6571123544769437;1.5318031170487845
234;-0.6297477393169807;-0.6509221255631814;1.5987164640641904
235;-0.6417611564609376;-0.6450574654201782;1.4983980880877872
236;-0.6530440659962224;-0.6395938486495596;1.5191481407861755
237;-0.6634952317148439;-0.6345917459885742;1.5892613624215133
238;-0.6730402708637006;-0.6300952516430427;1.7226487913184108
239;-0.6816322359541525;-0.626131694910645;1.5910048274223978
240;-0.6892502892590747;-0.6227123626671708;1.539324112976247
241;-0.6958965245337566;-0.6198343528872496;1.5048828030214922
242;-0.7015912626612267;-0.6174834241456669;1.4578958173962824
243;-0.7063673872119824;-0.61563754488195;1.4547423439567275
244;-0.7102644309019992;-0.6142707238563342;1.4905976146846287
245;-0.7133231437597756;-0.6133566508593441;1.5094439050133743
246;-0.7155811702896233;-0.6128717046281543;1.5484415007931427
247;-0.7170702636422919;-0.6127969834335042;1.529558550700207
248;-0.7178152119645643;-0.6131191604576468;1.4880607840173203
249;-0.7178343909850629;-0.6138301345462803;1.4810361757824304
250;-0.7171416274738026;-0.6149256133139047;1.5172904214019483
251;-0.7157488913321347;-0.6164029099112625;1.6116327135712598
252;-0.7136692508213403;-0.6182583390703884;1.6082065490982735
253;-0.7109195364296224;-0.6204846459471933;1.6014167523201253
254;-0.7075222613607599;-0.6230688821432216;1.604240069418677
255;-0.7035065211866889;-0.6259910589548758;1.6598143960208358
256;-0.6989078062974662;-0.6292237755871971;1.6977511573739348
257;-0.6937668639520912;-0.6327328670311986;1.7391157897906044
258;-0.6881279006825394;-0.6364789693173809;1.7506133916153461
259;-0.682036493771003;-0.64041977742199;1.753765421433328
260;-0.6755375758452504;-0.6445126832384522;1.8044548496042043
261;-0.6686737811719633;-0.6487174344106477;1.8695883447745967
262;-0.6614843202786975;-0.6529984567938376;1.9035752737615703
263;-0.6540044111826024;-0.6573265401557674;1.945185442038409
264;-0.6462651712980618;-0.6616796969992583;1.955752418470181
265;-0.6382937905082151;-0.6660431522619712;1.9806011608762875
266;-0.6301137802542329;-0.6704085763122822;2.083134710343505
267;-0.6217451290332366;-0.6747727973109361;2.1116826719216726
268;-0.6132042783665899;-0.6791362906380424;2.1148453733521815
269;-0.6045039391986572;-0.6835017307158722;2.195807848894708
270;-0.5956528664710714;-0.6878728150425126;2.143741685341381
271;-0.5866557741885171;-0.6922534591260523;2.1682120879847284
272;-0.5775135911753991;-0.6966473468693942;2.172683458570266
273;-0.5682242280265337;-0.7010577308223791;2.160421432481107
274;-0.5587839567894861;-0.7054873264729716;2.161765596013963
275;-0.5491894093635817;-0.7099381389316513;2.1690784486454637
276;-0.539440091923438;-0.714411095035415;2.2095225245852745
277;-0.5295412040817269;-0.7189054197587975;2.2911302142889065
278;-0.5195064571196779;-0.7234177798685525;2.3362212218389105
279;-0.5093605220475133;-0.7279413037212474;2.3413051556222304
280;-0.4991407241720213;-0.7324646552282135;2.4115362772692857
281;-0.4888976528362025;-0.7369713737828826;2.4343147182703104
282;-0.4786944802468604;-0.741439676767266;2.4878978951362334
283;-0.468604971951706;-0.7458428535485055;2.498487002393699
284;-0.45871039280006115;-0.7501502694263514;2.530530367835156
285;-0.44909571791123987;-0.7543288679682301;2.586905199820029
286;-0.43984569446554267;-0.7583449430528415;2.6909438394590786
287;-0.4310413253418932;-0.7621658812671308;2.8397672439452784
288;-0.4227572476048216;-0.7657615745324633;2.895108506792341
289;-0.41506028367436376;-0.7691052752128763;3.0724476205890006
290;-0.40800920867803747;-0.7721737906537383;3.0540144237306635
291;-0.4016555729171691;-0.7749470523186057;3.0304051286410605
292;-0.3960452963317538;-0.7774072043360801;3.020250798487387
293;-0.39122072789858536;-0.7795374088222031;2.999564496971121
294;-0.38722291011362925;-0.7813205572037474;3.1006597446219004
295;-0.3840938504629868;-0.7827380299485263;3.1683241672722304
296;-0.3818786184582359;-0.7837685990257152;3.1443238801223545
297;-0.3806270273041571;-0.7843875535378073;3.2374206658757263
298;-0.3803945443837127;-0.7845661646063384;3.257726951833504
299;-0.38124197758263323;-0.7842716745610527;3.4480900083386583
300;-0.38323349906705123;-0.7834680529466049;3.2468401995238407
301;-0.3864327557288062;-0.7821177541286438;3.2633954439794155
302;-0.39089715827489313;-0.7801846046752835;3.255974386555011
303;-0.39667083613923315;-0.777637750507355;3.180614355461722
304;-0.40377705239728623;-0.7744563510592422;3.1458709457301133
305;-0.41221098969461156;-0.7706344853981354;3.0596046988782053
306;-0.42193373461459716;-0.7661855927191479;2.9409107499380904
307;-0.43286806779723885;-0.7611457523147682;2.9046989910829613
308;-0.44489637848845587;-0.7555752482302369;2.93034893497469
309;-0.4578607034233044;-0.7495581614752118;2.9504266172701743
310;-0.4715645987071174;-0.7432001169673987;2.8877472817270506
311;-0.48577640831789765;-0.7366246390720211;2.943703522183183
312;-0.5002336028586137;-0.7299686972896382;2.9447747322159286
313;-0.5146482037213932;-0.7233779131045309;2.9923783361982763
314;-0.5287136994633637;-0.7170016404985219;2.98033882357845
315;-0.5421140603690925;-0.7109878865753964;2.9926917243582087
316;-0.5545352823093748;-0.7054779517877234;3.0963431064369984
317;-0.5656793074130331;-0.7006008108361478;3.0939630951382178
318;-0.575279348930898;-0.6964675720486467;3.006554222422149
319;-0.5831149755085713;-0.6931666475289819;2.947330364151168
320;-0.5890252142616414;-0.6907602600704794;2.9267069629202616
321;-0.5929185084362796;-0.6892824514936322;2.975533673359583
322;-0.5947791064923232;-0.6887380725149692;2.9313899742136367
323;-0.5946696008949307;-0.6891019599155482;2.9000862374585528
324;-0.5927287589772395;-0.6903181578821092;2.8292284309464613
325;-0.5891634007307667;-0.6923002553558455;2.891447314575087
326;-0.5842338383946033;-0.6949344947516386;2.854481218735184
327;-0.5782341094022979;-0.698086485920006;2.786781161713031
328;-0.5714697800637508;-0.7016107422336723;2.6593316896357257
329;-0.5642365905640916;-0.7053611103763203;2.584602632751193
330;-0.5568026116681216;-0.7092001080184973;2.5342337041492606
331;-0.5493953958753791;-0.7130059263977192;2.513948990287448
332;-0.5421943901956708;-0.7166768036890169;2.490494265379542
333;-0.5353279900001208;-0.7201332055663761;2.4529180542754423
334;-0.5288741720343998;-0.7233185916586292;2.459169635601885
335;-0.5228635910842345;-0.7261995099619071;2.4547009164066593
336;-0.5172842032646946;-0.7287654651866757;2.4625161255753785
337;-0.5120867255800097;-0.7310286259482811;2.502501975405822
338;-0.5071904807381182;-0.7330231302267503;2.4973132197852492
339;-0.5024894722461332;-0.7348035931071367;2.430717972093265
340;-0.4978590038334059;-0.7364423757051678;2.3698448485478973
341;-0.4931637531919986;-0.7380251516575606;2.3300883858391797
342;-0.48826860103436565;-0.7396443070740754;2.2996281140107833
343;-0.48305325597562115;-0.7413898794861532;2.299396456464327
344;-0.4774305898708075;-0.7433382538564004;2.303466121121717
345;-0.4713668375551208;-0.7455396800536622;2.2649424099829325
346;-0.46490003039681177;-0.7480065890845072;2.28739346934099
347;-0.4581519646869807;-0.7507052609570631;2.3566788561573646
348;-0.4513292247345524;-0.7535533027421754;2.2989667657106776
349;-0.44471045444015767;-0.7564245264337963;2.280496840331423
350;-0.4386198765146967;-0.7591613369905374;2.304468788189315
351;-0.43339026078580223;-0.7615930235137569;2.214476787113157
352;-0.42932119782959327;-0.7635568706188021;2.167628923317755
353;-0.42663978404573216;-0.7649182744457538;2.1673651639010587
354;-0.4254703064109588;-0.7655864401335898;2.217733150209547
355;-0.42581765296246876;-0.7655236859458792;2.3155975706840977
356;-0.42756684091198066;-0.7647480982122742;2.3307293942294094
357;-0.4304987261686843;-0.7633302526733621;2.3476192314673816
358;-0.4343194982230119;-0.7613847591638305;2.5481325855477763
359;-0.43869902023408724;-0.7590573408939216;2.4716791106080898
360;-0.44331126767440365;-0.7565087572642715;2.507449635514788
361;-0.4478700396797643;-0.7538978248351587;2.4476092408048897
362;-0.45215485975637;-0.7513661946239116;2.502182599017057
363;-0.4560246275871346;-0.7490269731348327;2.4758396781552885
364;-0.4594191078653645;-0.7469581264854906;2.386581096809119
365;-0.4623502745564192;-0.7452005403332234;2.2978697364518905
366;-0.4648867384239774;-0.7437599501824874;2.297732480328424
367;-0.4671348410749246;-0.7426117129461591;2.3016791219723953
368;-0.46921950135036616;-0.7417074644265655;2.2998628001029706
369;-0.471266909763331;-0.7409829183284933;2.326821793120085
370;-0.4733902363655523;-0.7403661775851801;2.3489904431848467
371;-0.47567897973827866;-0.7397858542897008;2.441346861352426
372;-0.4781923608686052;-0.7391781708602108;2.574904272689003
373;-0.48095695328910176;-0.7384922649687734;2.441255958967272
374;-0.4839683377655092;-0.7376932367012508;2.4265626450754336
375;-0.4871960298512231;-0.7367629537365021;2.468507926723693
376;-0.49059047412846624;-0.7356990577411899;2.5511464704998565
377;-0.49409072743284194;-0.7345128186757006;2.6846020010277925
378;-0.4976316125295676;-0.7332264233736159;2.557635426936195
379;-0.5011495177437175;-0.7318700574804158;2.595234718929616
380;-0.5045864905131678;-0.7304789043704552;2.51098179783451
381;-0.5078926865312267;-0.729090065887337;2.4767915778873695
382;-0.5110275125528942;-0.7277394381951052;2.5145915321544825
383;-0.5139599219392258;-0.7264586893077116;2.6514262730146863
384;-0.5166683098756335;-0.725272582328848;2.5969039281917046
385;-0.5191403484761031;-0.7241969005996457;2.6194023116252096
386;-0.521372941520762;-0.7232371561732618;2.6303278972129225
387;-0.5233723055002693;-0.7223881501849221;2.6467725153703
388;-0.5251540391979197;-0.7216343550493872;2.72942042021015
389;-0.5267429625069904;-0.7209510265237563;2.6415336284865365
390;-0.5281725024798518;-0.720305922198045;2.553076622085088
391;-0.5294834717366963;-0.7196614874251756;2.500625514960718
392;-0.5307221912437657;-0.7189773633143026;2.463976110650985
393;-0.5319380175687992;-0.7182130755275918;2.421058074560958
394;-0.5331804124516204;-0.7173307776813902;2.4417050976884385
395;-0.5344957267332398;-0.7162979422712911;2.5987021325140796
396;-0.5359238696079076;-0.7150899032846068;2.548016265519159
397;-0.5374950216078055;-0.7136921485813723;2.5469704304140577
398;-0.5392265537451096;-0.7121022351385415;2.5999426732978748
399;-0.5411203547695144;-0.7103311632570226;2.554625396429247
400;-0.5431608408379343;-0.708404011335378;2.4763384420712944
401;-0.5453139960412237;-0.7063596227355174;2.507611238533078
402;-0.5475278160409283;-0.7042491763657502;2.54726663781405
403;-0.5497344510116347;-0.7021335807831869;2.4597323217278757
404;-0.5518541515761799;-0.7000798018214263;2.440665256314642
405;-0.5538008457975037;-0.6981564280526402;2.399049343612829
406;-0.5554888891888902;-0.6964289374458268;2.380903178442494
407;-0.5568403117125187;-0.6949551976382031;2.3462465766766543
408;-0.5577917856068701;-0.6937816875903808;2.3507571315400124
409;-0.5583005610046203;-0.6929407880666101;2.4018441635704804
410;-0.5583487327631027;-0.6924493017583951;2.38982449134296
411;-0.5579453697628243;-0.6923081888683971;2.4526180243643187
412;-0.5571262249398902;-0.6925033857184788;2.511838663330084
413;-0.5559509382528232;-0.6930075328363906;2.5371014727595975
414;-0.5544978507233237;-0.6937824662499857;2.6173528844586826
415;-0.552856777273486;-0.6947823828983346;2.543855853186326
416;-0.5511203431190029;-0.6959576174849228;2.3984418712312614
417;-0.5493747541329197;-0.6972589057505669;2.3609785430738426
418;-0.5476910954550862;-0.6986418416690526;2.3714053561644413
419;-0.5461183596273407;-0.7000710154572467;2.4476346460278275
420;-0.544679321798778;-0.701523151210115;2.356716941864451
421;-0.5433700642405067;-0.7029885535654674;2.316073473424879
422;-0.542163417241322;-0.7044703743059042;2.284336724992353
423;-0.5410158952845774;-0.7059815991384792;2.291885203197067
424;-0.5398769842801666;-0.7075401468255618;2.369572738727431
425;-0.5386990405773194;-0.7091629473197769;2.3241871416375903
426;-0.5374457812011794;-0.7108601945119215;2.2426731128279407
427;-0.5360975306653685;-0.712631043595685;2.2308843458713548
428;-0.5346520850718174;-0.7144617846474539;2.2854645226858867
429;-0.5331211297580792;-0.7163269955792948;2.244320770286208
430;-0.5315233117976211;-0.7181934735089572;2.226230284197477
431;-0.5298759681279389;-0.7200260454406335;2.238329277209219
432;-0.5281878635484698;-0.7217938612524752;2.2468984459520467
433;-0.5264549961724257;-0.7234756214374787;2.249690577116886
434;-0.5246606708834344;-0.7250624484704391;2.247573949316813
435;-0.5227798639543162;-0.7265577286196154;2.305599956519066
436;-0.5207867349897716;-0.7279740746749894;2.4500589848735714
437;-0.5186633274860253;-0.7293283416795195;2.314169639712958
438;-0.5164072678127034;-0.730636104576027;2.2933671615729367
439;-0.5140366437632803;-0.7319070250523736;2.276223419866752
440;-0.5115910450218099;-0.7331421265869077;2.207404657557765
441;-0.5091287299584346;-0.7343333374223789;2.161109105743551
442;-0.5067208022610249;-0.7354649724659669;2.1065286687031466
443;-0.5044438999993439;-0.7365163194246935;2.1063276739831394
444;-0.5023730126685033;-0.7374643498392122;2.0903006420364045
445;-0.5005756009807857;-0.7382858587897546;2.1059356660777846
446;-0.4991074337282877;-0.7389589001455603;2.1033498197081966
447;-0.49800989982160415;-0.7394638913826475;2.1050582595431577
448;-0.49730831549247395;-0.7397849097023309;2.019285902303883
449;-0.4970109209474207;-0.7399114403721542;1.9812673015794324
450;-0.4971085996206008;-0.7398403754517128;2.0580968440700627
451;-0.49757558851967765;-0.7395776820673681;2.0048918960429085
452;-0.49837144279603773;-0.7391390611697718;1.9716548467044153
453;-0.49944429325682466;-0.7385491355244627;1.9232652941843835
454;-0.5007351214914602;-0.7378391289728292;1.9526774772642939
455;-0.5021825254423853;-0.7370434473646542;1.9494559360877186
456;-0.5037273544529717;-0.7361958801206943;1.8771810272503342
457;-0.5053166633372952;-0.7353262139092415;1.806257486438384
458;-0.5069066094141149;-0.734457881297586;1.781822075713841
459;-0.50846412057908;-0.7336069425791698;1.7868061933303174
460;-0.5099673480876359;-0.7327823525806964;1.8316920965228938
461;-0.5114050667534437;-0.7319872063079471;1.8276445971796615
462;-0.5127752924603286;-0.7312205266457527;1.816747932082749
463;-0.514083445771483;-0.7304791372197345;1.8632115486523275
464;-0.5153403935310333;-0.7297592255931805;1.9216400601072843
465;-0.5165606472487075;-0.7290573266306771;1.8980174070244924
466;-0.5177608998371508;-0.7283706223933066;1.8030792808899603
467;-0.5189589638294699;-0.7276966294406948;1.8246443257980662
468;-0.5201730612056744;-0.7270324853195229;1.810639876795632
469;-0.5214213304158095;-0.72637412150809;1.9611180633715555
470;-0.5227213750221958;-0.7257156108194123;1.8007089358724986
471;-0.5240896859456933;-0.7250489153692692;1.7206324470851933
472;-0.5255408212969058;-0.7243641600349278;1.6817592130040364
473;-0.5270863109319803;-0.7236504405994847;1.6698657911240347
474;-0.5287333471161049;-0.7228970671920645;1.6797622291623397
475;-0.5304834053994255;-0.7220950600078146;1.7220023567367218
476;-0.5323309915647747;-0.7212386685801216;1.8474520142473003
477;-0.5342627203224788;-0.7203266839628888;1.7604301712471904
478;-0.5362568997761662;-0.7193633519788055;1.7793840190180474
479;-0.5382837338190997;-0.7183587634926994;1.8402151667991995
480;-0.540306180287365;-0.717328677288598;1.8083304024831728
481;-0.5422814337473909;-0.7162938048967434;1.902074382495459
482;-0.5441629503252334;-0.7152786415179117;1.9371778339571444
483;-0.545902901371763;-0.7143099576354637;1.8820700466366087
484;-0.547454928488232;-0.7134150744996185;1.8700781575702898
485;-0.5487770656854126;-0.7126200412196887;1.8115773122051373
486;-0.5498346863418497;-0.7119478208586962;1.776501776111552
487;-0.5506033174544931;-0.7114165847006564;1.7910756089746596
488;-0.5510711405064832;-0.7110382108099464;1.7951795366870131
489;-0.5512409713772566;-0.7108170841929539;1.7365054544633425
490;-0.5511314903511761;-0.7107492974171614;1.7721368776924833
491;-0.5507774909115397;-0.7108223468617156;1.7571885543113182
492;-0.5502289483370048;-0.7110154046999133;1.7429395737330589
493;-0.5495487901697278;-0.7113002146312686;1.735480838912684
494;-0.5488093867578889;-0.7116426068362762;1.7653265365584665
495;-0.5480879630769724;-0.7120045556206254;1.80948307830104
496;-0.5474613350902685;-0.7123466196426123;1.6789918848623142
497;-0.5470005484003726;-0.712630525475443;1.6630424813442901
498;-0.5467660883201448;-0.7128216027924255;1.6779036489641201
499;-0.5468042928919072;-0.712890776140561;1.6662474692465952
500;-0.5471454189477786;-0.7128158775628272;1.6696547769964707
501;-0.547803515736869;-0.7125821621095748;1.7100659542905179
502;-0.5487779218187242;-0.7121820598150295;1.7426034999894773
503;-0.5500559092045112;-0.7116143434433426;1.7365972803664564
504;-0.5516158326979221;-0.7108829898693516;1.7997882018292632
505;-0.5534301417484254;-0.7099960358956316;1.755892689576819
506;-0.5554677658340242;-0.7089646711804678;1.6993017699989503
507;-0.5576956371895504;-0.7078026912910277;1.7180170544401159
508;-0.5600793876121303;-0.70652629091066;1.6930442438961555
509;-0.5625834721788382;-0.7051540556506919;1.6893559736634618
510;-0.5651710795099452;-0.7037069477187339;1.7095297082697387
511;-0.5678041706170132;-0.7022080930350234;1.7407292934592615
512;-0.5704438696889558;-0.7006822567951191;1.7793034649833852
513;-0.5730512616241369;-0.6991550097416529;1.8525355913638877
514;-0.5755884933498301;-0.6976516958972667;1.822148850991689
515;-0.5780199783979785;-0.6961963762593195;1.805600490887402
516;-0.5803134895735469;-0.6948109231272235;1.7624785825409923
517;-0.5824409843057328;-0.6935143829074106;1.790709480543994
518;-0.5843791087962434;-0.6923226386069662;1.7788727279706924
519;-0.5861094286312559;-0.691248321490249;1.7823967621170014
520;-0.587618499988101;-0.6903008723144222;1.8084948455626613
521;-0.588897909065311;-0.6894866478350525;1.8445346713804314
522;-0.5899443700922372;-0.6888090021676565;1.865187165759674
523;-0.5907599023799976;-0.6882683272462815;1.972667880691402
524;-0.591352030287075;-0.6878620901341844;2.0096122906122185
525;-0.5917338915847702;-0.6875849389279391;1.9746098053675103
526;-0.5919241166066005;-0.687428953482165;1.9958186996485727
527;-0.5919463586564916;-0.6873840921500562;2.0085972498285014
528;-0.5918284102165914;-0.6874388396891944;1.970970067403354
529;-0.5916009158434073;-0.6875810080545135;1.9721513549726841
530;-0.5912957731819755;-0.6877985956085756;1.9398837618941174
531;-0.5909443802523491;-0.688080583110521;1.9253068495617487
532;-0.5905759261688843;-0.6884175429422237;1.9286421542560472
533;-0.5902159268105489;-0.6888019609579894;1.8927120588726916
534;-0.5898851778042518;-0.6892282116198727;1.8775696776877195
535;-0.5895992427243688;-0.6896921764080773;1.8562901998686365
536;-0.5893685271304294;-0.6901905420050763;1.8320374133112574
537;-0.5891989219852132;-0.6907198502659453;1.8529344672245711
538;-0.5890929432814668;-0.6912753932357921;1.8556816906140723
539;-0.5890512536078195;-0.6918500555044846;1.8183694400311152
540;-0.589074425951489;-0.6924332088395102;1.8325345526824262
541;-0.5891647963857133;-0.6930097669906323;1.8881156929241993
542;-0.5893282448826458;-0.6935595158819872;1.882733251339721
543;-0.5895757376563298;-0.6940568447642654;1.978329471068351
544;-0.5899244583164365;-0.6944710096727759;1.9464872176272399
545;-0.5903983502690968;-0.6947670497685563;1.9997361733406642
546;-0.591027893363;-0.6949074382553145;1.9641344968422692
547;-0.591848948892543;-0.6948544773426899;1.8903640522433647
548;-0.5929005341176597;-0.6945733467835579;1.824023642204279
549;-0.5942214370124663;-0.6940356046036598;1.783751569598917
550;-0.5958456639091207;-0.6932228395663601;1.7508819781719376
551;-0.5977968414064317;-0.692130107416371;1.715327137065949
552;-0.6000818854083537;-0.69076875468878;1.6965717383506185
553;-0.602684513479619;-0.6891682371820813;1.7625318390501554
554;-0.6055594988988884;-0.6873765589104865;1.6952793815864289
555;-0.608628891750648;-0.6854589829124971;1.6275444186996446
556;-0.611781652001426;-0.6834947141477401;1.605661072581492
557;-0.6148780815388403;-0.6815713746653889;1.6113587517158643
558;-0.6177599180926927;-0.679777346282519;1.6323646407939747
559;-0.6202658557178093;-0.6781924869721987;1.631732137164698
560;-0.6222506995377458;-0.6768782968429647;1.6334931522907334
561;-0.6236047933001759;-0.6758691586449173;1.6941415550192716
562;-0.6242694895287872;-0.6751665378606301;1.6927330631116417
563;-0.6242449065891378;-0.6747377379367261;1.6081717524710784
564;-0.6235881184181227;-0.6745199109825556;1.6003770414712035
565;-0.6224025274743921;-0.6744288010974214;1.6438180656154862
566;-0.6208213062221516;-0.6743706446501994;1.6110826829096447
567;-0.6189886094385251;-0.6742551669402814;1.6004889399953761
568;-0.617041740045962;-0.6740077502956379;1.588092808093761
569;-0.6150962287654733;-0.6735793561154511;1.5473281919607391
570;-0.6132346103162398;-0.6729533414758594;1.58349088928257
571;-0.6114990239168976;-0.672148710664202;1.5758016196158875
572;-0.6098877480064772;-0.6712195409757215;1.500742996453195
573;-0.6083561923114654;-0.6702504172402042;1.4941573417301643
574;-0.6068232656594854;-0.6693478742720558;1.4796099510078777
575;-0.6051838815772088;-0.6686282376456668;1.4952126305059152
576;-0.603327320963669;-0.6682029034744453;1.5065782031946837
577;-0.6011593965663148;-0.6681628533347366;1.5401966173586057
578;-0.5986245522517746;-0.6685647666236318;1.5921056673765819
579;-0.5957231056760415;-0.6694211730579058;1.6207371734257694
580;-0.592519449557845;-0.6706965300985044;1.6197002140155106
581;-0.5891391216338322;-0.672309995102633;1.5113974045784244
582;-0.5857554578480773;-0.6741443154904877;1.5367265366824838
583;-0.5825689341977066;-0.6760591387747886;1.4891069729093307
584;-0.5797834499341085;-0.6779064982069727;1.4616113586674546
585;-0.5775836077449821;-0.6795462942461554;1.4456608749057354
586;-0.5761160320638434;-0.6808600043414921;1.385649295865122
587;-0.5754765874801314;-0.6817612945850147;1.3236177898420645
588;-0.575704360871492;-0.6822025450610264;1.3177893295528706
589;-0.5767824410121078;-0.682176633920458;1.288201821378432
590;-0.5786447413087634;-0.6817138224823761;1.2496411481203868
591;-0.5811873648792611;-0.6808742894847476;1.2256315357954468
592;-0.5842824738456953;-0.6797376194640754;1.1985998858767162
593;-0.5877924914013108;-0.6783910843078034;1.1971827197338052
594;-0.5915827912383874;-0.6769186520436027;1.2192086591451423
595;-0.5955316754839727;-0.6753922874664356;1.295256625304158
596;-0.599537160416861;-0.6738664441596244;1.34607510465378
597;-0.6035206601621793;-0.6723759374669542;1.2660876677924777
598;-0.6074279870927517;-0.6709368303495872;1.2767733598452269
599;-0.6112282044888551;-0.6695496338071375;1.3204973461792615
600;-0.6149108661501417;-0.6682039903106127;1.358459030493148
601;-0.6184821442515724;-0.6668840000917369;1.3823343537946526
602;-0.6219603163918772;-0.6655734096135051;1.442744057712441
603;-0.6253710438422622;-0.6642599917079821;1.4356957966979251
604;-0.628742797878531;-0.6629386170305538;1.444843455720511
605;-0.6321026711187911;-0.6616127520565338;1.5723260412027096
606;-0.6354726723591115;-0.660294395974184;1.4453008687804803
607;-0.6388664973084006;-0.6590027314044549;1.4483565111468304
608;-0.6422867409825331;-0.6577619447771728;1.5087410164801163
609;-0.6457225865911898;-0.6565987248539444;1.5574071258423738
610;-0.6491481451824831;-0.6555398686519028;1.552860454872419
611;-0.6525217722387132;-0.654610253104766;1.6009193874454548
612;-0.6557867827836904;-0.6538312338899432;1.7096542356311952
613;-0.6588739674703169;-0.6532193753957343;1.6131956639493255
614;-0.6617061482200427;-0.6527853422799872;1.665559516879959
615;-0.6642047098047141;-0.6525328070992855;1.7416645716936456
616;-0.6662976500654662;-0.6524573329732857;1.6850741717319322
617;-0.667928289790638;-0.6525453342975482;1.6631512526141727
618;-0.6690634800862278;-0.6527733487079632;1.6356975733942187
619;-0.6697000433284253;-0.6531079183553737;1.7335077913919335
620;-0.6698683480449921;-0.6535063444338096;1.6527996965522171
621;-0.669632343107806;-0.6539184433578412;1.5806327088987464
622;-0.6690859752245653;-0.6542892298639147;1.5681180186078774
623;-0.6683465345871953;-0.6545622442066874;1.5606751679583808
624;-0.6675459480011389;-0.6546830983813915;1.4895727232557718
625;-0.6668212410415267;-0.654602791738862;1.4645270521249227
626;-0.6663052865842158;-0.6542804492458683;1.4418810162846394
627;-0.6661186175442496;-0.6536853268127818;1.4248640883508665
628;-0.6663626517101486;-0.6527981344842557;1.4480969246205273
629;-0.6671143117714247;-0.6516118741663395;1.483976000685147
630;-0.6684218281069042;-0.6501324271516015;1.487988080143195
631;-0.6703015083449209;-0.6483790554742076;1.506830330528003
632;-0.6727353986388379;-0.6463848357442699;1.4801159540435218
633;-0.6756699652570287;-0.6441968789843192;1.4806356122132265
634;-0.6790161109692167;-0.6418760581923062;1.474244283928819
635;-0.6826509494246428;-0.6394959056680033;1.4628228715373206
636;-0.6864217578746661;-0.637140373784007;1.5173207343183206
637;-0.6901524012781786;-0.6349002751586534;1.4895259317981653
638;-0.6936522748472731;-0.6328684128009665;1.5116550171371994
639;-0.6967274730668674;-0.6311336458723362;1.5067494267102721
640;-0.6991935092325798;-0.6297743717226914;1.4904429379806257
641;-0.7008885501002925;-0.6288520956963275;1.4040539959225282
642;-0.7016858769290713;-0.6284058644449222;1.333510325648408
643;-0.7015042121409342;-0.6284483221922498;1.3791290639732843
644;-0.700314705322191;-0.6289639960977922;1.2776056657983412
645;-0.698143749738029;-0.6299101366338387;1.2786938737991678
646;-0.6950713425196074;-0.631220072669523;1.2623128442664286
647;-0.6912253060199456;-0.6328086560574079;1.2394983793808225
648;-0.6867722327043372;-0.6345790470295837;1.2126193915315566
649;-0.6819063896581963;-0.6364299032442446;1.21256176569748
650;-0.6768379483979154;-0.6382620286750568;1.190413930008264
651;-0.6717817783701825;-0.6399837171831622;1.166632023832243
652;-0.666947712106911;-0.6415143436495898;1.1561576670845284
653;-0.6625327607649949;-0.6427861285516596;1.1606346944350376
654;-0.6587153488356359;-0.6437443346343297;1.2089889083700882
655;-0.6556513363641274;-0.6443463742569683;1.1249699348473396
656;-0.6534714426995532;-0.6445603850926466;1.099443183110662
657;-0.652279662304871;-0.6443637867684571;1.0892013597362584
658;-0.6521523264377894;-0.6437422045686272;1.09265471919556
659;-0.6531375695279814;-0.642688983789679;1.1137686850145465
660;-0.6552550769132912;-0.6412053517108611;1.1688004832644117
661;-0.6584961087464003;-0.6393011295850443;1.2422406577231533
662;-0.6628239042562397;-0.6369957634146315;1.2784013145156945
663;-0.6681746490742135;-0.6343193431775103;1.2365738594209845
664;-0.6744591938823354;-0.6313132406734141;1.2778073394279692
665;-0.6815655968653416;-0.6280300466627049;1.1895310422256822
666;-0.6893623085421345;-0.6245326436662155;1.132025862452586
667;-0.6977014870653018;-0.6208924850041998;1.109019844487746
668;-0.7064216865104056;-0.6171873804573453;1.1358706420132907
669;-0.7153492194118027;-0.6134991940069692;1.1108317265721448
670;-0.7242980181957752;-0.6099117407365126;1.0872539924581661
671;-0.7330687636162669;-0.6065088275423449;1.0933894942831643
672;-0.7414490879169046;-0.603371955611886;1.1343952322378732
673;-0.7492172839804507;-0.6005769309302467;1.1740842086890901
674;-0.7561517037473471;-0.5981887302767555;1.1910739428753074
675;-0.7620467650760121;-0.5962545121781211;1.1004566650968182
676;-0.7667344713553894;-0.594795510930253;1.037488196615454
677;-0.7701081694369413;-0.5937994169008473;0.998588621969793
678;-0.7721436506774675;-0.593215382687559;0.9719030278499106
679;-0.7729122841743292;-0.5929537140901735;0.9591415643595429
680;-0.7725820087678974;-0.5928914859825296;0.9683717262408205
681;-0.7714045480750403;-0.5928839030457951;0.9086246622753548
682;-0.7696904452214198;-0.5927796176782575;0.85730973619217
683;-0.7677764007358763;-0.5924369991295859;0.8179900070801669
684;-0.7659909897852447;-0.5917380233210819;0.7821407360103811
685;-0.7646246757400117;-0.590597201485282;0.7472116179087025
686;-0.7639083200799297;-0.5889645162470933;0.712446506508747
687;-0.7640018486129743;-0.586823056379173;0.6778789681613218
688;-0.7649923331275414;-0.5841832481470146;0.6437580761363543
689;-0.7668992611972834;-0.5810758822012964;0.6103350570210679
690;-0.7696844479911016;-0.5775456169008497;0.5778516984199527
691;-0.773264576732277;-0.5736457391161979;0.5465719533232443
692;-0.777525123300872;-0.5694341667408235;0.5167969953096737
693;-0.7823348902639895;-0.5649702732341074;0.48885490862919856
694;-0.7875603451957185;-0.5603121354235551;0.46307210538358345
695;-0.7930785894935087;-0.5555140962909014;0.4397393552591412
696;-0.7987874477113812;-0.5506248674960603;0.4190855617492725
697;-0.8046112129653943;-0.5456865781258582;0.40126774309275265
698;-0.8105011535831947;-0.5407351156096517;0.3863786474560641
699;-0.8164308592274847;-0.5358018323528488;0.37446597253378106
700;-0.8223875779501248;-0.5309163257556251;0.36555108445978574
701;-0.8283615324223645;-0.5261096826583882;0.3596344385906607
702;-0.8343355641391522;-0.5214174200808531;0.356682278598466
703;-0.8402772566972811;-0.5168813964222332;0.35660004113469557
704;-0.8461350044419946;-0.5125501926930844;0.35920373832899943
705;-0.8518385053982918;-0.5084778096530613;0.3641988201100168
706;-0.8573031151880921;-0.5047209079842719;0.3711711362086556
707;-0.8624366594490366;-0.5013351416026527;0.3795912007935333
708;-0.8671468773467415;-0.49837131510098787;0.3888317812325534
709;-0.871347766748479;-0.49587208153967843;0.39819844207013444
710;-0.8749636888119844;-0.49386968390022745;0.40697175784260825
711;-0.8779309867176122;-0.49238489122731527;0.41445812179945923
712;-0.8801977992314685;-0.49142689787114924;0.42004392386269196
713;-0.8817234063741208;-0.4909936683784577;0.42324616015879923
714;-0.882478611274705;-0.4910721238710454;0.4237518787132946
715;-0.882448269348258;-0.49163771953622154;0.42143978545387717
716;-0.8816362287274471;-0.4926533203918963;0.4163804823739183
717;-0.8800718977471942;-0.4940677356028907;0.4088168846175047
718;-0.8778167377877724;-0.4958146681633355;0.3991310017373594
719;-0.8749685080704731;-0.4978130231589209;0.387804766745724
720;-0.8716612623106503;-0.49996938907117616;0.37538076611901916
721;-0.8680599213312015;-0.5021830510597761;0.36242572749875634
722;-0.8643495099547043;-0.5043532164338437;0.34949746841188284
723;-0.860720476579463;-0.5063874318629074;0.33711521723624654
724;-0.8573524963053352;-0.5082096878483656;0.32573333070473454
725;-0.8543994923286669;-0.5097666272842155;0.31571886724997883
726;-0.8519782224800561;-0.5110306595483538;0.3073338575537161
727;-0.8501618455331872;-0.5119995202999227;0.30072326842477753
728;-0.848978747077163;-0.5126926667525146;0.2959095479608978
729;-0.8484159213146425;-0.5131455772290385;0.2927943222384729
730;-0.8484256012483474;-0.5134033284707404;0.2911673652472228
731;-0.8489336525054025;-0.5135147052279498;0.2907224219026019
732;-0.8498484007107112;-0.5135276604026638;0.29107881636323796
733;-0.8510688985956832;-0.513486385737852;0.2918070704878473
734;-0.8524920243791263;-0.5134297671881425;0.292456272769473
735;-0.8540181518146497;-0.5133907122626115;0.29258119843957037
736;-0.8555554004414121;-0.5133957843293863;0.29176846710971766
737;-0.8570226444235038;-0.5134647192437654;0.2896625651930117
738;-0.8583515313628551;-0.5136096454364714;0.2859924490570481
739;-0.8594877571459658;-0.5138340820921131;0.2805964655992421
740;-0.8603917896144769;-0.5141319728249802;0.2734396352395323
741;-0.8610391632204807;-0.5144870843598579;0.26461763412444006
742;-0.8614203979927444;-0.5148730642398502;0.25434739463509576
743;-0.8615405342613545;-0.515254343768234;0.2429499457589128
744;-0.8614182199218469;-0.5155879387773252;0.23083149009133652
745;-0.8610842481127892;-0.515826078469882;0.21846462495485636
746;-0.8605794408806069;-0.515919498193555;0.2063678000956442
747;-0.8599518286966797;-0.5158211647668965;0.1950803685564167
748;-0.8592531836124953;-0.5154901566256253;0.18513240483474447
749;-0.8585350903477759;-0.514895394548436;0.17701097469748106
750;-0.8578448359899483;-0.5140189167986855;0.1711262897311629
751;-0.8572214367786865;-0.512858417910959;0.16778162425271542
752;-0.8566921103880611;-0.5114288176084278;0.16715020417610255
753;-0.8562694798206978;-0.5097626846790956;0.16926104748509693
754;-0.8559497861783054;-0.5079094027726168;0.17399450127755325
755;-0.8557123827379634;-0.5059330328499061;0.18108732368709718
756;-0.8555207413981765;-0.5039089086501131;0.190146670637814
757;-0.8553250818418918;-0.5019191030722969;0.20067212965937195
758;-0.8550665222382294;-0.5000470207419272;0.2120847686613438
759;-0.8546823863646054;-0.4983714885266574;0.22376183886076134
760;-0.854112067227323;-0.49696080573752344;0.23507521144404322
761;-0.8533027360665757;-0.49586725302405865;0.24543092972317693
762;-0.8522142626673797;-0.4951225272075366;0.25430667054510847
763;-0.8508229747777082;-0.49473447098290757;0.26128374542084143
764;-0.8491242453178168;-0.49468532638322577;0.26607076776398864
765;-0.8471342102712205;-0.49493160065436315;0.26851727646280943
766;-0.8448910398948748;-0.4954055354844821;0.2686171636225048
767;-0.8424560316940439;-0.4960181390346339;0.2665032354823072
768;-0.8399144020772135;-0.4966637641343063;0.26243517478849404
769;-0.8373751742065099;-0.4972262495086303;0.2567833172520904
770;-0.834969198045533;-0.49758662054157243;0.25001006577957763
771;-0.8328442737706664;-0.4976322196654914;0.24264977432017198
772;-0.8311566633497642;-0.4972668900634635;0.23528698278931792
773;-0.8300589250156798;-0.4964215065191768;0.2285323511852711
774;-0.8296848462496622;-0.4950638131242947;0.22299569815637751
775;-0.8301330843723942;-0.49320628754352625;0.21925613320122284
776;-0.8314517510766949;-0.49091069499148865;0.2178301498716477
777;-0.833626436578792;-0.48828817932272717;0.21913944401279897
778;-0.8365739585481657;-0.4854941757836553;0.22348092350643783
779;-0.8401434162088222;-0.4827180823469037;0.23100176521961363
780;-0.8441250047177962;-0.48016840768497016;0.24168238641543904
781;-0.8482656864431115;-0.4780548939609895;0.2553297742158707
782;-0.852289512582281;-0.4765697318983414;0.2715827160360204
783;-0.855919468639633;-0.4758702822455474;0.2899291449307724
784;-0.8588974450726046;-0.4760655741297698;0.30973427332973086
785;-0.8609994168041084;-0.47720824602784506;0.33027681042019064
786;-0.8620440716053082;-0.4792926379670944;0.3507897343847304
787;-0.8618947159280228;-0.4822586637636327;0.3705020314285018
788;-0.8604559198248127;-0.4860001883044619;0.3886784214538664
789;-0.8576675149442954;-0.4903761841534379;0.4046549990320303
790;-0.8534987398695333;-0.49522306635784874;0.41786948115052763
791;-0.8479444826901501;-0.5003671392116585;0.42788507384919844
792;-0.8410243200252543;-0.5056366025567299;0.43440685887317115
793;-0.8327842240208425;-0.5108726546072413;0.43728938461050065
794;-0.8233006175683728;-0.5159388897839063;0.4365343065915522
795;-0.8126863132866625;-0.5207278570329413;0.4322778180779004
796;-0.801097108428183;-0.5251637984736157;0.42476918297474664
797;-0.7887364960260812;-0.5292013355030505;0.4143433858817953
798;-0.7758549914000672;-0.5328208526703626;0.4013919905943913
799;-0.7627410682096575;-0.536021987135086;0.3863362588470664
800;-0.7497031420600228;-0.5388165739900098;0.36960551426487837
801;-0.7370458151689725;-0.5412216708371437;0.35162220823105056
802;-0.7250470734877147;-0.5432523702434793;0.33279379405029547
803;-0.7139443512788439;-0.5449136523691372;0.3135106863425777
804;-0.7039351154327819;-0.5461909459773236;0.2941492280376851
805;-0.695192316071499;-0.5470402455074022;0.2750784406228099
806;-0.6878889364233;-0.5473799677574996;0.25666914748456093
807;-0.6822218122973758;-0.5470874889029329;0.23930375757311695
808;-0.6784246165811463;-0.5460030716086641;0.22338468322775076
809;-0.6767631972619541;-0.5439427378493377;0.2093392541561117
810;-0.6775117441198553;-0.5407198902708853;0.19761927947435728
811;-0.6809136775614006;-0.5361734918756194;0.18869416837468342
812;-0.6871351191069652;-0.5301987907736498;0.18303760582259263
813;-0.6962201703494563;-0.5227754795162651;0.18110886817920066
814;-0.7080555519093504;-0.5139883776881657;0.1833305838037894
815;-0.7223480689452151;-0.5040374227905353;0.19006485488328004
816;-0.7386135908074549;-0.4932364381376241;0.2015891601462722
817;-0.7561729280442159;-0.48200266652297646;0.21807259262932913
818;-0.7741498896487453;-0.4708401796030536;0.23955214809313963
819;-0.7914706781264345;-0.46031935502625965;0.26590843699123096
820;-0.806871385785337;-0.45105192021402524;0.29684083470724715
821;-0.818930130882168;-0.44365762518135793;0.331844145515005
822;-0.8261482358534435;-0.4387160669725826;0.37019247060560945
823;-0.8271031736577236;-0.43669787594797055;0.4109403983512583
824;-0.8206763706401952;-0.43787606593573386;0.4529545369998193
825;-0.806321156003323;-0.4422317610126337;0.4949859767747018
826;-0.7842968491451299;-0.4493843054057041;0.53578352506587
827;-0.7557815266273686;-0.4585833746212993;0.5742303356863382
828;-0.7228037842569282;-0.46879012382410623;0.6094711526059446
829;-0.6879897719821357;-0.47884617253852524;0.6409939850567926
830;-0.654175394722855;-0.48769601416827646;0.668642490323514
831;-0.6239649769832657;-0.49460517504106577;0.6925578054231858
832;-0.5993316470942078;-0.49931071110142217;0.7130702272044402
833;-0.5813598463019969;-0.5020543088175999;0.7305732161108269
834;-0.5702055020615439;-0.5034840292007149;0.7454113741084702
835;-0.5652667532022053;-0.5044639728270225;0.7578031034461536
836;-0.5654612001924348;-0.5058713313639492;0.7678048515129706
837;-0.5694831991582334;-0.508450669108165;0.7753138332871502
838;-0.5759743367476269;-0.5127457942296265;0.7801016331054811
839;-0.5836099357454001;-0.5190879230337037;0.7818699099412649
840;-0.591137041272906;-0.5276090028943161;0.7803189111405973
841;-0.5973999514879577;-0.5382589871428164;0.7752185989640001
842;-0.6013781343222349;-0.5508180499099516;0.7664715561855472
843;-0.602249432654054;-0.5649024950083554;0.7541578365425619
844;-0.5994798638149903;-0.5799675131764519;0.7385554576006333
845;-0.5929271966317818;-0.595313736676004;0.7201358611209945
846;-0.5829285193236607;-0.6101086752474787;0.6995396494631922
847;-0.5703289171254751;-0.6234363315360714;0.6775421453978273
848;-0.556411696532112;-0.634383953056091;0.6550195870921867
849;-0.5427193837637853;-0.6421606753165054;0.6329251288201418
850;-0.5308021774255923;-0.646221985407015;0.6122782612708458
851;-0.5219707980522409;-0.6463583303551184;0.5941452118234816
852;-0.5171342430430941;-0.6427102153400505;0.5794185243045654
853;-0.5167626139986647;-0.6356999684633811;0.5672192148917422
854;-0.520956853210012;-0.6259075689631287;0.5505358583160195
855;-0.5295689862206744;-0.6139400682102911;0.5265207250070223
856;-0.5423157005193209;-0.6003379319318364;0.5041703240690325
857;-0.5588525661397207;-0.5855361772854704;0.4872886427417145
858;-0.5788031387981056;-0.5698732641626052;0.47623240040384945
859;-0.601753121004804;-0.5536285673036153;0.4708485852364788
860;-0.6272240038306525;-0.5370693716095282;0.47095202044903073
861;-0.6546384116676572;-0.5204941519954305;0.47630548413648394
862;-0.683285758519478;-0.504264926419089;0.48651858004643583
863;-0.7122946264297094;-0.48882536657931525;0.5009320921298706
864;-0.7406185007592944;-0.4747029510841139;0.5185237860473273
865;-0.7670439845474122;-0.46249346312727063;0.5378920726230243
866;-0.7902340092629269;-0.45282558730325045;0.5573753559581649
867;-0.8088196185364892;-0.4463036112756427;0.5753013200650384
868;-0.8215473529775399;-0.44342909023368476;0.5902594942928746
869;-0.8274705774389295;-0.4445093841837845;0.6012653921311527
870;-0.8261450157186974;-0.4495716768495182;0.607772382875949
871;-0.8177660314456306;-0.4583105390623259;0.609588981815657
872;-0.803187543049509;-0.4700970262002535;0.6067883669861784
873;-0.7837969619330314;-0.4840621531561462;0.5996506516117328
874;-0.761272043543925;-0.49924118512404436;0.5886213883649609
875;-0.7372879872318795;-0.5147398338505247;0.5742598703625494
876;-0.7132585399035536;-0.5298716964609524;0.557174760041566
877;-0.6901803342029448;-0.5442237787337227;0.5379640595445685
878;-0.6686127279805314;-0.557631277289774;0.5171778678444474
879;-0.6487797436499135;-0.5700749423850355;0.495312539387555
880;-0.6307438781561252;-0.5815410960007243;0.4728334559606284
881;-0.6145873354475843;-0.5918942844599234;0.4502158713059633
882;-0.6005457778439662;-0.6008033964437713;0.42799020757664985
883;-0.5890629057720327;-0.6077415253125815;0.40677890870005573
884;-0.580759753522217;-0.6120577330121153;0.38731529822693345
885;-0.5763344856989066;-0.6131006459205375;0.37043970706907897
886;-0.5764243337508147;-0.6103611852571634;0.35707320141667465
887;-0.5814685810339985;-0.6035964825512151;0.3481732551273929
888;-0.5916071167027928;-0.5929020933870912;0.34467763098768417
889;-0.6066330318101416;-0.5787160746828768;0.34744215265323364
890;-0.6259963111340705;-0.5617615777786124;0.35717525972390757
891;-0.6488393383592577;-0.5429539644565684;0.37436768287900435
892;-0.6740413762780253;-0.523304463252909;0.39920786196938346
893;-0.7002582540001241;-0.503843452606147;0.4314512852440378
894;-0.725958722141768;-0.4855696466739913;0.47011144958517265
895;-0.7494728460875094;-0.4694163012172502;0.5124494429761698
896;-0.7690751044363249;-0.45621794623801815;0.5521613565953306
897;-0.7831218790571128;-0.44666221368829595;0.5842716856892762
898;-0.7902468864971126;-0.4412197631489437;0.6121539606470697
899;-0.7895896552141458;-0.440059111269535;0.6389942055717449
900;-0.7810014791769104;-0.44296879279539186;0.6652683323698658
901;-0.7651592796160294;-0.4493201190640802;0.6906878140883226
902;-0.7435353776840391;-0.45810196541555004;0.7150169380087333
903;-0.7182155001823665;-0.46804135352014314;0.7383145105247144
904;-0.6916044749301066;-0.47779632031610647;0.7609874236226379
905;-0.6660853861666114;-0.4861829648145845;0.7837452948803809
906;-0.6436982437056961;-0.4923860209550156;0.8074975221486358
907;-0.6258907257479678;-0.4961034694794494;0.8332295166332465
908;-0.6133792123636959;-0.49758825240153454;0.8618885169217458
909;-0.6061425363363625;-0.49757337227960596;0.8942991501935857
910;-0.6035443937535236;-0.49709925465389637;0.9311185742418551
911;-0.6045455046392696;-0.49729372283834994;0.9728342536777076
912;-0.6079441354135313;-0.49916618654058553;1.0198078103862884
913;-0.6125898817562511;-0.5034593985112281;1.0723811661749123
914;-0.6175418640142285;-0.5105688205227231;1.1311013664704532
915;-0.6221666387865236;-0.5205154305492898;1.1972536335070156
916;-0.6261812821137394;-0.5329532400752143;1.2745037406371502
917;-0.6296464596155014;-0.5472014713052252;1.3777264930506885
918;-0.6329117499457827;-0.5623020770763438;1.5326522713025568
919;-0.6365176530262163;-0.577108619961438;1.4709430680679114
920;-0.6410673424318788;-0.5904095272303584;1.5098776983429827
921;-0.6470928486281072;-0.6010779163430761;1.5891615494775528
922;-0.6549474977032266;-0.6082255726810825;1.6255221127854176
923;-0.6647516321068363;-0.6113275405991251;1.576707503908229
924;-0.676400501785119;-0.6102840912723292;1.5432599048573956
925;-0.689619594344728;-0.605402312908881;1.624305405540758
926;-0.7040366511279393;-0.597305507551487;1.5141347428598266
927;-0.7192399379812755;-0.586802363981147;1.4649645659003605
928;-0.7348067845855129;-0.5747566624535132;1.4522044897902722
929;-0.7503046192088332;-0.561988603003025;1.4863609731160712
930;-0.7652789935128659;-0.5492188802629983;1.4392606954015361
931;-0.7792460547280937;-0.5370485911874426;1.393648451914433
932;-0.7917026607947094;-0.5259593485708483;1.3393244493761431
933;-0.8021595262950831;-0.5163186582818297;1.3111779854393235
934;-0.8101942554077085;-0.508381715272386;1.3147827850472655
935;-0.815513660961735;-0.5022880660070473;1.2361680529781343
936;-0.8180099252791306;-0.4980572653102281;1.2029943966221657
937;-0.8177944976446132;-0.4955902926931309;1.1831690974070113
938;-0.8151980692833687;-0.4946826942151398;1.171760906539302
939;-0.8107337194669295;-0.49505176608565526;1.1672559329446976
940;-0.8050305168755743;-0.4963751207509248;1.1703420270789286
941;-0.7987526513971972;-0.49833369757211876;1.1868417070663189
942;-0.7925217423031399;-0.5006503799764961;1.2070385042119718
943;-0.7868569360761917;-0.5031164600222133;1.2298333625987343
944;-0.7821407082022547;-0.5056016145046234;1.2074309011875275
945;-0.7786108390500217;-0.5080474124165745;1.2312989013133304
946;-0.7763732818501925;-0.5104481782145378;1.1775636190971683
947;-0.7754277493925124;-0.512825288122497;1.1634738824407869
948;-0.775697723880429;-0.5152013841439965;1.1358530370540723
949;-0.7770583655000067;-0.517579877532083;1.0912776142545662
950;-0.7793583697157357;-0.5199331375489772;1.0157848130616542
951;-0.7824343200532307;-0.522200586340484;0.9467148060465272
952;-0.7861180108145631;-0.5242959982231822;0.898334431441967
953;-0.7902384356922977;-0.5261218281786805;0.8595212787418155
954;-0.7946207210919154;-0.5275874069030013;0.8274668158625381
955;-0.7990843508573477;-0.5286273454909446;0.8009780201307379
956;-0.8034426876875138;-0.5292165374021273;0.7794290973774678
957;-0.8075051397100478;-0.5293787855419467;0.7624374495182583
958;-0.8110824715604189;-0.529187295433625;0.7497346464757113
959;-0.8139948878388131;-0.528756878918569;0.7411113033701549
960;-0.8160818060763073;-0.5282293629680684;0.7363973885851142
961;-0.8172118186607864;-0.5277549900133729;0.7354626066941734
962;-0.8172912547509417;-0.5274732169107479;0.738229092388313
963;-0.8162699406344376;-0.5274961686960685;0.7446912789465264
964;-0.8141431260188449;-0.5278972118280962;0.7549387945040117
965;-0.8109490098128787;-0.5287059621453801;0.7691789657852788
966;-0.8067618056912454;-0.5299098478408765;0.7877566662233563
967;-0.8016807940685703;-0.5314613533919017;0.8111711447612104
968;-0.7958162709226508;-0.533289412142262;0.8400921529259987
969;-0.7892736847771633;-0.5353131187271695;0.8753811513104945
970;-0.7821375268887052;-0.5374559398898718;0.9181280864664959
971;-0.7744566991878802;-0.5396588128409368;0.9697221188592868
972;-0.7662331175473425;-0.541890835345822;1.0319917062640267
973;-0.757415173842641;-0.5441566068407646;1.107494575465658
974;-0.7478973169275978;-0.546499652333706;1.2001858553652336
975;-0.7375263805622592;-0.5490017516465375;1.3173753543539006
976;-0.7261144241131594;-0.5517784018858729;1.4819140683070073
977;-0.7134569041442489;-0.5549710304115834;1.6938781021988332
978;-0.6993541863312174;-0.5587368880759589;1.9350838115935793
979;-0.6836339637268938;-0.5632377141306298;2.117786303581823
980;-0.6661722007528332;-0.5686282207710225;2.2323446750172753
981;-0.6469107441329963;-0.5750451962523379;2.0759627087269754
982;-0.6258705492332761;-0.5825976394856408;2.034627933594035
983;-0.6031603001156958;-0.5913579386004649;2.097020194562056
984;-0.5789808173393886;-0.6013538258694866;2.096010500834932
985;-0.5536259213700938;-0.61256077992252;1.9886651952043901
986;-0.5274803573295629;-0.6248947329770431;1.9603646226891975
987;-0.5010150936848978;-0.6382053333053025;2.0273514923559377
988;-0.47477991802054964;-0.6522705182675358;2.069833397108687
989;-0.44939286190511474;-0.666793660782819;2.0099195308883973
990;-0.42552561171312075;-0.681404963615269;1.9851997856454058
991;-0.4038836699671016;-0.6956690131233889;2.0080538276315707
992;-0.3851796486341072;-0.7091003835238535;1.95798900679222
993;-0.3700979585429786;-0.7211887557541008;1.9453218274968536
994;-0.35924989465589285;-0.7314339253599955;1.9700498589792095
995;-0.3531203939506774;-0.7393890568596487;1.9640801069174472
996;-0.35201162823421583;-0.7447076779665276;2.0160104546764477
997;-0.3559927294337172;-0.7471870570591214;2.018145007340458
998;-0.3648667617960965;-0.7467993479523868;1.9670603964719644
999;-0.3781636052474897;-0.7437035203044396;1.9569627377245975
1000;-0.3951613627665345;-0.7382354018034573;2.0338706912665496
