0;-0.5862026257121625;-0.704271619467377;4.79137045717739
1;-0.6081214820312983;-0.7162667148519419;4.375799050764327
2;-0.6100439928124419;-0.7172626819029635;3.79869603806878
3;-0.6260389529835009;-0.7291241044358392;3.5455040073145865
4;-0.6451752756100582;-0.7291167495497608;3.364728547785638
5;-0.6451752756100582;-0.7291167495497608;3.2345892905958507
6;-0.6451752756100582;-0.7291167495497608;3.1363003026651644
7;-0.6451752756100582;-0.7291167495497608;3.0979142973350475
8;-0.6451752756100582;-0.7291167495497608;3.065969345848365
9;-0.6451752756100582;-0.7291167495497608;3.031997538338246
10;-0.7035579247505114;-0.7374068931098192;3.0040638542378577
11;-0.7035579247505114;-0.7374068931098192;2.9901769958819022
12;-0.7035579247505114;-0.7374068931098192;2.996421984065124
13;-0.7035579247505114;-0.7374068931098192;3.0341871905976383
14;-0.7035579247505114;-0.7374068931098192;3.13165300154003
15;-0.7035579247505114;-0.7374068931098192;3.5102320250322427
16;-0.7035579247505114;-0.7374068931098192;3.1685397008613263
17;-0.7035579247505114;-0.7374068931098192;2.93470527843263
18;-0.7035579247505114;-0.7374068931098192;2.803381108602034
19;-0.7035579247505114;-0.7374068931098192;2.7163550723257592
20;-0.7341269841269842;-0.7592572342671285;2.6580520430783077
21;-0.7341269841269842;-0.7592572342671285;2.623017623172137
22;-0.7341269841269842;-0.7592572342671285;2.6108402514296793
23;-0.7341269841269842;-0.7592572342671285;2.630370110866545
24;-0.7341269841269842;-0.7592572342671285;2.6911415380638144
25;-0.7341269841269842;-0.7592572342671285;2.868525154942817
26;-0.7341269841269842;-0.7592572342671285;3.0481507493203024
27;-0.7341269841269842;-0.7592572342671285;2.646019188825462
28;-0.7341269841269842;-0.7592572342671285;2.4724082554858557
29;-0.7341269841269842;-0.7592572342671285;2.357964805711056
30;-0.7583761689477921;-0.8000928714118423;2.273370524327488
31;-0.7583761689477921;-0.8000928714118423;2.2078594787909998
32;-0.7583761689477921;-0.8000928714118423;2.15522971824656
33;-0.7583761689477921;-0.8000928714118423;2.112086626101986
34;-0.7583761689477921;-0.8000928714118423;2.0774187966313318
35;-0.7583761689477921;-0.8000928714118423;2.050760766267512
36;-0.7583761689477921;-0.8000928714118423;2.030182331597606
37;-0.7583761689477921;-0.8000928714118423;2.0151209160601553
38;-0.7583761689477921;-0.8000928714118423;2.0054422787564956
39;-0.7583761689477921;-0.8000928714118423;2.001451137231535
40;-0.7192732233659929;-0.8419075446974928;2.0033900018965514
41;-0.7192732233659929;-0.8419075446974928;2.0120892192014237
42;-0.7192732233659929;-0.8419075446974928;2.026630580568955
43;-0.7192732233659929;-0.8419075446974928;2.047196087570241
44;-0.7192732233659929;-0.8419075446974928;2.0744568820214915
45;-0.7192732233659929;-0.8419075446974928;2.1084294836325093
46;-0.7192732233659929;-0.8419075446974928;2.1496938251733235
47;-0.7192732233659929;-0.8419075446974928;2.1988886788098596
48;-0.7192732233659929;-0.8419075446974928;2.2562624813060004
49;-0.7192732233659929;-0.8419075446974928;2.3234579907900503
50;-0.7500309138122914;-0.5328861456336765;2.4015406744406382
51;-0.7500309138122914;-0.5328861456336765;2.4930283680820344
52;-0.7500309138122914;-0.5328861456336765;2.6001392417171036
53;-0.7500309138122914;-0.5328861456336765;2.726361986104946
54;-0.7500309138122914;-0.5328861456336765;2.8766024023227406
55;-0.7500309138122914;-0.5328861456336765;3.0591224941963646
56;-0.7500309138122914;-0.5328861456336765;3.2898967753969592
57;-0.7500309138122914;-0.5328861456336765;3.5970668561227344
58;-0.7500309138122914;-0.5328861456336765;4.060169819768217
59;-0.7500309138122914;-0.5328861456336765;5.230168809224563
60;-0.7843343653250774;-0.5489178874156564;5.007748763058955
61;-0.7843343653250774;-0.5489178874156564;5.54175378507447
62;-0.7843343653250774;-0.5489178874156564;4.0429879319658335
63;-0.7843343653250774;-0.5489178874156564;3.6093851833894943
64;-0.7843343653250774;-0.5489178874156564;3.324616473821898
65;-0.7843343653250774;-0.5489178874156564;3.113747968448287
66;-0.7843343653250774;-0.5489178874156564;2.9475161983344274
67;-0.7843343653250774;-0.5489178874156564;2.8111529232121013
68;-0.7843343653250774;-0.5489178874156564;2.6977088741899675
69;-0.7843343653250774;-0.5489178874156564;2.6022323095805726
70;-0.8072166223486488;-0.5432414261867353;2.521922424941157
71;-0.8072166223486488;-0.5432414261867353;2.4556345582553893
72;-0.8072166223486488;-0.5432414261867353;2.4025362259968457
73;-0.8072166223486488;-0.5432414261867353;2.3635630490996804
74;-0.8072166223486488;-0.5432414261867353;2.340186985410559
75;-0.8072166223486488;-0.5432414261867353;2.336104094706371
76;-0.8072166223486488;-0.5432414261867353;2.3562655059912343
77;-0.8072166223486488;-0.5432414261867353;2.4198946793974696
78;-0.8072166223486488;-0.5432414261867353;2.5863773578859863
79;-0.8072166223486488;-0.5432414261867353;2.810912914626777
80;-0.8305867046651385;-0.5384277150279718;2.376715078023862
81;-0.8305867046651385;-0.5384277150279718;2.2043775414861675
82;-0.8305867046651385;-0.5384277150279718;2.094236101416495
83;-0.8305867046651385;-0.5384277150279718;2.0126890138773574
84;-0.8305867046651385;-0.5384277150279718;1.9498355554562812
85;-0.8305867046651385;-0.5384277150279718;1.8991769049420157
86;-0.8305867046651385;-0.5384277150279718;1.8599191319877686
87;-0.8305867046651385;-0.5384277150279718;1.8276803339105556
88;-0.8305867046651385;-0.5384277150279718;1.8062209400300455
89;-0.8305867046651385;-0.5384277150279718;1.7912205764186155
90;-0.8160119343610144;-0.556808267659543;1.7857556203713472
91;-0.8160119343610144;-0.556808267659543;1.792634231836552
92;-0.8160119343610144;-0.556808267659543;1.814345847820484
93;-0.8160119343610144;-0.556808267659543;1.8556260227854073
94;-0.8160119343610144;-0.556808267659543;1.928301702774326
95;-0.8160119343610144;-0.556808267659543;2.059353594070053
96;-0.8160119343610144;-0.556808267659543;2.440422020680418
97;-0.8160119343610144;-0.556808267659543;2.1853778289910473
98;-0.8160119343610144;-0.556808267659543;1.9755131017716265
99;-0.8160119343610144;-0.556808267659543;1.8732611854633061
100;-0.7826531244193968;-0.5741253859392703;1.813826153116022
101;-0.7826531244193968;-0.5741253859392703;1.7807594631916168
102;-0.7826531244193968;-0.5741253859392703;1.7716563627814759
103;-0.7826531244193968;-0.5741253859392703;1.7900693187481078
104;-0.7826531244193968;-0.5741253859392703;1.8404290352157484
105;-0.7826531244193968;-0.5741253859392703;1.9531880399175374
106;-0.7826531244193968;-0.5741253859392703;2.246895319173021
107;-0.7826531244193968;-0.5741253859392703;2.1334797252233346
108;-0.7826531244193968;-0.5741253859392703;1.8903771664503226
109;-0.7826531244193968;-0.5741253859392703;1.7748492344774518
110;-0.678047421531604;-0.6178778528158708;1.7090477004232951
111;-0.678047421531604;-0.6178778528158708;1.679099305001882
112;-0.678047421531604;-0.6178778528158708;1.6742326702666825
113;-0.678047421531604;-0.6178778528158708;1.699700806035433
114;-0.678047421531604;-0.6178778528158708;1.7652015332880095
115;-0.678047421531604;-0.6178778528158708;1.9151921218145604
116;-0.678047421531604;-0.6178778528158708;2.5349112131603717
117;-0.678047421531604;-0.6178778528158708;1.8394582774719157
118;-0.678047421531604;-0.6178778528158708;1.660810082464014
119;-0.678047421531604;-0.6178778528158708;1.5564677575988073
120;-0.5445903263764167;-0.6660828727842321;1.4827202527306655
121;-0.5445903263764167;-0.6660828727842321;1.4284606940066773
122;-0.5445903263764167;-0.6660828727842321;1.3871583268411432
123;-0.5445903263764167;-0.6660828727842321;1.3568889910780877
124;-0.5445903263764167;-0.6660828727842321;1.3351967490942063
125;-0.5445903263764167;-0.6660828727842321;1.3209089411862165
126;-0.5445903263764167;-0.6660828727842321;1.312013423710337
127;-0.5445903263764167;-0.6660828727842321;1.3087235667030601
128;-0.5445903263764167;-0.6660828727842321;1.3102037343358202
129;-0.5445903263764167;-0.6660828727842321;1.3152027841789367
130;-0.40735694822888285;-0.6989726952752895;1.3233339095186816
131;-0.40735694822888285;-0.6989726952752895;1.3352305369547974
132;-0.40735694822888285;-0.6989726952752895;1.3492413684966449
133;-0.40735694822888285;-0.6989726952752895;1.3678677744200693
134;-0.40735694822888285;-0.6989726952752895;1.388241260943209
135;-0.40735694822888285;-0.6989726952752895;1.4104878659296962
136;-0.40735694822888285;-0.6989726952752895;1.4344855366492033
137;-0.40735694822888285;-0.6989726952752895;1.457184072021751
138;-0.40735694822888285;-0.6989726952752895;1.4806600279864397
139;-0.40735694822888285;-0.6989726952752895;1.503855528124837
140;-0.3827893175074184;-0.7192729591074456;1.5253540140975264
141;-0.3827893175074184;-0.7192729591074456;1.5474466878579942
142;-0.3827893175074184;-0.7192729591074456;1.5698233092513256
143;-0.3827893175074184;-0.7192729591074456;1.5892001395859703
144;-0.3827893175074184;-0.7192729591074456;1.6084299423568922
145;-0.3827893175074184;-0.7192729591074456;1.6265989113372004
146;-0.3827893175074184;-0.7192729591074456;1.6432181351704376
147;-0.3827893175074184;-0.7192729591074456;1.6581311398559384
148;-0.3827893175074184;-0.7192729591074456;1.671186858042524
149;-0.3827893175074184;-0.7192729591074456;1.681290574706932
150;-0.3301816833518725;-0.7410514831636661;1.6910823581469683
151;-0.3301816833518725;-0.7410514831636661;1.6977761841338772
152;-0.3301816833518725;-0.7410514831636661;1.7026872466313625
153;-0.3301816833518725;-0.7410514831636661;1.7056118336141008
154;-0.3301816833518725;-0.7410514831636661;1.7094802007086556
155;-0.3301816833518725;-0.7410514831636661;1.711956256788032
156;-0.3301816833518725;-0.7410514831636661;1.7128873096346418
157;-0.3301816833518725;-0.7410514831636661;1.712660842823285
158;-0.3301816833518725;-0.7410514831636661;1.7128024203652492
159;-0.3301816833518725;-0.7410514831636661;1.7119808726367833
160;-0.3538710480458053;-0.7429714520438422;1.711897618194351
161;-0.3538710480458053;-0.7429714520438422;1.7127894432353603
162;-0.3538710480458053;-0.7429714520438422;1.7146826130881667
163;-0.3538710480458053;-0.7429714520438422;1.7183756998214506
164;-0.3538710480458053;-0.7429714520438422;1.7223738105896034
165;-0.3538710480458053;-0.7429714520438422;1.7279354692414803
166;-0.3538710480458053;-0.7429714520438422;1.7346876819721482
167;-0.3538710480458053;-0.7429714520438422;1.7432583236730537
168;-0.3538710480458053;-0.7429714520438422;1.7559664955369043
169;-0.3538710480458053;-0.7429714520438422;1.7703724367456277
170;-0.40073643170988305;-0.7414362666115464;1.7882350925879178
171;-0.40073643170988305;-0.7414362666115464;1.8083012868786472
172;-0.40073643170988305;-0.7414362666115464;1.8315919686804107
173;-0.40073643170988305;-0.7414362666115464;1.8580991400212357
174;-0.40073643170988305;-0.7414362666115464;1.8885746733633155
175;-0.40073643170988305;-0.7414362666115464;1.924045339427357
176;-0.40073643170988305;-0.7414362666115464;1.9663304101758527
177;-0.40073643170988305;-0.7414362666115464;2.013435989238044
178;-0.40073643170988305;-0.7414362666115464;2.069035783057286
179;-0.40073643170988305;-0.7414362666115464;2.136003074976234
180;-0.46537867078825346;-0.6938408236624157;2.2172351072813874
181;-0.46537867078825346;-0.6938408236624157;2.3203498031848895
182;-0.46537867078825346;-0.6938408236624157;2.4594338352146092
183;-0.46537867078825346;-0.6938408236624157;2.662764212379935
184;-0.46537867078825346;-0.6938408236624157;3.080799940671052
185;-0.46537867078825346;-0.6938408236624157;3.156578571651328
186;-0.46537867078825346;-0.6938408236624157;3.429297094948998
187;-0.46537867078825346;-0.6938408236624157;2.7501051420545655
188;-0.46537867078825346;-0.6938408236624157;2.5215477280556695
189;-0.46537867078825346;-0.6938408236624157;2.37906545339806
190;-0.5173021071494779;-0.6493577962436448;2.283222429555127
191;-0.5173021071494779;-0.6493577962436448;2.217913156297396
192;-0.5173021071494779;-0.6493577962436448;2.180971213831029
193;-0.5173021071494779;-0.6493577962436448;2.17197925708001
194;-0.5173021071494779;-0.6493577962436448;2.1982834822636406
195;-0.5173021071494779;-0.6493577962436448;2.2865427357215666
196;-0.5173021071494779;-0.6493577962436448;2.603149533757675
197;-0.5173021071494779;-0.6493577962436448;2.3685027472480824
198;-0.5173021071494779;-0.6493577962436448;2.1183336265352426
199;-0.5173021071494779;-0.6493577962436448;1.9847098101575935
200;-0.6518768165234061;-0.6477649335709528;1.8944627912771854
201;-0.6518768165234061;-0.6477649335709528;1.8300716003126192
202;-0.6518768165234061;-0.6477649335709528;1.7833925407171458
203;-0.6518768165234061;-0.6477649335709528;1.7516239047104847
204;-0.6518768165234061;-0.6477649335709528;1.7334647130336358
205;-0.6518768165234061;-0.6477649335709528;1.7282745604715206
206;-0.6518768165234061;-0.6477649335709528;1.7356366064768376
207;-0.6518768165234061;-0.6477649335709528;1.7553353115359434
208;-0.6518768165234061;-0.6477649335709528;1.7874043795321186
209;-0.6518768165234061;-0.6477649335709528;1.8335030247070319
210;-0.6586928266386086;-0.6319676263662319;1.8951937785640447
211;-0.6586928266386086;-0.6319676263662319;1.9767393496268375
212;-0.6586928266386086;-0.6319676263662319;2.083434502730391
213;-0.6586928266386086;-0.6319676263662319;2.2290491972535325
214;-0.6586928266386086;-0.6319676263662319;2.447096106691
215;-0.6586928266386086;-0.6319676263662319;2.960971007572242
216;-0.6586928266386086;-0.6319676263662319;2.757649876098586
217;-0.6586928266386086;-0.6319676263662319;2.692749334746053
218;-0.6586928266386086;-0.6319676263662319;2.767618868955548
219;-0.6586928266386086;-0.6319676263662319;2.9685234139251637
220;-0.6297337369494038;-0.6557451994388674;3.897360081217439
221;-0.6297337369494038;-0.6557451994388674;3.19958599381496
222;-0.6297337369494038;-0.6557451994388674;3.244746301414434
223;-0.6297337369494038;-0.6557451994388674;3.6352514842902792
224;-0.6297337369494038;-0.6557451994388674;3.639705933416596
225;-0.6297337369494038;-0.6557451994388674;4.0694668313095095
226;-0.6297337369494038;-0.6557451994388674;3.4945600870446447
227;-0.6297337369494038;-0.6557451994388674;2.908061017761161
228;-0.6297337369494038;-0.6557451994388674;2.5754061025992017
229;-0.6297337369494038;-0.6557451994388674;2.340267022668324
230;-0.5738354806739345;-0.65773086827886;2.1610602355170467
231;-0.5738354806739345;-0.65773086827886;2.018823892798218
232;-0.5738354806739345;-0.65773086827886;1.9068629820377463
233;-0.5738354806739345;-0.65773086827886;1.8167507281731292
234;-0.5738354806739345;-0.65773086827886;1.7443798325941935
235;-0.5738354806739345;-0.65773086827886;1.686705544357305
236;-0.5738354806739345;-0.65773086827886;1.6408940916482662
237;-0.5738354806739345;-0.65773086827886;1.6076909487688154
238;-0.5738354806739345;-0.65773086827886;1.5851253260699505
239;-0.5738354806739345;-0.65773086827886;1.5742828013420964
240;-0.5091578491429986;-0.6834380537288249;1.574731465776869
241;-0.5091578491429986;-0.6834380537288249;1.5875013478012838
242;-0.5091578491429986;-0.6834380537288249;1.6135148925602956
243;-0.5091578491429986;-0.6834380537288249;1.6578800220488898
244;-0.5091578491429986;-0.6834380537288249;1.729908542412984
245;-0.5091578491429986;-0.6834380537288249;1.8470874329726046
246;-0.5091578491429986;-0.6834380537288249;2.119119567128377
247;-0.5091578491429986;-0.6834380537288249;2.1081014455692397
248;-0.5091578491429986;-0.6834380537288249;1.8428859060929454
249;-0.5091578491429986;-0.6834380537288249;1.7253511988115033
250;-0.5039714551659944;-0.6816041719076227;1.6548500721113257
251;-0.5039714551659944;-0.6816041719076227;1.6102953503620165
252;-0.5039714551659944;-0.6816041719076227;1.5840381191604007
253;-0.5039714551659944;-0.6816041719076227;1.5732540521721021
254;-0.5039714551659944;-0.6816041719076227;1.5755186888253272
255;-0.5039714551659944;-0.6816041719076227;1.5901310454110291
256;-0.5039714551659944;-0.6816041719076227;1.6179116365720154
257;-0.5039714551659944;-0.6816041719076227;1.6598909907293018
258;-0.5039714551659944;-0.6816041719076227;1.7188853976317482
259;-0.5039714551659944;-0.6816041719076227;1.7991582958553054
260;-0.5606173529594435;-0.649903775004269;1.9088914325818198
261;-0.5606173529594435;-0.649903775004269;2.063501158337207
262;-0.5606173529594435;-0.649903775004269;2.304455116331571
263;-0.5606173529594435;-0.649903775004269;2.8312160927706795
264;-0.5606173529594435;-0.649903775004269;3.093115209807402
265;-0.5606173529594435;-0.649903775004269;2.3776221276340745
266;-0.5606173529594435;-0.649903775004269;2.1096306472636104
267;-0.5606173529594435;-0.649903775004269;1.944747517732807
268;-0.5606173529594435;-0.649903775004269;1.8290549271385355
269;-0.5606173529594435;-0.649903775004269;1.743221540218739
270;-0.5541177930863278;-0.6351849005331635;1.677695433281958
271;-0.5541177930863278;-0.6351849005331635;1.62650509274008
272;-0.5541177930863278;-0.6351849005331635;1.5861525111588533
273;-0.5541177930863278;-0.6351849005331635;1.5550377529933825
274;-0.5541177930863278;-0.6351849005331635;1.5301610382259907
275;-0.5541177930863278;-0.6351849005331635;1.5101544402807068
276;-0.5541177930863278;-0.6351849005331635;1.493961853014889
277;-0.5541177930863278;-0.6351849005331635;1.481129064796629
278;-0.5541177930863278;-0.6351849005331635;1.469806864104589
279;-0.5541177930863278;-0.6351849005331635;1.4603164812734368
280;-0.5265558106347336;-0.6627163183223148;1.4523687429014254
281;-0.5265558106347336;-0.6627163183223148;1.445597354652831
282;-0.5265558106347336;-0.6627163183223148;1.4395509463044065
283;-0.5265558106347336;-0.6627163183223148;1.4337347214691354
284;-0.5265558106347336;-0.6627163183223148;1.4282344991839924
285;-0.5265558106347336;-0.6627163183223148;1.4232168762242245
286;-0.5265558106347336;-0.6627163183223148;1.4193014969308386
287;-0.5265558106347336;-0.6627163183223148;1.4162754084979299
288;-0.5265558106347336;-0.6627163183223148;1.4141266496632077
289;-0.5265558106347336;-0.6627163183223148;1.4132833297648617
290;-0.3664515328285962;-0.7484276998569939;1.4138570027690593
291;-0.3664515328285962;-0.7484276998569939;1.4150814807418304
292;-0.3664515328285962;-0.7484276998569939;1.4200133657814162
293;-0.3664515328285962;-0.7484276998569939;1.4284169368124318
294;-0.3664515328285962;-0.7484276998569939;1.4397990435687862
295;-0.3664515328285962;-0.7484276998569939;1.4540147985790224
296;-0.3664515328285962;-0.7484276998569939;1.470557174664271
297;-0.3664515328285962;-0.7484276998569939;1.4898401392643894
298;-0.3664515328285962;-0.7484276998569939;1.512031502701697
299;-0.3664515328285962;-0.7484276998569939;1.5372876583410886
300;-0.38854641844408827;-0.6238923374555356;1.5654610515228082
301;-0.38854641844408827;-0.6238923374555356;1.5972314585249183
302;-0.38854641844408827;-0.6238923374555356;1.6334766093160673
303;-0.38854641844408827;-0.6238923374555356;1.6749516378306806
304;-0.38854641844408827;-0.6238923374555356;1.7229850478761228
305;-0.38854641844408827;-0.6238923374555356;1.7784243191984102
306;-0.38854641844408827;-0.6238923374555356;1.843523910070589
307;-0.38854641844408827;-0.6238923374555356;1.9235926432760673
308;-0.38854641844408827;-0.6238923374555356;2.0261173189059005
309;-0.38854641844408827;-0.6238923374555356;2.1682591265095086
310;-0.4277467411545624;-0.7480053391868293;2.42090179366282
311;-0.4277467411545624;-0.7480053391868293;2.67985119435563
312;-0.4277467411545624;-0.7480053391868293;2.3514447680406807
313;-0.4277467411545624;-0.7480053391868293;2.258001213946965
314;-0.4277467411545624;-0.7480053391868293;2.225233917007046
315;-0.4277467411545624;-0.7480053391868293;2.227578198296933
316;-0.4277467411545624;-0.7480053391868293;2.2575141078229475
317;-0.4277467411545624;-0.7480053391868293;2.3143953709169036
318;-0.4277467411545624;-0.7480053391868293;2.406739190560347
319;-0.4277467411545624;-0.7480053391868293;2.56440923823825
320;-0.5054455445544555;-0.7179731042319325;3.0406042997429927
321;-0.5054455445544555;-0.7179731042319325;2.686246763152989
322;-0.5054455445544555;-0.7179731042319325;2.5096282616957732
323;-0.5054455445544555;-0.7179731042319325;2.4295239511944273
324;-0.5054455445544555;-0.7179731042319325;2.388384115188763
325;-0.5054455445544555;-0.7179731042319325;2.36724643665523
326;-0.5054455445544555;-0.7179731042319325;2.364005565883189
327;-0.5054455445544555;-0.7179731042319325;2.374327817420531
328;-0.5054455445544555;-0.7179731042319325;2.3960197838050603
329;-0.5054455445544555;-0.7179731042319325;2.426115964049467
330;-0.5888064316635745;-0.6690177337358711;2.465833769156517
331;-0.5888064316635745;-0.6690177337358711;2.513939015167161
332;-0.5888064316635745;-0.6690177337358711;2.5731460963081085
333;-0.5888064316635745;-0.6690177337358711;2.6473065635170654
334;-0.5888064316635745;-0.6690177337358711;2.7457086402421456
335;-0.5888064316635745;-0.6690177337358711;2.890005220370318
336;-0.5888064316635745;-0.6690177337358711;3.202211644723123
337;-0.5888064316635745;-0.6690177337358711;3.145175183516886
338;-0.5888064316635745;-0.6690177337358711;2.895191580051878
339;-0.5888064316635745;-0.6690177337358711;2.7766485024271206
340;-0.6260971689949314;-0.643105191309006;2.6954060921109275
341;-0.6260971689949314;-0.643105191309006;2.6322914141522196
342;-0.6260971689949314;-0.643105191309006;2.585235908964251
343;-0.6260971689949314;-0.643105191309006;2.5498898574381275
344;-0.6260971689949314;-0.643105191309006;2.5282594403483105
345;-0.6260971689949314;-0.643105191309006;2.5219065032656522
346;-0.6260971689949314;-0.643105191309006;2.534891659555212
347;-0.6260971689949314;-0.643105191309006;2.5759404788805265
348;-0.6260971689949314;-0.643105191309006;2.668687700626136
349;-0.6260971689949314;-0.643105191309006;2.9198867477522077
350;-0.6904173106646059;-0.6080451722812166;2.8570031960293
351;-0.6904173106646059;-0.6080451722812166;2.57180709573968
352;-0.6904173106646059;-0.6080451722812166;2.4293543890422984
353;-0.6904173106646059;-0.6080451722812166;2.3314760722993393
354;-0.6904173106646059;-0.6080451722812166;2.2607707134956283
355;-0.6904173106646059;-0.6080451722812166;2.2051551449828515
356;-0.6904173106646059;-0.6080451722812166;2.1616133155862935
357;-0.6904173106646059;-0.6080451722812166;2.1290413089227322
358;-0.6904173106646059;-0.6080451722812166;2.1055398287426415
359;-0.6904173106646059;-0.6080451722812166;2.08953535026076
360;-0.7675734157650695;-0.5847863245249787;2.0808463393967918
361;-0.7675734157650695;-0.5847863245249787;2.07848036200925
362;-0.7675734157650695;-0.5847863245249787;2.0812692582395456
363;-0.7675734157650695;-0.5847863245249787;2.090866021612311
364;-0.7675734157650695;-0.5847863245249787;2.1054845578868897
365;-0.7675734157650695;-0.5847863245249787;2.1265096491981827
366;-0.7675734157650695;-0.5847863245249787;2.1536661041838236
367;-0.7675734157650695;-0.5847863245249787;2.187846369665406
368;-0.7675734157650695;-0.5847863245249787;2.229612774289538
369;-0.7675734157650695;-0.5847863245249787;2.2769555904659846
370;-0.8090054428500741;-0.5639405209180057;2.3304882179621074
371;-0.8090054428500741;-0.5639405209180057;2.389824035143336
372;-0.8090054428500741;-0.5639405209180057;2.455909071050717
373;-0.8090054428500741;-0.5639405209180057;2.5291331577146887
374;-0.8090054428500741;-0.5639405209180057;2.606880439091991
375;-0.8090054428500741;-0.5639405209180057;2.6903335630468748
376;-0.8090054428500741;-0.5639405209180057;2.777349379020131
377;-0.8090054428500741;-0.5639405209180057;2.8691795486176446
378;-0.8090054428500741;-0.5639405209180057;2.9645348014458515
379;-0.8090054428500741;-0.5639405209180057;3.0604987123324294
380;-0.8283305540114878;-0.5449583459302783;3.1569697446979648
381;-0.8283305540114878;-0.5449583459302783;3.250878790053148
382;-0.8283305540114878;-0.5449583459302783;3.3383841736555224
383;-0.8283305540114878;-0.5449583459302783;3.418740319521932
384;-0.8283305540114878;-0.5449583459302783;3.4912643879442156
385;-0.8283305540114878;-0.5449583459302783;3.553847372142629
386;-0.8283305540114878;-0.5449583459302783;3.609749958153145
387;-0.8283305540114878;-0.5449583459302783;3.6583960032742815
388;-0.8283305540114878;-0.5449583459302783;3.6975084534187577
389;-0.8283305540114878;-0.5449583459302783;3.7282203688069524
390;-0.8208410636982065;-0.546284491558771;3.745335379046201
391;-0.8208410636982065;-0.546284491558771;3.752979015257681
392;-0.8208410636982065;-0.546284491558771;3.743406894120471
393;-0.8208410636982065;-0.546284491558771;3.7247740016463595
394;-0.8208410636982065;-0.546284491558771;3.6882141635983205
395;-0.8208410636982065;-0.546284491558771;3.6408593603222026
396;-0.8208410636982065;-0.546284491558771;3.5827900149140746
397;-0.8208410636982065;-0.546284491558771;3.518831965851711
398;-0.8208410636982065;-0.546284491558771;3.4506101880063693
399;-0.8208410636982065;-0.546284491558771;3.379725303453111
400;-0.7976168368926029;-0.5603045295444744;3.3058672690000397
401;-0.7976168368926029;-0.5603045295444744;3.2349661375766856
402;-0.7976168368926029;-0.5603045295444744;3.164566588405152
403;-0.7976168368926029;-0.5603045295444744;3.0962192602183123
404;-0.7976168368926029;-0.5603045295444744;3.0342737301391853
405;-0.7976168368926029;-0.5603045295444744;2.974041319560295
406;-0.7976168368926029;-0.5603045295444744;2.921211795429993
407;-0.7976168368926029;-0.5603045295444744;2.871051256722465
408;-0.7976168368926029;-0.5603045295444744;2.8263767099357806
409;-0.7976168368926029;-0.5603045295444744;2.785325583652785
410;-0.7734133366324385;-0.5831158551739928;2.7524581271654665
411;-0.7734133366324385;-0.5831158551739928;2.7269624172511944
412;-0.7734133366324385;-0.5831158551739928;2.708750487046041
413;-0.7734133366324385;-0.5831158551739928;2.6957435881378644
414;-0.7734133366324385;-0.5831158551739928;2.6915667656975417
415;-0.7734133366324385;-0.5831158551739928;2.6911170512867137
416;-0.7734133366324385;-0.5831158551739928;2.698091227698896
417;-0.7734133366324385;-0.5831158551739928;2.711739904130433
418;-0.7734133366324385;-0.5831158551739928;2.73381972983041
419;-0.7734133366324385;-0.5831158551739928;2.76463034854689
420;-0.7014013765734483;-0.6030000145057395;2.804732063392269
421;-0.7014013765734483;-0.6030000145057395;2.853737984996922
422;-0.7014013765734483;-0.6030000145057395;2.911199148988373
423;-0.7014013765734483;-0.6030000145057395;2.9812007830872203
424;-0.7014013765734483;-0.6030000145057395;3.063841727362909
425;-0.7014013765734483;-0.6030000145057395;3.160360863176067
426;-0.7014013765734483;-0.6030000145057395;3.2741256813289343
427;-0.7014013765734483;-0.6030000145057395;3.410254564775545
428;-0.7014013765734483;-0.6030000145057395;3.567781646653777
429;-0.7014013765734483;-0.6030000145057395;3.7615369822410507
430;-0.6243587366339082;-0.6193773614647728;4.0077843548271
431;-0.6243587366339082;-0.6193773614647728;4.362953252755711
432;-0.6243587366339082;-0.6193773614647728;5.626394132047284
433;-0.6243587366339082;-0.6193773614647728;5.034827422786071
434;-0.6243587366339082;-0.6193773614647728;5.188126366309554
435;-0.6243587366339082;-0.6193773614647728;5.692129186939618
436;-0.6243587366339082;-0.6193773614647728;4.874364093514667
437;-0.6243587366339082;-0.6193773614647728;4.896890212074425
438;-0.6243587366339082;-0.6193773614647728;4.630098598284319
439;-0.6243587366339082;-0.6193773614647728;4.252813294603553
440;-0.5336612833364272;-0.665123912710121;4.0393020482943145
441;-0.5336612833364272;-0.665123912710121;3.8954705319839116
442;-0.5336612833364272;-0.665123912710121;3.7947481768107902
443;-0.5336612833364272;-0.665123912710121;3.722355560881945
444;-0.5336612833364272;-0.665123912710121;3.6720094007254285
445;-0.5336612833364272;-0.665123912710121;3.642163118179945
446;-0.5336612833364272;-0.665123912710121;3.6306668073905466
447;-0.5336612833364272;-0.665123912710121;3.639671447207783
448;-0.5336612833364272;-0.665123912710121;3.672391547670534
449;-0.5336612833364272;-0.665123912710121;3.732094016462324
450;-0.5017340682479717;-0.6880341711752975;3.838173962318394
451;-0.5017340682479717;-0.6880341711752975;4.02182489789606
452;-0.5017340682479717;-0.6880341711752975;4.739747481700305
453;-0.5017340682479717;-0.6880341711752975;4.147818389499066
454;-0.5017340682479717;-0.6880341711752975;4.044948274694654
455;-0.5017340682479717;-0.6880341711752975;4.056803136265645
456;-0.5017340682479717;-0.6880341711752975;4.169452799530506
457;-0.5017340682479717;-0.6880341711752975;4.544903500448473
458;-0.5017340682479717;-0.6880341711752975;4.429405456985717
459;-0.5017340682479717;-0.6880341711752975;4.525911169984904
460;-0.4769459593455627;-0.6959246092087732;4.1369662987271925
461;-0.4769459593455627;-0.6959246092087732;3.8067920753320794
462;-0.4769459593455627;-0.6959246092087732;3.6083251510431613
463;-0.4769459593455627;-0.6959246092087732;3.467272934720112
464;-0.4769459593455627;-0.6959246092087732;3.362615960839952
465;-0.4769459593455627;-0.6959246092087732;3.282552175500329
466;-0.4769459593455627;-0.6959246092087732;3.2228366388388126
467;-0.4769459593455627;-0.6959246092087732;3.1841912258479286
468;-0.4769459593455627;-0.6959246092087732;3.162576276822674
469;-0.4769459593455627;-0.6959246092087732;3.163225270328316
470;-0.5049587801400856;-0.7080819692013842;3.183415683512261
471;-0.5049587801400856;-0.7080819692013842;3.2295476423491483
472;-0.5049587801400856;-0.7080819692013842;3.315527825359782
473;-0.5049587801400856;-0.7080819692013842;3.4779677171394408
474;-0.5049587801400856;-0.7080819692013842;3.8618706881521527
475;-0.5049587801400856;-0.7080819692013842;3.8861247119642233
476;-0.5049587801400856;-0.7080819692013842;4.126034334521642
477;-0.5049587801400856;-0.7080819692013842;3.4846050278093887
478;-0.5049587801400856;-0.7080819692013842;3.2562758478625575
479;-0.5049587801400856;-0.7080819692013842;3.1232779207854966
480;-0.4925502855723864;-0.7245915075096192;3.05304179195816
481;-0.4925502855723864;-0.7245915075096192;3.0504980240519206
482;-0.4925502855723864;-0.7245915075096192;3.218777796619054
483;-0.4925502855723864;-0.7245915075096192;3.1159236339377703
484;-0.4925502855723864;-0.7245915075096192;2.7537248483130723
485;-0.4925502855723864;-0.7245915075096192;2.5454083953825815
486;-0.4925502855723864;-0.7245915075096192;2.3923648446993484
487;-0.4925502855723864;-0.7245915075096192;2.2664960621658765
488;-0.4925502855723864;-0.7245915075096192;2.1597603522160926
489;-0.4925502855723864;-0.7245915075096192;2.065005792512845
490;-0.47389358528095477;-0.722933098385572;1.9810765061215545
491;-0.47389358528095477;-0.722933098385572;1.904955867658539
492;-0.47389358528095477;-0.722933098385572;1.8363291874438923
493;-0.47389358528095477;-0.722933098385572;1.773880539005677
494;-0.47389358528095477;-0.722933098385572;1.716312155965529
495;-0.47389358528095477;-0.722933098385572;1.6629261265234245
496;-0.47389358528095477;-0.722933098385572;1.6127124134947048
497;-0.47389358528095477;-0.722933098385572;1.5658947457206116
498;-0.47389358528095477;-0.722933098385572;1.5205705450782148
499;-0.47389358528095477;-0.722933098385572;1.476389484066923
500;-0.5349464031228701;-0.6909362968591382;1.4331366271582993
501;-0.5349464031228701;-0.6909362968591382;1.391094074768001
502;-0.5349464031228701;-0.6909362968591382;1.3505152430998282
503;-0.5349464031228701;-0.6909362968591382;1.3108452938931276
504;-0.5349464031228701;-0.6909362968591382;1.2721301969758856
505;-0.5349464031228701;-0.6909362968591382;1.2332708078939034
506;-0.5349464031228701;-0.6909362968591382;1.1959046847346195
507;-0.5349464031228701;-0.6909362968591382;1.1596157847336226
508;-0.5349464031228701;-0.6909362968591382;1.1244411536590642
509;-0.5349464031228701;-0.6909362968591382;1.0907672704207316
510;-0.5837255387664106;-0.6590525127403712;1.0585790953309846
511;-0.5837255387664106;-0.6590525127403712;1.028357869225076
512;-0.5837255387664106;-0.6590525127403712;0.9997477255816174
513;-0.5837255387664106;-0.6590525127403712;0.9728154000657484
514;-0.5837255387664106;-0.6590525127403712;0.9485694847774863
515;-0.5837255387664106;-0.6590525127403712;0.9265824421065507
516;-0.5837255387664106;-0.6590525127403712;0.9077326735542921
517;-0.5837255387664106;-0.6590525127403712;0.891333261771895
518;-0.5837255387664106;-0.6590525127403712;0.8778529586518369
519;-0.5837255387664106;-0.6590525127403712;0.8663908793898132
520;-0.6400903409442484;-0.6375428711399067;0.8574368869657059
521;-0.6400903409442484;-0.6375428711399067;0.8502653106446678
522;-0.6400903409442484;-0.6375428711399067;0.8455898547340461
523;-0.6400903409442484;-0.6375428711399067;0.8434756062598046
524;-0.6400903409442484;-0.6375428711399067;0.843835811435995
525;-0.6400903409442484;-0.6375428711399067;0.8463154749593462
526;-0.6400903409442484;-0.6375428711399067;0.8512553563536054
527;-0.6400903409442484;-0.6375428711399067;0.8582707768353917
528;-0.6400903409442484;-0.6375428711399067;0.8674754015641345
529;-0.6400903409442484;-0.6375428711399067;0.8783981324819872
530;-0.6885880676538009;-0.6102600893192687;0.8904649085763767
531;-0.6885880676538009;-0.6102600893192687;0.9036009802871705
532;-0.6885880676538009;-0.6102600893192687;0.9175739513371669
533;-0.6885880676538009;-0.6102600893192687;0.9318381407553404
534;-0.6885880676538009;-0.6102600893192687;0.9457923130967569
535;-0.6885880676538009;-0.6102600893192687;0.9593799127904438
536;-0.6885880676538009;-0.6102600893192687;0.9721467653279244
537;-0.6885880676538009;-0.6102600893192687;0.9831445605220827
538;-0.6885880676538009;-0.6102600893192687;0.9924456565088261
539;-0.6885880676538009;-0.6102600893192687;1.0001373862760985
540;-0.559016393442623;-0.6574550437425639;1.0064033255480966
541;-0.559016393442623;-0.6574550437425639;1.0102870427640562
542;-0.559016393442623;-0.6574550437425639;1.0134059830080957
543;-0.559016393442623;-0.6574550437425639;1.0157855130081845
544;-0.559016393442623;-0.6574550437425639;1.0169212067458675
545;-0.559016393442623;-0.6574550437425639;1.0183687246828508
546;-0.559016393442623;-0.6574550437425639;1.0191887598353486
547;-0.559016393442623;-0.6574550437425639;1.0185092160717502
548;-0.559016393442623;-0.6574550437425639;1.0161606730421617
549;-0.559016393442623;-0.6574550437425639;1.012508739725797
550;-0.5714196216013031;-0.667981754745709;1.0078561251028328
551;-0.5714196216013031;-0.667981754745709;1.0020561458570538
552;-0.5714196216013031;-0.667981754745709;0.9961326194046101
553;-0.5714196216013031;-0.667981754745709;0.9896941761710027
554;-0.5714196216013031;-0.667981754745709;0.9833947716704003
555;-0.5714196216013031;-0.667981754745709;0.9758018364175478
556;-0.5714196216013031;-0.667981754745709;0.9682445163251224
557;-0.5714196216013031;-0.667981754745709;0.96063717312693
558;-0.5714196216013031;-0.667981754745709;0.9530776500747608
559;-0.5714196216013031;-0.667981754745709;0.9455910742526097
560;-0.5525361185815248;-0.6714747412384472;0.9381141814495211
561;-0.5525361185815248;-0.6714747412384472;0.9307481905597615
562;-0.5525361185815248;-0.6714747412384472;0.9236457251249213
563;-0.5525361185815248;-0.6714747412384472;0.9171371356640385
564;-0.5525361185815248;-0.6714747412384472;0.9106604928924839
565;-0.5525361185815248;-0.6714747412384472;0.9042901980560654
566;-0.5525361185815248;-0.6714747412384472;0.899156663634471
567;-0.5525361185815248;-0.6714747412384472;0.8940470675204384
568;-0.5525361185815248;-0.6714747412384472;0.8888228208347415
569;-0.5525361185815248;-0.6714747412384472;0.8838030761327538
570;-0.5628507295173962;-0.6707532729115286;0.8795356564245066
571;-0.5628507295173962;-0.6707532729115286;0.875629499121368
572;-0.5628507295173962;-0.6707532729115286;0.8722793339320063
573;-0.5628507295173962;-0.6707532729115286;0.8697934790143278
574;-0.5628507295173962;-0.6707532729115286;0.8685985925188064
575;-0.5628507295173962;-0.6707532729115286;0.8687300690867736
576;-0.5628507295173962;-0.6707532729115286;0.8708048048894965
577;-0.5628507295173962;-0.6707532729115286;0.874465942040183
578;-0.5628507295173962;-0.6707532729115286;0.8792782542276901
579;-0.5628507295173962;-0.6707532729115286;0.8862139145146344
580;-0.5752741774675972;-0.6991497038587697;0.894735359770032
581;-0.5752741774675972;-0.6991497038587697;0.9051065671862573
582;-0.5752741774675972;-0.6991497038587697;0.917575541987498
583;-0.5752741774675972;-0.6991497038587697;0.9324499043805978
584;-0.5752741774675972;-0.6991497038587697;0.9498921938584975
585;-0.5752741774675972;-0.6991497038587697;0.9701917331253588
586;-0.5752741774675972;-0.6991497038587697;0.9937404370696583
587;-0.5752741774675972;-0.6991497038587697;1.0212057998838477
588;-0.5752741774675972;-0.6991497038587697;1.052861530933037
589;-0.5752741774675972;-0.6991497038587697;1.089121328916328
590;-0.5978165938864629;-0.6538564534330107;1.1306914215782256
591;-0.5978165938864629;-0.6538564534330107;1.1790628958969986
592;-0.5978165938864629;-0.6538564534330107;1.2365046684898209
593;-0.5978165938864629;-0.6538564534330107;1.3056988820310158
594;-0.5978165938864629;-0.6538564534330107;1.3938478321084307
595;-0.5978165938864629;-0.6538564534330107;1.5164126506902973
596;-0.5978165938864629;-0.6538564534330107;1.7263601196561216
597;-0.5978165938864629;-0.6538564534330107;2.179342560801158
598;-0.5978165938864629;-0.6538564534330107;1.6865024894781824
599;-0.5978165938864629;-0.6538564534330107;1.5486845625377645
600;-0.6219983783446641;-0.6414690206065528;1.4720739752800396
601;-0.6219983783446641;-0.6414690206065528;1.4236242276864335
602;-0.6219983783446641;-0.6414690206065528;1.3916498089169131
603;-0.6219983783446641;-0.6414690206065528;1.3706574178475535
604;-0.6219983783446641;-0.6414690206065528;1.3572224458643072
605;-0.6219983783446641;-0.6414690206065528;1.349581924622229
606;-0.6219983783446641;-0.6414690206065528;1.3446522879289664
607;-0.6219983783446641;-0.6414690206065528;1.3428131908152667
608;-0.6219983783446641;-0.6414690206065528;1.3433799454681736
609;-0.6219983783446641;-0.6414690206065528;1.3450137043593355
610;-0.6446623093681917;-0.6402986140977536;1.3474725361786206
611;-0.6446623093681917;-0.6402986140977536;1.3508792091439
612;-0.6446623093681917;-0.6402986140977536;1.3558364064116102
613;-0.6446623093681917;-0.6402986140977536;1.3614743265845657
614;-0.6446623093681917;-0.6402986140977536;1.3679502332447335
615;-0.6446623093681917;-0.6402986140977536;1.3748056276280813
616;-0.6446623093681917;-0.6402986140977536;1.3813007667027302
617;-0.6446623093681917;-0.6402986140977536;1.3887662284826807
618;-0.6446623093681917;-0.6402986140977536;1.3969153950632782
619;-0.6446623093681917;-0.6402986140977536;1.4062572446652102
620;-0.6438795195718464;-0.6447191557077929;1.415958935244218
621;-0.6438795195718464;-0.6447191557077929;1.4272870297380473
622;-0.6438795195718464;-0.6447191557077929;1.439212997190923
623;-0.6438795195718464;-0.6447191557077929;1.4523445917643059
624;-0.6438795195718464;-0.6447191557077929;1.4665405297614678
625;-0.6438795195718464;-0.6447191557077929;1.4817159440973713
626;-0.6438795195718464;-0.6447191557077929;1.4978674938391408
627;-0.6438795195718464;-0.6447191557077929;1.5146120259814326
628;-0.6438795195718464;-0.6447191557077929;1.5313222424489987
629;-0.6438795195718464;-0.6447191557077929;1.5487229387091597
630;-0.5907903737329768;-0.6369441171383886;1.5656112945633245
631;-0.5907903737329768;-0.6369441171383886;1.5822678040538596
632;-0.5907903737329768;-0.6369441171383886;1.5985448649900582
633;-0.5907903737329768;-0.6369441171383886;1.6144839969590747
634;-0.5907903737329768;-0.6369441171383886;1.6289970608275808
635;-0.5907903737329768;-0.6369441171383886;1.6424566194460786
636;-0.5907903737329768;-0.6369441171383886;1.6538370878055975
637;-0.5907903737329768;-0.6369441171383886;1.6638267835074196
638;-0.5907903737329768;-0.6369441171383886;1.672620790527428
639;-0.5907903737329768;-0.6369441171383886;1.6795484947182087
640;-0.546494281452014;-0.6364601951263058;1.684549289382442
641;-0.546494281452014;-0.6364601951263058;1.6872719842350508
642;-0.546494281452014;-0.6364601951263058;1.6881118935942605
643;-0.546494281452014;-0.6364601951263058;1.6862646260778897
644;-0.546494281452014;-0.6364601951263058;1.681698703377779
645;-0.546494281452014;-0.6364601951263058;1.675615282018206
646;-0.546494281452014;-0.6364601951263058;1.6672904569913638
647;-0.546494281452014;-0.6364601951263058;1.656529650914662
648;-0.546494281452014;-0.6364601951263058;1.6434053204703445
649;-0.546494281452014;-0.6364601951263058;1.6280936175871714
650;-0.4853334161953887;-0.6438107264683604;1.611088020337923
651;-0.4853334161953887;-0.6438107264683604;1.5922076146609525
652;-0.4853334161953887;-0.6438107264683604;1.5723833535275493
653;-0.4853334161953887;-0.6438107264683604;1.5514765039779954
654;-0.4853334161953887;-0.6438107264683604;1.5288631407154234
655;-0.4853334161953887;-0.6438107264683604;1.5055934734536789
656;-0.4853334161953887;-0.6438107264683604;1.481081391963853
657;-0.4853334161953887;-0.6438107264683604;1.4555825164042373
658;-0.4853334161953887;-0.6438107264683604;1.4291286607732827
659;-0.4853334161953887;-0.6438107264683604;1.4021113347645824
660;-0.47032418952618454;-0.6519120085966162;1.374595230466977
661;-0.47032418952618454;-0.6519120085966162;1.346639762959
662;-0.47032418952618454;-0.6519120085966162;1.318385741868541
663;-0.47032418952618454;-0.6519120085966162;1.2896520336133233
664;-0.47032418952618454;-0.6519120085966162;1.2604133724863331
665;-0.47032418952618454;-0.6519120085966162;1.230981903793283
666;-0.47032418952618454;-0.6519120085966162;1.2012544762020152
667;-0.47032418952618454;-0.6519120085966162;1.1714250696168023
668;-0.47032418952618454;-0.6519120085966162;1.1418077365703896
669;-0.47032418952618454;-0.6519120085966162;1.112459153066528
670;-0.4823383084577114;-0.6510555940424325;1.0831687794438136
671;-0.4823383084577114;-0.6510555940424325;1.0543208779365025
672;-0.4823383084577114;-0.6510555940424325;1.0259438400176264
673;-0.4823383084577114;-0.6510555940424325;0.9986543981121407
674;-0.4823383084577114;-0.6510555940424325;0.9722338223891751
675;-0.4823383084577114;-0.6510555940424325;0.9462383799785645
676;-0.4823383084577114;-0.6510555940424325;0.9211263877773004
677;-0.4823383084577114;-0.6510555940424325;0.8970841360604329
678;-0.4823383084577114;-0.6510555940424325;0.8736951650799627
679;-0.4823383084577114;-0.6510555940424325;0.8512595647989318
680;-0.506716835624106;-0.6605113319330944;0.8296887043608873
681;-0.506716835624106;-0.6605113319330944;0.809188032069843
682;-0.506716835624106;-0.6605113319330944;0.7897316031003785
683;-0.506716835624106;-0.6605113319330944;0.7716823910113249
684;-0.506716835624106;-0.6605113319330944;0.7551592496363899
685;-0.506716835624106;-0.6605113319330944;0.7407593559511343
686;-0.506716835624106;-0.6605113319330944;0.7274378589220469
687;-0.506716835624106;-0.6605113319330944;0.7147052440319999
688;-0.506716835624106;-0.6605113319330944;0.7029523039532417
689;-0.506716835624106;-0.6605113319330944;0.6921850797302966
