0;-0.6685726689286049;-0.48389707804307547;5.054836964960349
1;-0.6744866846375877;-0.484585351267798;5.11022450241314
2;-0.6786452928631551;-0.48539090858242817;5.147109240791216
3;-0.6815902244733918;-0.4863469385098322;5.200274258152886
4;-0.6838025620328153;-0.48747581457632744;5.256303633706709
5;-0.6854640379788957;-0.4887771542707832;5.311668032007744
6;-0.6866752904127648;-0.49023806310003715;5.376833043699583
7;-0.6875235786016389;-0.4918366010720206;5.418835075851493
8;-0.6880963514709444;-0.4935470859745357;5.478367202466652
9;-0.6884794923368318;-0.49534635845070735;5.54073009524463
10;-0.6887556861547056;-0.49721712331586876;5.641738616938418
11;-0.6890030866749723;-0.4991479149379093;5.731141139177868
12;-0.6892883914525991;-0.5011316323170496;5.838002612143334
13;-0.6896567669215597;-0.5031637292485325;5.932204872743056
14;-0.6901301094117085;-0.5052400964920977;6.056054347243496
15;-0.6907173013490162;-0.5073549854019486;6.222761739141855
16;-0.6914273181222488;-0.5094997506579761;6.456451832546955
17;-0.6922774036357762;-0.5116625937716075;6.683195170688494
18;-0.6932959407232805;-0.5138288443905406;6.519671152638031
19;-0.6945224133071075;-0.5159813669115296;6.208284579663949
20;-0.6960060728106539;-0.5181009886961196;5.9712625572745335
21;-0.6978038460977449;-0.5201669765261274;5.7845947332297465
22;-0.6999775333151724;-0.5221575683148675;5.632737367245632
23;-0.7025902330282213;-0.5240505340119571;5.509770288813138
24;-0.7057020641003837;-0.5258237188730713;5.4043306004177785
25;-0.7093655723321026;-0.5274554996804757;5.321101996910367
26;-0.7136215552638154;-0.528925075607566;5.250367004593861
27;-0.7184961542379378;-0.5302125556575543;5.190238509948117
28;-0.7239997618502203;-0.5312989049799203;5.136996156464038
29;-0.730127656901941;-0.5321659303938656;5.098027571630721
30;-0.7368616579798505;-0.5327965368948862;5.048480385296999
31;-0.7441718189395162;-0.5331754257294262;5.030096293456261
32;-0.7520173656912774;-0.5332902740285116;5.007574852999241
33;-0.7603465610839781;-0.5331333066944539;5.002914872854726
34;-0.7690957131263416;-0.5327030931923487;4.95256245235321
35;-0.7781878757977865;-0.5320063853924151;4.906711397831082
36;-0.7875319543115031;-0.5310597686818815;4.871290346470758
37;-0.7970229808871092;-0.5298907845242484;4.831804382354056
38;-0.806544195206764;-0.5285381153132795;4.80723694343983
39;-0.8159712198407502;-0.5270504673591425;4.782260789899248
40;-0.825178126962554;-0.5254839600224025;4.765175350194879
41;-0.8340446239936428;-0.5238982060713686;4.754314148911988
42;-0.8424630306990963;-0.5223518452406876;4.744706580510421
43;-0.8503434054551583;-0.5208987523014871;4.741026751137683
44;-0.857615607195003;-0.5195859511624044;4.735450050379816
45;-0.8642285162841992;-0.518453290694981;4.733533541824235
46;-0.8701481119446202;-0.5175339254372356;4.724377741967037
47;-0.8753561219878561;-0.5168545407439863;4.708903709830081
48;-0.8798496774779347;-0.5164349441726036;4.707385003701784
49;-0.883641357896739;-0.5162872041017702;4.705357615228878
50;-0.8867588575320577;-0.5164147320294497;4.710125449550237
51;-0.8892437989918943;-0.516811837485464;4.695696033067887
52;-0.8911495954269357;-0.5174639663427286;4.6902624781942075
53;-0.8925385041916264;-0.5183483349554592;4.654988153120806
54;-0.8934780323669992;-0.519434920556382;4.615637320995965
55;-0.894036723854468;-0.5206883173220574;4.566920410085942
56;-0.894279249372747;-0.5220707073833353;4.515368558672213
57;-0.8942610450420779;-0.5235454704790669;4.4613112798682355
58;-0.8940236135168038;-0.525080559115784;4.401895873879075
59;-0.8935918535802028;-0.5266511664388125;4.351438636318148
60;-0.8929737607775157;-0.5282417259308159;4.2945150185325
61;-0.8921619810455824;-0.5298471940760934;4.2419148509624485
62;-0.891136574187775;-0.531474165719235;4.18603998343636
63;-0.8898684955277413;-0.5331412828850732;4.135535006403871
64;-0.8883234519728798;-0.5348762937657094;4.0897949845128085
65;-0.8864660173085033;-0.5367090338806164;4.045303313415861
66;-0.8842641190585373;-0.538663547600371;3.979986424561364
67;-0.8816936101301523;-0.5407530630313393;3.921409200721227
68;-0.8787421727005285;-0.5429789425902568;3.8588316498633066
69;-0.8754119008872775;-0.5453324729730207;3.8009030362454688
70;-0.871720362989461;-0.5477972138513794;3.7411627800034
71;-0.8677003001872141;-0.5503501593893078;3.686076486786028
72;-0.8633977612501936;-0.5529621915670186;3.6349861761026854
73;-0.858868735995908;-0.5555993639218659;3.587229004773702
74;-0.8541752778102534;-0.5582256977875919;3.5368443602376844
75;-0.8493819114886179;-0.5608061269909987;3.4844793843933597
76;-0.8445527181197997;-0.5633076923494221;3.4440244875903736
77;-0.8397496952438239;-0.5656993887852355;3.4122404977300027
78;-0.8350323132964756;-0.5679529689591596;3.3862231860821277
79;-0.8304567258034128;-0.570045243542728;3.360990619787009
80;-0.8260731396966933;-0.5719600322558459;3.3430287545014346
81;-0.8219219079688583;-0.5736883492248435;3.334593497719229
82;-0.8180300846140938;-0.5752280272344954;3.3437845410347475
83;-0.8144088847268685;-0.5765843767725987;3.3811776473981072
84;-0.8110510803190406;-0.5777711232775764;3.3556942747200713
85;-0.807929991252964;-0.578809547992698;3.3298531255059562
86;-0.805004589783181;-0.5797254572612152;3.315870240276609
87;-0.8022324808525605;-0.5805449763719427;3.3013284031584025
88;-0.7995851702575325;-0.5812898134690123;3.279330709417762
89;-0.7970552157240556;-0.5819738260651844;3.235873083994815
90;-0.794651548878605;-0.5826027120332096;3.202958541977567
91;-0.7923903511751417;-0.5831759664977547;3.160481032445856
92;-0.7902868098945022;-0.5836898493779759;3.135507942058938
93;-0.788345347732825;-0.5841421120278456;3.1181812537623377
94;-0.7865529918878658;-0.5845360075616115;3.1065844182709554
95;-0.7848854875462692;-0.5848785845979068;3.0786671823091805
96;-0.7833289192326897;-0.585171006393405;3.0368997961931816
97;-0.7819000426880949;-0.5853991042574956;2.987478185542858
98;-0.780643710693165;-0.5855354747089762;2.9388472114026762
99;-0.7796085201593451;-0.5855522054495144;2.8879213445054335
100;-0.7788170751702956;-0.5854352197368748;2.832793333388897
101;-0.7782536119996265;-0.5851895671489479;2.8048539614863723
102;-0.7778739142631659;-0.584833489640291;2.7999411177993907
103;-0.7776226076429558;-0.5843878086928508;2.769007843030533
104;-0.7774512296688145;-0.5838633974312715;2.739535485605854
105;-0.7773336563676907;-0.5832505254833539;2.7339878016828973
106;-0.7772662781198506;-0.5825206890197289;2.6993587361853626
107;-0.7772473527426249;-0.5816421321219583;2.655326730410106
108;-0.7772700849190323;-0.5805884184344685;2.626805769285851
109;-0.7773435482434847;-0.5793317317072033;2.574033660566851
110;-0.7774872734407015;-0.5778452161130576;2.536740890468053
111;-0.7777044478489159;-0.5761151411962715;2.5127882913275346
112;-0.7779763870074728;-0.5741466390555439;2.50677379973582
113;-0.7782825652182979;-0.5719601289435996;2.50140860397611
114;-0.7786171648052054;-0.5695862744839773;2.4981790827068937
115;-0.7789711975425445;-0.5670690758395392;2.496950559817872
116;-0.7792968244213978;-0.5644742309051886;2.497575105588324
117;-0.7795039772904733;-0.5618904928335612;2.4909729286806197
118;-0.7794718165432981;-0.5594266922659965;2.5012035174813994
119;-0.7790038517446156;-0.557217824572897;2.5173698807836917
120;-0.7777723928063951;-0.5554317343131296;2.528331707419963
121;-0.775348684071943;-0.5542577296541479;2.558000416330564
122;-0.7712864803400757;-0.5538781128399362;2.5806690438536126
123;-0.7652117395217515;-0.5544290706530446;2.6170556753972396
124;-0.7569496148474064;-0.5559496272333648;2.648219141114035
125;-0.7466176487553119;-0.5583507669411105;2.676491799720209
126;-0.7345965415438734;-0.5614400854147383;2.7139501783597266
127;-0.7214231586814448;-0.564983843655559;2.746975074593894
128;-0.7076586008248344;-0.5687657746322041;2.776169207729735
129;-0.6938011838330675;-0.5726107487463387;2.791014729638286
130;-0.6803067019034186;-0.5763683690879182;2.805449432657135
131;-0.6675951593177634;-0.5799142982451165;2.8127635582255146
132;-0.6560359157470145;-0.5831621985792985;2.8147913078410833
133;-0.645930821625483;-0.5860681154748876;2.801304576172374
134;-0.6374933628533483;-0.5886341214294597;2.7908436089867035
135;-0.6308164906890207;-0.5909138499426396;2.7776176303931246
136;-0.62584215151127;-0.5930102099310548;2.763033174911466
137;-0.6223669224008532;-0.5950549931639727;2.7632969346588734
138;-0.620080619186827;-0.597186826983018;2.764902493472287
139;-0.6186201255189512;-0.5995377239700352;2.7774235699725107
140;-0.6176259835704252;-0.6022200603729662;2.783559103825743
141;-0.6167869500547465;-0.6053142514859509;2.7952669131637164
142;-0.615864961049089;-0.6088616631762378;2.792153081545161
143;-0.6147023578802007;-0.6128641117903203;2.787411665422116
144;-0.6132150568047414;-0.6172889288744511;2.7826971223562658
145;-0.611375292835005;-0.6220768748837311;2.7815316329254443
146;-0.60919169766758;-0.627149094767168;2.7921115295085737
147;-0.6066934958818742;-0.632413477477231;2.8040298777031896
148;-0.6039177474383789;-0.6377747820400437;2.8146270308309536
149;-0.6008984287756951;-0.6431471318804264;2.843630618995475
150;-0.5976612582008769;-0.648461998524134;2.8823226289974473
151;-0.5942258779226043;-0.6536689718638202;2.9012557714772456
152;-0.590610522358314;-0.6587333575416114;2.903054541718776
153;-0.586834310526716;-0.6636341285747078;2.8980096414491823
154;-0.5829170280564275;-0.6683610225350889;2.888527566763726
155;-0.5788792765799704;-0.6729089099652521;2.91055838881272
156;-0.574744841550851;-0.6772715135706461;2.9326672100540776
157;-0.5705441035495984;-0.6814387892841478;2.9466785392980115
158;-0.5663163409478269;-0.685398989684658;2.9595759437046003
159;-0.5621099366062743;-0.6891429869232166;2.9732453064618714
160;-0.5579803646088415;-0.6926682243550669;2.9561267307670196
161;-0.553986040232517;-0.695980271962966;2.942792400607536
162;-0.5501830152717158;-0.6990904529969049;2.9486420328037832
163;-0.5466207114747212;-0.7020096556357975;2.9651645221294065
164;-0.5433403404955628;-0.7047415111539821;2.9823031087246825
165;-0.5403754710417529;-0.7072793420145063;2.984476703948147
166;-0.5377529098194861;-0.7096083132348668;3.001038606661227
167;-0.5354926292231444;-0.7117109127371133;3.0023043498904656
168;-0.5336066379079386;-0.7135732423405556;3.00686182709628
169;-0.5320974141114716;-0.7151901282855085;3.0058156180030156
170;-0.5309565992728318;-0.7165676154471095;2.9946567521017924
171;-0.530164380048154;-0.7177221914665377;2.986409080265938
172;-0.5296896868357068;-0.7186773348747104;2.981387777295613
173;-0.5294910992725641;-0.7194592445702592;2.970922219472158
174;-0.5295182762585872;-0.7200938434552782;2.933634854465095
175;-0.5297136320574026;-0.7206060181629934;2.886390974125786
176;-0.5300139922026305;-0.7210205151053264;2.855787948527801
177;-0.530352517129529;-0.7213631788347037;2.811532471136952
178;-0.5306617674645132;-0.7216614423378978;2.7760510344588765
179;-0.5308784151104761;-0.7219436786246131;2.763579769872156
180;-0.5309488521616202;-0.7222377274897851;2.7599802302358754
181;-0.5308340005750166;-0.7225692362753018;2.7436637121644987
182;-0.5305118704153373;-0.7229603510870788;2.724279983070183
183;-0.5299776286733137;-0.7234289512603964;2.7141329433318946
184;-0.5292421548595236;-0.7239881792840739;2.7126424431435074
185;-0.5283303740983207;-0.724645611050164;2.713265934178413
186;-0.5272799997106409;-0.7254014101016752;2.7108824693784315
187;-0.5261404552794059;-0.7262457226830364;2.710015737893547
188;-0.5249713726934945;-0.727156780517536;2.727347790124209
189;-0.5238401237483684;-0.7281010519813393;2.7636457063949784
190;-0.5228179730260374;-0.7290356077202621;2.819176726045501
191;-0.5219746506414651;-0.7299123001343766;2.879220706433218
192;-0.5213717654974577;-0.7306834213579008;2.9565846880466764
193;-0.52105633137481;-0.7313083034594567;3.0505052967568353
194;-0.5210559762098523;-0.7317593676371239;3.1281863248564545
195;-0.5213771045152303;-0.7320245790968867;3.2304897621700324
196;-0.5220067360191498;-0.7321042163881453;3.35157699872402
197;-0.5229176198735953;-0.7320053347940706;3.483426783363525
198;-0.5240748108432434;-0.7317389098923038;3.5681708962090775
199;-0.5254417786799691;-0.7313196706483511;3.688701822754051
200;-0.5269860799957408;-0.7307660070399142;3.8234635346020522
201;-0.5286845277443945;-0.7300989231140957;3.9867307186622605
202;-0.5305248124540174;-0.7293406135654326;4.104342232130837
203;-0.5325012808676233;-0.7285120958212412;4.190596036429326
204;-0.5346078585253125;-0.7276289782153972;4.3313409469409745
205;-0.5368332766898969;-0.726698171613001;4.40967604581762
206;-0.5391607471276643;-0.72571896331546;4.531703663718481
207;-0.5415719142188903;-0.7246868004889654;4.672516432551534
208;-0.5440542892936953;-0.7235961242010802;4.779407545903925
209;-0.5466102965733608;-0.722440683250997;5.043987100684719
210;-0.5492645348068872;-0.7212117781486522;5.061898796927331
211;-0.5520648371932755;-0.719896253806202;5.093693518740452
212;-0.5550726604498847;-0.7184774917906409;5.11991445017699
213;-0.5583422294828694;-0.7169417736141768;5.1903394486673795
214;-0.5618980481216663;-0.7152866501842466;5.2026692915735335
215;-0.5657240352773373;-0.7135245121559619;5.211621110394935
216;-0.5697671727240005;-0.7116793880353863;5.252645417818843
217;-0.5739500339531262;-0.7097801986588698;5.330126895642439
218;-0.5781871029942008;-0.7078537293557756;5.396485603505311
219;-0.5824033655577391;-0.7059181160932487;5.476027580365224
220;-0.5865547713703274;-0.7039765098750302;5.580947859363778
221;-0.5906450346019649;-0.7020129431782857;5.631547291260369
222;-0.5947258365959004;-0.6999959926069329;5.654390900907491
223;-0.598875265686697;-0.6978921535402074;5.6687554886679665
224;-0.6031682754323351;-0.6956810235159265;5.716904536614422
225;-0.6076519906644418;-0.6933638069144982;5.77904054518172
226;-0.6123292071455455;-0.6909629079656954;5.848726953019816
227;-0.6171557297838459;-0.6885130495511604;5.95027631276083
228;-0.6220611143542043;-0.686044497154871;6.0314722177147555
229;-0.626998287864013;-0.6835595138008985;6.055632189347634
230;-0.6320035243772161;-0.6810103970979029;6.029657677225142
231;-0.6372069935278554;-0.6783033829524702;5.9419749470805
232;-0.6427783662157083;-0.6753340597451128;5.861420696161916
233;-0.6488852091428782;-0.6720160572681897;5.7561682040665385
234;-0.6556801016243682;-0.6682882456928761;5.7006109421802496
235;-0.6632818104425791;-0.6641137977927405;5.599129772023783
236;-0.6717453968967836;-0.6594809718981036;5.519663360850437
237;-0.6810305563326866;-0.6544103310087318;5.436850976146931
238;-0.6909833110913698;-0.6489618053884386;5.4203954131145675
239;-0.7013441104624891;-0.6432301636730764;5.425042321301774
240;-0.7117722780523899;-0.6373322102660284;5.387287798989177
241;-0.721863476983096;-0.6313999736177311;5.4342203869422185
242;-0.7311503367028002;-0.625585419138611;5.2763068526460675
243;-0.739100481268187;-0.6200674900041693;5.174100042750459
244;-0.7451360938084544;-0.6150483389474748;5.100050766227434
245;-0.7486838029315293;-0.6107347973708813;5.001576917719402
246;-0.7492403621332658;-0.6073132265535036;4.911535701345895
247;-0.7464290000215742;-0.6049312265488517;4.82747837321095
248;-0.740031665417523;-0.6036934117693186;4.674540562524311
249;-0.7300022962858767;-0.603664655485896;4.484253850183149
250;-0.7164696728267834;-0.6048680800595782;4.340563628153595
251;-0.6997372203141301;-0.607269794654918;4.169450509274036
252;-0.6803046793911277;-0.6107497682383128;4.0215402862485625
253;-0.6589156843219571;-0.6150729720782825;3.914461659354742
254;-0.6365663286232429;-0.6198898055108443;3.8099338172409256
255;-0.6144216860608127;-0.6247779201413014;3.728752388558513
256;-0.5936894186822894;-0.6293020872422498;3.625570769813871
257;-0.5755256486658309;-0.6330665867855501;3.5429156458558095
258;-0.5609511086684954;-0.6357655432244381;3.4629230443815255
259;-0.5507217252235002;-0.6372398898465971;3.348693731400325
260;-0.5451742900288614;-0.6375220786577577;3.2698410875303945
261;-0.5441446155381606;-0.636836710836832;3.209144332772529
262;-0.5470249075901668;-0.6355466675967179;3.179856773202639
263;-0.5529169325043289;-0.6340741233201548;3.1527945632277055
264;-0.5607997803661051;-0.6328311048779284;3.1102095740993176
265;-0.5696733078270798;-0.6321663442806363;3.1018160941247355
266;-0.5786741913490554;-0.6323213376638781;3.095035518995633
267;-0.5871696688314652;-0.6333949360586748;3.123517022998536
268;-0.5948042734562188;-0.6353334070336266;3.1082298069584255
269;-0.601451142440385;-0.6379705957148368;3.1158315280446254
270;-0.6071351441268003;-0.6410841314292492;3.142180481828129
271;-0.6119630025352466;-0.6444466184719448;3.2160800503157354
272;-0.6160396506215973;-0.647875747217411;3.284134833149979
273;-0.6193975530395195;-0.6512646592639594;3.313809574144318
274;-0.621970749051822;-0.6545802334212083;3.3303320442437605
275;-0.6236196907870797;-0.6578399449884346;3.3532670056103155
276;-0.6241890517769968;-0.6610848199880996;3.3840524958442018
277;-0.6235667545544528;-0.66436035268886;3.4350665607974915
278;-0.6217068719409182;-0.667714481398891;3.5197494611514055
279;-0.6185928772406448;-0.671213918641072;3.434743095197889
280;-0.6141636247054871;-0.6749616324384944;3.352881810528803
281;-0.6082650316684405;-0.6790916455411271;3.2369183964201382
282;-0.600675659243376;-0.6837368763475351;3.150628814485262
283;-0.5911947243385611;-0.6889896095830343;3.098141651591845
284;-0.5797461860143751;-0.6948712812446145;3.0706851879882127
285;-0.566461415209621;-0.7013119317287513;3.028778319268377
286;-0.5517181335203005;-0.7081404649593931;2.988946751020853
287;-0.5361246642946816;-0.7150946293772834;2.975132597747499
288;-0.5204500389435555;-0.7218572721826102;2.9641860753036213
289;-0.5055135215195086;-0.7281103062202059;2.943097481521653
290;-0.49206931656617736;-0.7335772363798353;2.944709812443356
291;-0.480737953297856;-0.7380247219911173;2.9556963992195615
292;-0.47199525901122513;-0.7412372378560852;2.9381113265137593
293;-0.466167713767367;-0.7430166506847835;2.922427964745491
294;-0.46339278013155993;-0.7432283290583779;2.937835376788607
295;-0.4635672749594366;-0.7418647393644219;2.9365554645643903
296;-0.46633938032962996;-0.7390836705280651;2.953371734946679
297;-0.47116542725287236;-0.7351976860146899;2.927569932480804
298;-0.4774036437565315;-0.7306197029173739;2.9216383181676484
299;-0.4844086330017387;-0.7257883870512195;2.9125726399346394
300;-0.4916107389918664;-0.7211001138986202;2.888368802269312
301;-0.49857765351358785;-0.7168628585380856;2.889471412612612
302;-0.5050523415252898;-0.7132746503159038;2.8765941937370534
303;-0.5109555048967439;-0.7104246083874157;2.8842904470673463
304;-0.5163450288139663;-0.7083130660828627;2.887680111993883
305;-0.5213422611963652;-0.7068830572114455;2.8890910266813865
306;-0.526055406525651;-0.7060506428222548;2.9075591259836777
307;-0.530533274495351;-0.7057235580019493;2.9360534928774755
308;-0.5347615209530537;-0.7058074801911763;2.9553681186979
309;-0.5386889586134995;-0.7062064855888054;2.9547940104426473
310;-0.5422632711538831;-0.7068226244924426;2.971443456505423
311;-0.5454607156537331;-0.7075555639878498;2.9738682775716168
312;-0.5483031162222596;-0.7083028665815542;2.9840456617769684
313;-0.5508624402071391;-0.7089622658914896;2.9903064221650824
314;-0.5532553050024588;-0.7094361132776639;3.006170153111954
315;-0.555629729817771;-0.709635530375947;3.01194663717522
316;-0.5581482523672133;-0.7094813560836278;3.0382521114622056
317;-0.5609710012330034;-0.7089038575282277;3.0505872920781854
318;-0.5642397782551036;-0.7078470004845542;3.084307048498628
319;-0.5680690455945059;-0.7062752846028395;3.1247165688709426
320;-0.5725504825206817;-0.7041731357086697;3.151284906876213
321;-0.5777596047074633;-0.7015376526106614;3.179256389930338
322;-0.5837496766721171;-0.6983744758464099;3.1963655625581415
323;-0.5905402584045248;-0.6946981404042153;3.2201597615307946
324;-0.5981128949055913;-0.6905343585935203;3.25417707742202
325;-0.6064092464733636;-0.685926362877497;3.258140641125349
326;-0.6153184650712135;-0.6809474360231422;3.2549677044476644
327;-0.6246498807584351;-0.6757167030775911;3.2966340007994095
328;-0.6341052663079735;-0.6704090485309475;3.3486501212776125
329;-0.6432830182635683;-0.6652446907366607;3.3912845087118546
330;-0.6517456895976331;-0.6604473708124606;3.4554748735851333
331;-0.6591438154422883;-0.6561797761039981;3.4926579943710023
332;-0.6653282043764639;-0.6524911862771179;3.548449968119918
333;-0.6703636853228062;-0.6493168213600784;3.556788246615754
334;-0.6744413444862546;-0.646527543510361;3.5631003147048306
335;-0.6777845607902941;-0.6439833020782182;3.5984544193524974
336;-0.6806145578343814;-0.6415578122380913;3.6317747168711256
337;-0.683157372065331;-0.6391417405116973;3.6875885001269917
338;-0.6856514146201269;-0.636642862036274;3.72048848040975
339;-0.6883359149618968;-0.6339918385656851;3.7407663295665365
340;-0.6914223186062773;-0.6311522212471514;3.787860743003676
341;-0.6950613675004169;-0.6281288596744143;3.8363654529652864
342;-0.6993179359936869;-0.6249699509184613;3.8693466461555195
343;-0.704158419160506;-0.6217620737608278;3.894900267839023
344;-0.7094495325724478;-0.6186208030635787;3.96070638101188
345;-0.714966023321074;-0.6156801052505974;3.9798687276889066
346;-0.7204060810859532;-0.6130824867674274;3.9584369760011118
347;-0.7254139148379796;-0.6109705101668284;3.942826444532607
348;-0.729607718991508;-0.609479856098518;3.9145917492147437
349;-0.7326103712697793;-0.6087339448688371;3.8399130011802978
350;-0.7340815958021978;-0.6088392526086394;3.8206646754721523
351;-0.7337522039863871;-0.6098792763402883;3.7500845047420053
352;-0.7314615797093811;-0.61190446010118;3.7021442825906705
353;-0.7271973255924195;-0.6149163409011055;3.6617534668266485
354;-0.7211290689321103;-0.6188480311137629;3.6378164525415517
355;-0.7136220464480668;-0.623548004017728;3.599341484683785
356;-0.7052185072669938;-0.6287756363346946;3.5801051700575406
357;-0.6965855779781182;-0.6342135292061023;3.5966292268602738
358;-0.6884392602482536;-0.6394958214767035;3.5839113624592063
359;-0.681460339798146;-0.6442470548718042;3.553311772124567
360;-0.6762199146307883;-0.6481235391063996;3.5413991539173293
361;-0.673130094312984;-0.6508481168570309;3.5535352175639554
362;-0.6724261993722945;-0.6522312436758122;3.5481264990857717
363;-0.6741747502039277;-0.65217723629028;3.55377617105475
364;-0.6782964068919044;-0.6506804214378898;3.513689390713381
365;-0.6845950495972675;-0.6478168597522065;3.4286680997084513
366;-0.6927866852463471;-0.6437343581034742;3.3443571422238003
367;-0.7025228950892249;-0.6386410439113864;3.2621240617217393
368;-0.7134053244230693;-0.6327921578333138;3.2251311029031173
369;-0.7249920998063034;-0.6264743869606653;3.1655780876371815
370;-0.7368035222761568;-0.6199865487321125;3.109959467338206
371;-0.7483369488895817;-0.613616517160204;3.0671532670727135
372;-0.7590924191787616;-0.6076177606669018;3.027693926551555
373;-0.7685973071794702;-0.602191598977411;3.0127466417378916
374;-0.776416883143703;-0.5974793669111714;3.019220817191823
375;-0.7821540466709831;-0.593562544925103;3.049307640380585
376;-0.7854602030860689;-0.5904635881004506;3.1147517541704413
377;-0.7860752055385003;-0.5881418801022051;3.2112647158683743
378;-0.7838774432154101;-0.5864914369305597;3.301827564565944
379;-0.7788899746356327;-0.5853601831642608;3.4286422571866826
380;-0.7712185725974956;-0.5845988013572363;3.594745007760185
381;-0.7609740294011377;-0.5841125723612586;3.748391364846485
382;-0.7482438404770907;-0.5838817971564514;3.822605532902803
383;-0.7331204698062623;-0.5839453574536662;3.843637919941638
384;-0.7157559817071941;-0.5843647149582578;3.9098180150761386
385;-0.6964147641499098;-0.5851869297010881;3.8931200087614815
386;-0.6755064298264988;-0.5864183960013106;3.937750543171106
387;-0.6535908325417514;-0.5880134181573387;3.9486667758389107
388;-0.6313579328692928;-0.5898752698511878;3.986419989988431
389;-0.6095910689400386;-0.5918645268663254;4.065931905600437
390;-0.5891165517005056;-0.5938120352255786;4.170886508990878
391;-0.5707295197250206;-0.5955400852987843;4.202422680584249
392;-0.5550824084763053;-0.5968987676690634;4.228848605350737
393;-0.5425472374326279;-0.5978169733640081;4.2680332187266155
394;-0.533114441215091;-0.5983471196383264;4.31626730823632
395;-0.5264157034141724;-0.5986649988997975;4.318749739860771
396;-0.5218841645480969;-0.5990041205867553;4.341590232722219
397;-0.5189477379672701;-0.5995600189771738;4.331641075539962
398;-0.5171430565522371;-0.6004276891928042;4.31717704190594
399;-0.51613053329584;-0.6015971022210594;4.3160741432151495
400;-0.5156565318442525;-0.6029858308562003;4.33851554115778
401;-0.5155112125930239;-0.6044794367520306;4.337795704406101
402;-0.5155087837199193;-0.6059630349972497;4.381956217878516
403;-0.5154955665834171;-0.6073388920124229;4.354720567245125
404;-0.5153748732491376;-0.6085308679816436;4.335261295428312
405;-0.5151297432579128;-0.6094800008166256;4.3155976945238566
406;-0.5148291715107318;-0.6101375834666996;4.2925189671903565
407;-0.51461564277506;-0.6104615020459315;4.275395002537637
408;-0.5146806452439353;-0.6104184864404407;4.249923208342211
409;-0.5152356399897412;-0.6099916195125199;4.2229064407537695
410;-0.5164819506920504;-0.60919076835705;4.2543792801052485
411;-0.5185789626176234;-0.608063251138689;4.242876732352036
412;-0.5216095379453461;-0.6067018113649425;4.2318136592137545
413;-0.5255474901682821;-0.6052462475783997;4.224300225453146
414;-0.5302418061234685;-0.6038748616031858;4.1898358348351135
415;-0.5354333498054665;-0.6027845751785825;4.172390178840267
416;-0.5408032512248117;-0.6021642866152785;4.170200974453121
417;-0.5460331552360917;-0.6021698685914572;4.1895818669203635
418;-0.5508558024838848;-0.6029070521599339;4.271551453927142
419;-0.555085936404892;-0.6044235792920465;4.341033739764965
420;-0.5586316657817861;-0.6067092525746538;4.404886330067819
421;-0.5614905527125442;-0.6097019825984523;4.474605296410072
422;-0.5637354822708027;-0.6132978995281075;4.524402135514897
423;-0.5654950647051689;-0.6173635594197495;4.558834870026692
424;-0.5669325754714791;-0.6217484320278444;4.570735811188983
425;-0.5682264311771341;-0.6262962060521271;4.489352954094752
426;-0.5695541301828706;-0.6308538291801301;4.4240181419531455
427;-0.5710806368904942;-0.6352775446833336;4.3524455750839035
428;-0.5729514280288304;-0.6394355822589572;4.278255671812144
429;-0.575289792647459;-0.6432077466661401;4.23205350550203
430;-0.5781974122135525;-0.6464829097000756;4.224117704680972
431;-0.5817568245143365;-0.6491560393026825;4.13742679234716
432;-0.5860343370705076;-0.6511264450418031;4.101957614011728
433;-0.5910824273410215;-0.6522982316787183;3.9268352392512025
434;-0.5969414152227698;-0.6525829098548324;3.754900501713466
435;-0.6036407787935033;-0.6519033045994628;3.55562433632162
436;-0.6112006293080707;-0.6501976473472363;3.4427438278794438
437;-0.6196336152020542;-0.6474229575502597;3.344545562640192
438;-0.6289471294266115;-0.6435572536195855;3.1620220708121347
439;-0.639145372924792;-0.6386005586368848;3.0315405585313857
440;-0.6502306806839614;-0.6325749769066931;2.871792236561876
441;-0.6622035384697816;-0.6255242885718166;2.773074177013598
442;-0.6750608411210429;-0.617513555217037;2.5766863425749054
443;-0.6887920708279932;-0.6086291830752496;2.4757658628089647
444;-0.7033730940406434;-0.5989798011409574;2.4006488033729574
445;-0.7187570788072938;-0.588698234445373;2.3342351156324654
446;-0.7348615527367773;-0.5779448261853224;2.1918978131762117
447;-0.7515499167661264;-0.5669123718489207;2.0842980474756767
448;-0.7686051845302995;-0.5558328570986565;2.028795114209044
449;-0.7856943772232037;-0.5449857548415107;2.0033180371076056
450;-0.8023258105404867;-0.53470635707383;2.002651559325513
451;-0.8178103641375309;-0.5253900502380677;2.024291047137199
452;-0.831250163920342;-0.5174850376752651;2.067961043392407
453;-0.8415850679363693;-0.5114643984104533;2.125659360102634
454;-0.8477157388186565;-0.5077728931343376;2.1801163161611865
455;-0.8486873376436681;-0.5067556489644989;2.2511941586289814
456;-0.8438786935636249;-0.5085873315104786;2.33536604824204
457;-0.8331327132064672;-0.5132225237395213;2.417774829450347
458;-0.8167904733036033;-0.520383047784844;2.4738629910749834
459;-0.7956247060801489;-0.5295908794498022;2.4996213041033672
460;-0.7706970478437792;-0.5402418173075694;2.5246582602731262
461;-0.743186954943561;-0.5516983131161627;2.5370538186890936
462;-0.7142427542534041;-0.5633738879707566;2.5348732886669914
463;-0.6848837207962222;-0.5747901261569294;2.5248370490527487
464;-0.6559566685859576;-0.5856001569912077;2.499732147414308
465;-0.6281369341219792;-0.5955812767323814;2.471931920148501
466;-0.6019573518149552;-0.6046055700360855;2.4751402011388626
467;-0.5778428182553986;-0.6126043177560838;2.398915235721771
468;-0.5561292424245349;-0.6195439127596101;2.3658752369699587
469;-0.5370600118532165;-0.6254213370310705;2.356809838428017
470;-0.5207699655706134;-0.6302729767432309;2.3108995961219705
471;-0.5072732571824784;-0.6341841743824639;2.2798148295950726
472;-0.4964667811585801;-0.6372903367541538;2.2503715711226975
473;-0.48815177127104475;-0.6397671381287562;2.2567730689475547
474;-0.4820682799028435;-0.6418124399796813;2.264102189825435
475;-0.477933153273131;-0.6436249036947259;2.2314533102121366
476;-0.47547249178811757;-0.6453842556924986;2.2339561725159243
477;-0.474443190177798;-0.6472365160582773;2.2429357331784003
478;-0.47464255720891657;-0.6492853694838578;2.249866002222063
479;-0.4759082222355706;-0.6515892440416305;2.2718557624070437
480;-0.4781118994651633;-0.6541628715635973;2.3024430011431787
481;-0.48115048168094515;-0.6569819281059748;2.342726406327622
482;-0.4849370708188901;-0.659989521565119;2.379121814551974
483;-0.4893934946519947;-0.6631036072674342;2.433314939676814
484;-0.4944449367631757;-0.6662247462878286;2.47086353809651
485;-0.5000166716659857;-0.6692439374764051;2.5308838653398764
486;-0.5060325875744895;-0.672050514394371;2.5904863912448732
487;-0.5124151193844941;-0.6745401502669668;2.695542660926868
488;-0.5190862323172356;-0.6766227151728547;2.7021895369926097
489;-0.5259690545270517;-0.6782292181135788;2.730950302729919
490;-0.5329896693692184;-0.6793167492986656;2.7148260868673577
491;-0.540078576877283;-0.6798705434419476;2.7098011474026498
492;-0.547171514605115;-0.6799029728932877;2.6910639956705436
493;-0.5542096263357258;-0.6794500522417959;2.6603883310616836
494;-0.5611391978158716;-0.6785664330810818;2.609122103934453
495;-0.5679112117060948;-0.6773197510473693;2.5784664612844836
496;-0.5744808571786432;-0.6757848347746979;2.523965344034283
497;-0.5808070242838037;-0.6740380637295502;2.4737503037383903
498;-0.5868518338301432;-0.6721521759444242;2.413446476585445
499;-0.5925803765141363;-0.6701919133492318;2.355282259934727
500;-0.5979609400894048;-0.6682108421427351;2.258148945824438
501;-0.6029659871553108;-0.6662494467047602;2.198656827549837
502;-0.6075739956395743;-0.6643343029595254;2.1791279400695034
503;-0.6117720477493498;-0.6624779777783434;2.094714629637882
504;-0.6155588189197579;-0.6606793599557591;2.019389162506261
505;-0.6189474177927968;-0.6589243461146806;1.9517100749875258
506;-0.6219673874324837;-0.6571870414399906;1.9120976518973023
507;-0.624665135614936;-0.6554317586056752;1.8553066144875936
508;-0.6271021770920414;-0.6536160439164685;1.7760944549460376
509;-0.629350890072004;-0.6516947440268127;1.7218037483819595
510;-0.6314879964525798;-0.6496248260779139;1.6662075557964446
511;-0.6335865640883952;-0.6473703788188148;1.612019085549235
512;-0.635707827626139;-0.6449070427446282;1.5694012561017474
513;-0.6378943626034566;-0.6422251010811336;1.5364241597393933
514;-0.6401660325177961;-0.6393306227656979;1.5148057363312142
515;-0.6425196832263398;-0.6362443494721717;1.5303942760053673
516;-0.6449329051939435;-0.6329983924534335;1.5050661234152678
517;-0.6473714818533394;-0.6296311691998552;1.489430428015141
518;-0.6497995234748795;-0.6261812940171239;1.5113800169148297
519;-0.6521908208271805;-0.6226813010826514;1.5186261085364288
520;-0.6545396632268337;-0.6191521186805347;1.5242553845768858
521;-0.656869261304675;-0.6155991470451829;1.5588075501009355
522;-0.6592360203655687;-0.6120106421994391;1.6003933873108769
523;-0.6617282615405112;-0.608358889649024;1.648542317690128
524;-0.6644586099372619;-0.6046043691701327;1.6992204106984894
525;-0.6675501519116267;-0.6007027612879583;1.7895767726690601
526;-0.6711175425253265;-0.5966142261575448;1.9142504338600874
527;-0.6752453738047579;-0.5923139220282825;2.122715612922222
528;-0.6799670464445529;-0.5878023054139003;2.1468655482636865
529;-0.6852477962493457;-0.583113513684999;2.3550564530947686
530;-0.6909751271149088;-0.5783202338293092;2.3428281172898577
531;-0.6969586411022437;-0.5735339874264623;2.1937688012379093
532;-0.7029394461762152;-0.568900617832642;2.231884008753769
533;-0.7086075730099974;-0.5645916808914204;2.160512942513715
534;-0.7136247497153438;-0.5607930857797357;2.0600380790642405
535;-0.7176497153174682;-0.557692502645867;2.007126616702546
536;-0.7203637424295131;-0.5554667941389567;2.017206564788402
537;-0.7214946114661863;-0.55427030798581;1.971636243878454
538;-0.7208374398544964;-0.5542246061629275;2.053089186739771
539;-0.7182704685697958;-0.5554102548734711;2.009879577858868
540;-0.713763625938716;-0.5578615178865363;1.9837743200782703
541;-0.7073781556619491;-0.5615648145792403;1.9409678941418496
542;-0.6992572309726215;-0.5664612864083278;1.951638746859528
543;-0.689609908650675;-0.5724527684090226;1.984664537504561
544;-0.6786928850271501;-0.5794093413148043;1.8608243767625856
545;-0.6667950626475917;-0.587176108375623;1.8662091741765
546;-0.6542283597984817;-0.5955773391550101;1.8310062166301395
547;-0.6413250238676099;-0.6044175649703499;1.7806291882575118
548;-0.6284383413386008;-0.6134809993384882;1.789827308635084
549;-0.6159416284786947;-0.622531971348513;1.8110709892826662
550;-0.6042206466440355;-0.6313192607340153;1.8092854142749186
551;-0.5936569381199341;-0.6395861711794446;1.7719401593060757
552;-0.5846029434090855;-0.647086291789871;1.7506150131140634
553;-0.5773527906269341;-0.6536029128486812;1.7671387336882254
554;-0.5721143498391621;-0.6589686705725101;1.8393385203533232
555;-0.5689881613390134;-0.6630815823830305;1.8379821110315981
556;-0.5679573868265874;-0.6659142312691655;1.8335820981509712
557;-0.5688905655869125;-0.6675142289141505;1.8196206153893724
558;-0.5715564093421214;-0.6679958406885689;1.809447879112544
559;-0.5756478332760856;-0.6675243390936968;1.855409374877443
560;-0.5808113603100032;-0.6662958494015581;2.0132437809813406
561;-0.5866780283587777;-0.6645158988890593;1.9949673196889859
562;-0.5928926678491424;-0.6623795680904361;2.109274297583944
563;-0.5991393935303402;-0.660055311517932;2.1433612866954417
564;-0.6051619315651647;-0.6576735383325467;2.1082294623659914
565;-0.6107778008449823;-0.6553202396672003;2.192828165181859
566;-0.6158855147254505;-0.6530354529893942;2.2985418560334505
567;-0.6204641971261279;-0.650816097467055;2.2587194645346944
568;-0.6245656221498604;-0.6486225232131472;2.201156755423831
569;-0.6282997277710489;-0.6463878588224625;2.267740861428745
570;-0.6318158091475651;-0.644028933062753;2.1841353464559905
571;-0.6352823732160557;-0.6414573413102913;2.1934944915639627
572;-0.6388686632420413;-0.6385892899480298;2.2480726890616305
573;-0.6427300960163034;-0.6353532309997847;2.2769827613418694
574;-0.6469985688397996;-0.6316948957018373;2.2804779673051905
575;-0.6517772188921466;-0.6275799662618258;2.187749526475481
576;-0.6571381609246995;-0.6229951100716572;2.195897884047251
577;-0.6631212573906619;-0.6179483199740805;2.351816613373227
578;-0.6697321722924252;-0.6124694151509817;2.313068024449384
579;-0.6769387266398849;-0.606611195911187;2.3565511833829795
580;-0.684665646904069;-0.6004512240354525;2.493962162505383
581;-0.6927888108636426;-0.5940936886349627;2.294257782480673
582;-0.7011306980517467;-0.5876704944279507;2.0070028085031444
583;-0.7094587750987221;-0.5813406846047173;1.9454993957793503
584;-0.7174880941315875;-0.5752875639778074;1.811882481539273
585;-0.7248887391353762;-0.5697132863877977;1.6887393797381438
586;-0.7312981331555666;-0.5648310696742741;1.6194597504394803
587;-0.7363375826616135;-0.5608555558854345;1.5833895584833866
588;-0.7396316150144709;-0.5579921930830009;1.5786422680473888
589;-0.7408276865850786;-0.5564268963795256;1.6200361459854404
590;-0.7396131412835801;-0.5563175136389481;1.6893150784529918
591;-0.7357266125197373;-0.5577885008859407;1.7992495757813436
592;-0.728963007638388;-0.5609294490857506;1.6206037606254036
593;-0.7191747812363327;-0.5657966574132888;1.5452054597073324
594;-0.706276125716917;-0.5724151403691771;1.5165329612651464
595;-0.6902580161003955;-0.5807770903340013;1.5072993673162154
596;-0.6712173430265692;-0.5908332050461436;1.5097090801108701
597;-0.649393247220586;-0.6024765608594648;1.519704797020148
598;-0.6251955535076426;-0.6155239028429473;1.534762517346157
599;-0.5992110610646046;-0.6297025515590126;1.5533081645710416
600;-0.5721816187353956;-0.6446497057844468;1.574481260691349
601;-0.5449564925920433;-0.659926421080111;1.5979911182558686
602;-0.5184269762555804;-0.6750445366611674;1.624050593948904
603;-0.49345375585650175;-0.6895026525949755;1.653417055640917
604;-0.47079795840870076;-0.702826298319172;1.6875650476107635
605;-0.4510654239298384;-0.714607011344339;1.729079811725072
606;-0.43467095010776924;-0.7245350609068203;1.7828169319212241
607;-0.421825602826866;-0.7324212300274591;1.8626816529748513
608;-0.41254624421302094;-0.7382046319780853;1.941982865438828
609;-0.40668288885820253;-0.7419459126497328;1.998574846830969
610;-0.4039571326190634;-0.7438078743226905;2.200507998801167
611;-0.4040042548127255;-0.7440277634551198;2.176014145082216
612;-0.40641265906280294;-0.7428865127107754;2.1707852824147515
613;-0.41075651024200316;-0.7406798783059946;2.27179730606144
614;-0.41661991640592594;-0.7376949577457397;2.394184196393195
615;-0.4236130726179307;-0.7341936486117124;2.4440245604658823
616;-0.4313820151384595;-0.7304028974656073;2.5612949756252976
617;-0.4396139716505522;-0.7265105287582712;2.5853603976185213
618;-0.44803995981079037;-0.7226651076291579;2.6315480202558623
619;-0.4564356415653758;-0.7189784595278672;2.826577530772917
620;-0.46462082655595777;-0.715529831018696;2.981255783052518
621;-0.47245765861781586;-0.7123709866734292;3.2535655871710167
622;-0.47984748426357743;-0.7095316892186577;3.3074598844390333
623;-0.4867266186610542;-0.7070250225488186;3.1533951789502397
624;-0.49306152387968927;-0.704851989761875;3.22370218778207
625;-0.49884409956543485;-0.7030048746952997;3.0195286391188887
626;-0.5040877166384292;-0.7014690786644185;2.82908841433106
627;-0.5088242865345367;-0.7002235214479091;2.8486243992342986
628;-0.513102186477307;-0.6992401046856251;2.704395364981594
629;-0.5169844767662466;-0.6984829996402009;2.7034854470575085
630;-0.5205467356843441;-0.6979085115082309;2.5224675010232898
631;-0.5238740470913362;-0.6974659914774212;2.465097751698583
632;-0.5270570924421104;-0.6970998447512584;2.361729897895732
633;-0.5301877261018322;-0.696752293404627;2.308444955849959
634;-0.5333546746777317;-0.6963663291424601;2.3418163378429537
635;-0.53664001456189;-0.6958882775631183;2.2689056914028587
636;-0.5401168705477444;-0.695269557758983;2.204557721919026
637;-0.543848441478091;-0.694467478286195;2.1867598225613714
638;-0.5478881211268408;-0.6934451714382645;2.1280934123803803
639;-0.5522802475499363;-0.6921709584865585;2.0911356707199182
640;-0.5570609360949963;-0.6906175195323048;2.110675833397992
641;-0.5622585296983239;-0.6887612115389611;2.1510930465896427
642;-0.5678933941347101;-0.6865817653954587;2.135571468101323
643;-0.5739770365933464;-0.6840624396439727;1.991730325638255
644;-0.5805107754220667;-0.6811905551834712;1.9500814935105144
645;-0.587484389634392;-0.6779582117829911;1.9628585457548118
646;-0.594875292684058;-0.6743629122805573;1.9553578833676362
647;-0.602648779529974;-0.6704078046785114;2.061870414559933
648;-0.6107597732869547;-0.6661013015223346;1.968259021450613
649;-0.6191562486117673;-0.6614559493933003;1.7535512412807819
650;-0.6277841594167595;-0.6564865883045781;1.6736145607389237
651;-0.6365933055305621;-0.651208036036717;1.6156534833714622
652;-0.6455432219155607;-0.6456327154929979;1.5710651949912786
653;-0.6546079639114764;-0.6397687639090817;1.5369525516697515
654;-0.6637786783860553;-0.6336191742668092;1.5127070320227576
655;-0.6730631337773457;-0.6271823948000309;1.500426412112292
656;-0.6824819008739503;-0.6204545605904085;1.5162323267423035
657;-0.6920615247236332;-0.6134332007658087;1.483348013210608
658;-0.7018256512533265;-0.6061219341106925;1.4383061315067847
659;-0.711785516564905;-0.5985354181129595;1.4132130537001284
660;-0.7219313732366786;-0.5907037111481099;1.3982080775150378
661;-0.7322262991509783;-0.5826752628088884;1.3924914234184977
662;-0.7426034648875848;-0.5745179412733736;1.4010272719571284
663;-0.752967414187654;-0.5663177933368739;1.4760765094603914
664;-0.7631993235188329;-0.5581755623502657;1.3821758539371274
665;-0.7731656181723259;-0.5502013181002178;1.3613756726925978
666;-0.7827287932071408;-0.5425078416336888;1.3545606802523564
667;-0.7917588905683858;-0.5352036159524475;1.3575206315952002
668;-0.8001439100596421;-0.5283863553999247;1.3694792883754048
669;-0.8077975674595888;-0.5221379245818275;1.390924750376101
670;-0.8146632908477336;-0.5165212422109875;1.4238007421090146
671;-0.8207141007450336;-0.5115793744966823;1.4742648569234358
672;-0.825948878210691;-0.5073365849827225;1.631058404948227
673;-0.8303862533813535;-0.5038007388146781;1.575676268268966
674;-0.8340577363279102;-0.5009662610503366;1.6861814221074056
675;-0.8370016632700897;-0.498816869066424;1.6814959875705533
676;-0.8392590901186336;-0.4973275163050951;1.8215358778072948
677;-0.840872094624042;-0.49646531952999784;1.8069175143044378
678;-0.8418842564924318;-0.49618959172172505;1.7948136977466793
679;-0.8423425530907906;-0.49645137597779054;1.7840063696639517
680;-0.8422996462116765;-0.4971930136163418;1.7949223160385546
681;-0.8418155685513402;-0.49834826336077265;1.825275797726735
682;-0.8409580998652832;-0.4998433357614256;2.016634740063951
683;-0.8398015527985176;-0.5015989642402713;2.1500250171288853
684;-0.8384241414488729;-0.5035333658172637;1.9398599329843276
685;-0.8369044605730622;-0.5055657194520774;1.735639876756456
686;-0.8353177754435088;-0.5076196639987257;1.4532713135600388
687;-0.8337327876457233;-0.5096263182797889;1.2925861407899275
688;-0.832209340805532;-0.5115264432409298;1.16657314979323
689;-0.8307972470167564;-0.5132715588968751;1.0621238173132872
690;-0.8295361439974016;-0.5148240388737874;0.973432899486952
691;-0.828456105872651;-0.5161563784756075;0.8972463571597287
692;-0.8275786572063912;-0.5172499333259186;0.8315252422932583
693;-0.8269178708815843;-0.5180934453548312;0.7749045408136157
694;-0.8264813299886978;-0.518681624432716;0.7264295168215702
695;-0.8262708576718942;-0.5190139642432123;0.6854109918310715
696;-0.8262830283603938;-0.5190938701669946;0.6513381697111422
697;-0.8265095451186755;-0.5189280895681537;0.6238213813605602
698;-0.8269375948238106;-0.5185263749021528;0.6025510015110923
699;-0.8275502845939302;-0.5179012802463194;0.5872652919698046
700;-0.8283272365205336;-0.5170679868899493;0.577723347141599
701;-0.8292453888884181;-0.5160440654463466;0.5736813396600638
702;-0.8302800264931316;-0.5148491046177812;0.5748716071392377
703;-0.8314060343636227;-0.5135041684051032;0.580985097579338
704;-0.8325993267487313;-0.5120310844226814;0.5916584004227253
705;-0.833838341610676;-0.5104516137685741;0.6064669965107203
706;-0.8351054209662137;-0.5087865992169117;0.6249263390936382
707;-0.8363878460663259;-0.5070552193923122;0.6465017824741977
708;-0.8376782957943159;-0.5052744776487015;0.6706271466272975
709;-0.8389745684386736;-0.5034590177967058;0.696730027319642
710;-0.8402785489904773;-0.5016212887346948;0.7242603501600591
711;-0.841594585434293;-0.499771993622279;0.752717847439273
712;-0.8429276041876369;-0.4979206829352643;0.7816746143010536
713;-0.8442813854444522;-0.4960763123505747;0.8107905200762235
714;-0.8456573873047173;-0.4942476048949608;0.839821215994585
715;-0.8470543453677581;-0.49244313277340535;0.8686199520922828
716;-0.8484686268640388;-0.49067114522012545;0.8971351132182059
717;-0.8498950760357885;-0.48893927312296476;0.925405570735065
718;-0.8513279516309382;-0.4872542942847657;0.9535559075620633
719;-0.8527615869840772;-0.48562211979556147;0.9817932615983929
720;-0.8541905744953846;-0.48404807407123007;1.0104067641846335
721;-0.8556094900124132;-0.4825374350014948;1.0397694365078394
722;-0.8570123137547252;-0.48109613020809416;1.0703414616296283
723;-0.8583917154197476;-0.4797314783276604;1.1026735816810915
724;-0.8597382806259759;-0.4784529075319106;1.1374103262844053
725;-0.8610396450159423;-0.47727263832540656;1.175294911673777
726;-0.86227944453323;-0.4762063476954117;1.2171810654117183
727;-0.8634360142050107;-0.47527382186279343;1.264062572814036
728;-0.8644808596756648;-0.47449956155855555;1.3171420005090548
729;-0.8653770532965931;-0.4739132443036882;1.3779851566471621
730;-0.8660778366976065;-0.4735498917185571;1.4488794668925893
731;-0.8665258140092333;-0.47344955418203477;1.5337714812403813
732;-0.8666531610877458;-0.4736563272222314;1.6415088538695954
733;-0.8663832196275767;-0.4742165690444444;1.8146029491158389
734;-0.8656336653308214;-0.47517630320375903;1.993667646194256
735;-0.8643211486942324;-0.4765779517069268;2.1357609316482944
736;-0.8623669753773285;-0.47845671267142337;1.9928191010576872
737;-0.859703133820394;-0.4808370163491047;1.9459024786954846
738;-0.8562778936533724;-0.48372951570204226;1.9794879660852307
739;-0.8520603203245867;-0.4871289823922392;1.9782930036941062
740;-0.8470433168986009;-0.49101332199807857;1.9199433169196303
741;-0.841245095677625;-0.4953437541910898;1.898506003808491
742;-0.8347091959727778;-0.500066073591627;1.8971175040008492
743;-0.8275032583959121;-0.5051128291054616;1.9044911893685368
744;-0.8197167650487928;-0.5104062168308432;1.9140087654064952
745;-0.8114579168613671;-0.5158614502515277;1.920118026510767
746;-0.8028497948639979;-0.5213903439396058;1.9221372645818477
747;-0.7940259611671904;-0.5269048379160003;1.9281249587186489
748;-0.7851256870325296;-0.532320219860018;1.960662421949298
749;-0.776289025937523;-0.5375578738522767;1.998472231799097
750;-0.7676519630190981;-0.5425474701902403;2.118288511824475
751;-0.7593418696247249;-0.5472285707682776;1.8792406585567223
752;-0.7514734834167339;-0.5515516370325831;1.802765697743826
753;-0.7441456267173785;-0.5554784078675151;1.7962315939365627
754;-0.7374388637684602;-0.5589816025307192;1.9350475717864917
755;-0.7314142702663777;-0.5620439327845701;1.6339980122145341
756;-0.7261134366719995;-0.5646564844705368;1.4841186379002727
757;-0.7215597461932584;-0.5668166281236802;1.3760764249306698
758;-0.7177608585165318;-0.5685257027852746;1.2879456312031805
759;-0.7147121945746768;-0.5697867557732137;1.212604269644703
760;-0.7124010673302263;-0.5706026049236202;1.1467280815042415
761;-0.7108109631608488;-0.5709744337698218;1.088455486909486
762;-0.7099253841926594;-0.5709010605208737;1.0366198863277394
763;-0.7097306527767198;-0.5703789578386846;0.9904327481885055
764;-0.7102171829225036;-0.5694030442073844;0.9493327818279267
765;-0.7113789417966441;-0.5679682079328521;0.9129062185985984
766;-0.713211123595248;-0.5660714516912225;0.8808400967316168
767;-0.7157063708766076;-0.5637144635264194;0.8528912897073009
768;-0.7188501244715235;-0.5609063487248518;0.828863309666796
769;-0.722615803739264;-0.5576662179029099;0.808587906238033
770;-0.72696050555876;-0.5540253287969774;0.7919113468779616
771;-0.7318218018392021;-0.550028514904699;0.7786865289611216
772;-0.7371160624561574;-0.5457346907648519;0.7687717872751023
773;-0.7427385597025102;-0.541216297807898;0.7620355555489638
774;-0.7485654214430834;-0.5365576507041125;0.7583635631242712
775;-0.7544572992407397;-0.5318522581351817;0.7576633824002652
776;-0.7602644452289522;-0.5271992998328946;0.7598614553174433
777;-0.7658328099908323;-0.5226995076045944;0.7648905901351851
778;-0.7710108147994996;-0.5184507015795866;0.7726697492425854
779;-0.7756565591224313;-0.5145431973899234;0.7830804341568791
780;-0.7796452563662899;-0.5110552907070176;0.7959441486300977
781;-0.7828765237716329;-0.5080490985165513;0.8110041347764255
782;-0.785280825663226;-0.5055671693428703;0.8279131877171584
783;-0.7868241138919592;-0.5036303562202437;0.846228569245198
784;-0.7875097845531792;-0.5022373585233382;0.865414914456816
785;-0.7873775441458839;-0.5013660614764398;0.8848563789318401
786;-0.7864994610628926;-0.500976439532941;0.9038797349591643
787;-0.7849740612981222;-0.501014497139819;0.9217899266895162
788;-0.7829195931964564;-0.5014166003045717;0.9379177619638908
789;-0.7804675090243438;-0.5021136085599608;0.9516755670548641
790;-0.7777569035037508;-0.5030343858453366;0.9626118874251194
791;-0.7749302542427179;-0.5041084774149693;0.9704534254617904
792;-0.7721304349329821;-0.5052679374679904;0.9751241840946598
793;-0.7694986804876376;-0.50644845263074;0.9767385332330442
794;-0.7671729964958443;-0.5075900193560177;0.975573266379297
795;-0.7652864215251849;-0.5086374962357827;0.9720288714536139
796;-0.7639645552064569;-0.5095413669127185;0.9665898334592775
797;-0.7633218371123752;-0.5102590210377742;0.9597894229987552
798;-0.7634561827492605;-0.510756795809755;0.9521796895593352
799;-0.7644417500292116;-0.5110129201287535;0.944304838366207
800;-0.7663198448982319;-0.511021358206346;0.9366761255858442
801;-0.7690883264289616;-0.5107963420810169;0.9297476942040556
802;-0.7726903963064347;-0.5103770970609653;0.9238941878907893
803;-0.7770043853355644;-0.5098319033671438;0.9193921056659945
804;-0.7818370266574848;-0.5092602443253476;0.916408042932219
805;-0.7869235128148009;-0.5087914754919098;0.9149987473711273
806;-0.7919379079370328;-0.5085784059599523;0.9151301762743134
807;-0.7965165383936252;-0.5087846821857409;0.9167237085590398
808;-0.8002941892509106;-0.5095661466448292;0.9197336671577716
809;-0.8029483695487184;-0.5110483853619008;0.9242480135239094
810;-0.8042420585267402;-0.5133049005404131;0.9305860370389931
811;-0.8040530271724897;-0.5163415599571579;0.9393557139095167
812;-0.8023806498932924;-0.5200919602280001;0.9514453747562704
813;-0.7993289969783006;-0.5244249534610327;0.967962389083448
814;-0.7950740687275539;-0.5291614341330151;0.9901803113218826
815;-0.7898279655936089;-0.5340950113191655;1.0196111595529849
816;-0.7838110212661733;-0.5390116559665158;1.0584753793664012
817;-0.777236552745395;-0.5437058468076791;1.1118260230523296
818;-0.7703063889433752;-0.5479930403747912;1.2110142573343479
819;-0.7632119715485786;-0.5517190979927371;1.2336128351067823
820;-0.7561360195846902;-0.5547667797713554;1.2526074047410474
821;-0.749252089213163;-0.5570586298088755;1.2414371044316375
822;-0.7427221057370976;-0.5585554602967014;1.2733143002359935
823;-0.7366937672016238;-0.5592504207073208;1.2661248920495651
824;-0.7312999133585213;-0.5591598267041863;1.2973333703131897
825;-0.726660751260363;-0.5583127281202116;1.1644087812322035
826;-0.7228882798499283;-0.5567411571149438;1.1057778445479869
827;-0.7200913362404684;-0.5544723427981759;1.0585426253432721
828;-0.7183796116480924;-0.551523468051756;1.017670318027525
829;-0.7178654121893383;-0.5478991081504567;0.9816273813547521
830;-0.7186624758540383;-0.5435913030003332;0.9498357832199182
831;-0.7208815811535619;-0.5385821217493173;0.922129647271118
832;-0.7246229253899505;-0.5328484868173848;0.8985859302379067
833;-0.7299653295758739;-0.5263689263953668;0.8794586841179546
834;-0.736952312482497;-0.5191318459733326;0.8651475818983616
835;-0.7455750853994374;-0.5111448606831887;0.8561770284101315
836;-0.7557527631492382;-0.5024446858756308;0.8531756137739006
837;-0.7673109485304103;-0.4931069813578829;0.8568503748438878
838;-0.7799617709374693;-0.4832552846528464;0.8679523772606162
839;-0.7932910588672561;-0.47306763562657084;0.8872317706921168
840;-0.8067587510943822;-0.46277875286240955;0.915382523652729
841;-0.8197132301382402;-0.4526753559036566;0.9529791534466042
842;-0.8314131979448312;-0.4430835733197345;1.0004088777593014
843;-0.8410540119807234;-0.4343498260710645;1.0578020072828187
844;-0.847807633590345;-0.4268171268179042;1.1249607603539016
845;-0.8508891435002878;-0.42079673241823845;1.201279451832494
846;-0.8496504634859092;-0.41653446865226273;1.285628226263373
847;-0.8436817162086876;-0.4141744578574988;1.3761262614754572
848;-0.8328873637231984;-0.41372839017452895;1.4696955685468724
849;-0.8175101708242258;-0.4150611787846735;1.5615639755211348
850;-0.7980986078448584;-0.41790029281167423;1.6459728636387636
851;-0.7754360024683449;-0.42186786644462076;1.7191826340983938
852;-0.7504584463320838;-0.4265274639319794;1.7816605866525659
853;-0.7241816515032267;-0.4314351605159608;1.8367721262266883
854;-0.6976425452616248;-0.4361869697835603;1.8883098078494132
855;-0.6718482376883994;-0.4404586601966519;1.939301940348763
856;-0.6477195458846294;-0.44403690551072494;1.9922463052867039
857;-0.6260237427618185;-0.4468406946318185;2.049815900975703
858;-0.6073085756299649;-0.4489291422029972;2.1156731480166857
859;-0.5918606533624201;-0.4504903334879206;2.196091544873111
860;-0.57970470603257;-0.45180968767730695;2.3079910475350567
861;-0.5706441848060184;-0.45322321633179496;2.4725245010305885
862;-0.564331322838694;-0.45506504964088845;2.5492865627302677
863;-0.5603512298211404;-0.45761707502560245;2.557836957117959
864;-0.558307422328863;-0.46106417462367977;2.5169545955501396
865;-0.5578947641990091;-0.4654584676812119;2.551240319218179
866;-0.5589326716095335;-0.4707055405670542;2.6299552488820916
867;-0.5613372066035722;-0.47659097817258983;2.787885737591352
868;-0.5650668803712533;-0.4828416176643835;2.9104030649368866
869;-0.5700892486514904;-0.4891908983528566;2.8839452346470082
870;-0.5763471278036987;-0.4954273070502835;2.795878683069459
871;-0.5837219842169488;-0.5014180247656512;2.673556200735384
872;-0.5920393939592361;-0.5071163350755739;2.604663285347319
873;-0.6011055155013079;-0.512567164221967;2.4828014776996223
874;-0.6107339302159716;-0.5178961620617466;2.428254238976462
875;-0.620738897925157;-0.5232662575900141;2.459731701009309
876;-0.6308899469672419;-0.5288194410802504;2.4844429816695888
