0;-0.5440181890652729;-0.47505886464346286;3.1004035866812436
1;-0.5432579640414839;-0.47549852068659254;3.0686426759231162
2;-0.5424083605507235;-0.47598874535260915;3.0860460023193474
3;-0.5414615583660327;-0.4765313132409012;3.045701975844707
4;-0.5404047695635077;-0.47712902236451826;3.109159006548705
5;-0.5392197339064875;-0.4777863143123697;3.1932484714917426
6;-0.537884728703475;-0.47851047120144496;3.1687691478711213
7;-0.5363789407619884;-0.4793121939980194;3.2061270351701716
8;-0.5346890643899577;-0.48020245895301567;3.2405087379344772
9;-0.5328152671139624;-0.4811871638601227;3.1356904210749117
10;-0.5307723525813286;-0.48226407190766885;3.140804608781049
11;-0.5285869010268586;-0.48342309489469837;3.1386270648704264
12;-0.5262934080333538;-0.4846483731119964;3.1375667062574415
13;-0.5239308565955094;-0.4859205470184421;3.2036281377822764
14;-0.5215398883699599;-0.487218612298059;3.232289760301753
15;-0.5191604722697262;-0.4885213522388816;3.2451119195631084
16;-0.5168300083762883;-0.48980844580295135;3.2041796401502447
17;-0.5145818519373153;-0.49106131440657647;3.144963647936687
18;-0.5124442515183086;-0.49226373897345843;3.1567809115051695
19;-0.5104396808397629;-0.49340226857287617;3.0455425050543132
20;-0.5085845227186997;-0.4944664438874739;3.017291407917772
21;-0.5068890472525363;-0.4954488641010058;3.0044692384469527
22;-0.5053576202839256;-0.496345129390417;3.0033961643512774
23;-0.5039890826468426;-0.49715369081646166;3.014436311545278
24;-0.5027772524817851;-0.49787563501710086;3.0427966875866854
25;-0.5017115170442449;-0.49851442428586296;3.1300362964667734
26;-0.5007774923754562;-0.49907560562545444;3.1515819829816363
27;-0.49995773660300447;-0.4995664970652999;3.0875292831283327
28;-0.49923250600802654;-0.499995856445377;3.045886658984783
29;-0.4985805451457566;-0.5003735358394445;3.037360125750361
30;-0.49797990639377937;-0.5007101216216032;3.0561759904094727
31;-0.4974088004802878;-0.5010165546107629;3.130456432354216
32;-0.4968464817796785;-0.5013037191590866;3.0817225287112247
33;-0.49627415986917583;-0.5015819912920316;3.0256212572809353
34;-0.49567589675483786;-0.5018607507487336;3.039292742952765
35;-0.4950394083621349;-0.5021478885793708;2.978147352975713
36;-0.4943566637422706;-0.5024493683926351;2.961131175474866
37;-0.49362418463185925;-0.5027689098416313;2.955932817746135
38;-0.4928429887740397;-0.5031078507467329;2.959659230716278
39;-0.49201817293872674;-0.5034652156319546;2.971867829164066
40;-0.491158175960169;-0.5038379862251345;2.9935515989847414
41;-0.49027378985401426;-0.5042215438344102;3.0281476930289926
42;-0.4893770003100211;-0.5046102379604633;3.091869198566279
43;-0.488479742395805;-0.5049980287102391;3.156645700075932
44;-0.48759265728954326;-0.5053791500657813;3.1788785925811105
45;-0.48672393239724704;-0.5057487451590105;3.155778404680318
46;-0.4858782996785503;-0.5061034322378953;3.208154212847007
47;-0.4850562551807405;-0.5064417690668547;3.2346569573317194
48;-0.48425354863356457;-0.5067645909012785;3.266295563940926
49;-0.4834609789830618;-0.5070752001405416;3.245452691673388
50;-0.4826645196452228;-0.5073793860276378;3.223012740462993
51;-0.48184577716456195;-0.5076852588716206;3.31898392156926
52;-0.4809827499784557;-0.5080029041531252;3.211719837064241
53;-0.4800508097717125;-0.5083438947870492;3.1743613584372365
54;-0.47902380510914505;-0.5087207283927335;3.207302123767572
55;-0.4778752071420406;-0.5091462628902844;3.2252133054605134
56;-0.4765792718597261;-0.5096331997197838;3.15035322146826
57;-0.4751122481860474;-0.5101936133343483;3.1018816191903826
58;-0.4734536839225242;-0.5108384680681611;3.0861280587068194
59;-0.4715878773901924;-0.5115770331238363;3.0933477756132555
60;-0.4695055306399434;-0.5124161259234163;3.14867117353744
61;-0.46720568963998227;-0.5133591635381949;3.1560418798091097
62;-0.4646980530609182;-0.5144050379929835;3.169310663858004
63;-0.4620056359094712;-0.5155468434975236;3.1839385329165273
64;-0.45916758553179415;-0.5167705045849019;3.1611411430569514
65;-0.4562416938967732;-0.5180534174414506;3.093828678005999
66;-0.4533058244954701;-0.5193633405639919;3.1099158095043107
67;-0.45045701272098976;-0.5206579864837949;3.067878538754278
68;-0.4478066012939188;-0.5218860737633747;3.1218221475518937
69;-0.4454708220867395;-0.52299063423543;3.091254452330342
70;-0.4435601520048529;-0.5239142983437453;3.1076862488934114
71;-0.4421727942168287;-0.5246043732457177;3.127590819264063
72;-0.44139210444597893;-0.525015521894883;3.1991839310839283
73;-0.4412842283816832;-0.5251108219564239;3.322667088987123
74;-0.4418954151470883;-0.5248630528702559;3.265156788979552
75;-0.4432493828135925;-0.5242561258231829;3.2332164671496586
76;-0.44534461091872035;-0.5232862328918269;3.2005826608760026
77;-0.44815245100563234;-0.5219627651755431;3.0835391300150885
78;-0.4516172212821058;-0.5203087182624012;3.0357356577344112
79;-0.4556585384786286;-0.5183601631899084;3.045332613181015
80;-0.4601753680632778;-0.5161646889807512;3.103758224411481
81;-0.46505110444791253;-0.5137790233023289;3.193441056083779
82;-0.4701591360685958;-0.5112661346251054;3.154192182443795
83;-0.47536850578578227;-0.5086921092102618;3.112092337655863
84;-0.48054935209184396;-0.5061230667699663;3.12537751575944
85;-0.48557785750172217;-0.5036223415409395;3.100980482776989
86;-0.49034049441727606;-0.501248095755701;2.9789087304722712
87;-0.49473744648253976;-0.49905145428758346;2.951300623806135
88;-0.498685161043079;-0.49707517667840107;2.985408282254372
89;-0.5021180341818536;-0.49535283582514433;2.9896622864836813
90;-0.5049892500102647;-0.4939084533191295;2.989196028581599
91;-0.5072708088600333;-0.49275653909484785;2.95237286820954
92;-0.5089527959680363;-0.49190248664089775;2.9614423587051752
93;-0.5100419591663394;-0.4913432808256448;2.946807738129978
94;-0.5105596667957295;-0.4910684862730507;2.8825969526378983
95;-0.5105392968994719;-0.49106150220893224;2.8353000279550398
96;-0.5100230842005364;-0.49130108524600474;2.8200938831376807
97;-0.5090584783451548;-0.49176312831028507;2.8054171217611574
98;-0.5076942055160898;-0.49242261398408865;2.7731065291577495
99;-0.5059764557453788;-0.49325554431548924;2.7594138989619372
100;-0.5039457880805162;-0.49424055996202515;2.7619563086482954
101;-0.501635273201349;-0.4953599877267778;2.7691045699497807
102;-0.4990700635895522;-0.4966002063922562;2.7745403497580567
103;-0.49626818909238396;-0.4979514057469312;2.747203338734193
104;-0.4932421364107603;-0.49940693069990366;2.754068666671568
105;-0.49000074734813714;-0.5009624207149435;2.771152164999839
106;-0.48655108653198126;-0.5026149087028824;2.8395750220504685
107;-0.4829000814204772;-0.5043619795020252;2.820963222098182
108;-0.4790558633719901;-0.5062010334813001;2.757710696551477
109;-0.47502882032252314;-0.5081286636158701;2.7154670840861863
110;-0.4708324156353545;-0.5101401331549537;2.663553846343124
111;-0.4664838487977818;-0.5122289311135514;2.6549415131007974
112;-0.4620046452331318;-0.5143863788141011;2.631316372660453
113;-0.45742126982038595;-0.5166012581250625;2.6166894835093815
114;-0.4527658556686961;-0.5188594299853743;2.636576602921842
115;-0.44807711127443406;-0.5211434145518855;2.623041289644804
116;-0.44340140022151664;-0.5234319200566173;2.632409024606731
117;-0.4387938757719355;-0.5256993435181678;2.6696504719191805
118;-0.4343194205599587;-0.5279153221719345;2.6741148710588414
119;-0.4300530380649997;-0.5300444753130047;2.712884687411538
120;-0.42607932577936475;-0.5320465143168923;2.746359326755092
121;-0.42249076550566805;-0.5338768842008601;2.7731128121719086
122;-0.4193847800200834;-0.5354880205980492;2.7875894994135204
123;-0.416859763526761;-0.5368311793479384;2.8400757189002266
124;-0.4150105104008629;-0.5378586655859038;2.832361775836294
125;-0.41392357471428026;-0.5385262021030148;2.925449461455045
126;-0.4136730696269503;-0.5387951588768325;2.874509830145715
127;-0.4143172882662689;-0.5386344124485256;2.8677418417598326
128;-0.4158963537762135;-0.5380216883746506;2.9066889282653285
129;-0.41843094373698264;-0.5369443304570743;3.0132224499161118
130;-0.4219220189301304;-0.535399513842196;3.1067762705829787
131;-0.4263514264863822;-0.5333939657708379;3.1182458347619737
132;-0.4316832311559795;-0.5309432789113306;3.2388820641241396
133;-0.4378656367687244;-0.5280709048149371;3.2467903406772747
134;-0.4448333757392009;-0.5248069077686724;3.300495502086568
135;-0.45251045632799364;-0.5211865498874824;3.419391605754877
136;-0.4608131596379545;-0.5172487720734292;3.412426650984959
137;-0.46965316953693104;-0.51303463518587;3.5239421484364732
138;-0.47894070035647035;-0.5085857916072022;3.465982246922279
139;-0.4885874636754813;-0.5039430671913129;3.404103890099146
140;-0.49850929468152433;-0.49914524277301925;3.42793715193777
141;-0.5086282523525308;-0.4942281261285432;3.5403788054300107
142;-0.518874029747223;-0.48922399164641733;3.7686912204456844
143;-0.5291845704032885;-0.4841614306168511;3.7789749851991052
144;-0.5395058800310022;-0.47906560216934796;3.8834724767651596
145;-0.5497911265090176;-0.47395881636850057;4.131617312509617
146;-0.5599992022998498;-0.4688613365926711;4.048474090380144
147;-0.5700929587853419;-0.46379227354042435;3.9718455924291853
148;-0.5800373154182958;-0.4587704585627186;3.867326251756756
149;-0.5897974225396861;-0.45381521516783097;3.725553030851363
150;-0.5993370369341595;-0.44894697663548866;3.7012836047438484
151;-0.6086172558429239;-0.44418771536638507;3.6114246646053787
152;-0.6175957358622339;-0.4395611579001323;3.614358822736055
153;-0.6262264877172357;-0.43509276587192763;3.647855088066781
154;-0.6344602879737108;-0.43080947305792666;3.6700977400775736
155;-0.6422456945740891;-0.42673918279885564;3.5514421635647966
156;-0.649530604453046;-0.4229100460550838;3.4946825638701653
157;-0.6562642517819686;-0.41934955561302695;3.5018842736757443
158;-0.6623995115989224;-0.4160835057776871;3.4733342643694693
159;-0.6678953404430962;-0.4131348801867497;3.5758207355642266
160;-0.6727191509155183;-0.4105227443792895;3.600151080061421
161;-0.6768488857237929;-0.40826123407017045;3.5676024606150882
162;-0.6802745416165071;-0.40635874135435157;3.4831097886808084
163;-0.6829989117065085;-0.4048174029753522;3.392006895856112
164;-0.6850373789098883;-0.40363298027178907;3.318029062582759
165;-0.6864167030694852;-0.4027951855990856;3.305454496476653
166;-0.687172881585015;-0.4022884577902432;3.2698024484770243
167;-0.6873482971467871;-0.4020931295459263;3.307416422303565
168;-0.6869884653112953;-0.40218687586043167;3.327479890452905
169;-0.6861387398867624;-0.40254629591218144;3.3517736644345217
170;-0.6848413225110963;-0.4031484668753243;3.3700270575195233
171;-0.6831328639523722;-0.4039723168782613;3.3149201264418577
172;-0.6810428535477002;-0.404999692402976;3.2816006962575943
173;-0.6785928855795738;-0.4062160376335986;3.33269961228981
174;-0.6757967823903903;-0.4076106533872571;3.302252436176384
175;-0.6726614578277164;-0.4091765542004273;3.280980687516556
176;-0.6691883332290935;-0.410909986653787;3.314298874954306
177;-0.6653750794308008;-0.4128097039838005;3.3398467222461514
178;-0.6612174541658856;-0.4148761077801444;3.4832103109371233
179;-0.6567110305303857;-0.41711036660840756;3.3759420820538866
180;-0.6518526600851464;-0.41951360626095335;3.348168996525609
181;-0.6466415725790812;-0.4220862416797728;3.2968621090704153
182;-0.6410800726316919;-0.42482749188362207;3.3484890365880395
183;-0.6351738438382282;-0.42773509148956346;3.2758029322502535
184;-0.6289319078923777;-0.4308051893301464;3.278325640790828
185;-0.6223663090440992;-0.43403240820475975;3.2826994191120162
186;-0.615491603737477;-0.4374100303270936;3.2913494098815392
187;-0.6083242344249459;-0.4409302696948443;3.3250946303221838
188;-0.6008818587587095;-0.44458459388850247;3.3998933082897325
189;-0.5931826938751702;-0.4483640619907134;3.4206189172736594
190;-0.5852449229078838;-0.45225965086994147;3.4803432964495626
191;-0.5770861989055006;-0.4562625478414879;3.583056098431446
192;-0.5687232708418025;-0.4603643930082538;3.6898790940946746
193;-0.5601717475264368;-0.4645574591123593;3.705800699135866
194;-0.5514460076273487;-0.4688347605342985;3.8120071033234186
195;-0.5425592571410371;-0.473190086395946;3.9938873585432892
196;-0.5335237289098825;-0.477617955884244;3.924586550441214
197;-0.5243510117161725;-0.4821134972429863;3.9772419332159448
198;-0.5150524888116261;-0.4866722556467959;4.0385018201819705
199;-0.5056398574644657;-0.49128993952491073;4.115150828243236
200;-0.49612569254068445;-0.49596211982919136;4.234204943854053
201;-0.48652400898234144;-0.5006839020142667;4.3531861723950875
202;-0.4768507714288534;-0.505449595637355;4.435608728953932
203;-0.467124295675299;-0.5102524107418528;4.548555859116633
204;-0.4573654879586325;-0.5150842125831985;4.758141360423693
205;-0.4475978759282906;-0.5199353656981528;4.913282496287265
206;-0.4378474007439799;-0.5247946938266767;4.893444458853593
207;-0.4281419630111898;-0.5296495731994088;4.907287698053663
208;-0.4185107444027608;-0.5344861633909973;4.928427725503305
209;-0.4089833579543454;-0.5392897635349256;5.073579175799682
210;-0.3995889075291108;-0.5440452645360119;5.197143876465647
211;-0.39035505446922025;-0.5487376531896815;5.334803003569289
212;-0.3813071916316324;-0.5533525152076105;5.353313063546499
213;-0.37246780942044616;-0.5578764836973039;5.431204442562634
214;-0.3638561069942843;-0.5622975885835694;5.545310868123968
215;-0.3554878609076906;-0.5666054794293193;5.6885398145490855
216;-0.3473755222989784;-0.570791515557208;5.723649053914256
217;-0.3395284817100606;-0.5748487384514391;5.9365857480549105
218;-0.3319534241932771;-0.5787717574473512;5.886175649461349
219;-0.3246546983166453;-0.582556587597625;5.8730843867357265
220;-0.3176346381853659;-0.5862004776422786;5.915890083234317
221;-0.31089380186680504;-0.5897017578050602;5.917120464735444
222;-0.30443111618562463;-0.5930597247150133;5.980173719593189
223;-0.29824394144853694;-0.5962745674127283;5.811939705721242
224;-0.2923280869550153;-0.59934732682566;5.8177029437146235
225;-0.28667781778261625;-0.6022798729259291;5.683952441322006
226;-0.28128589538904825;-0.6050748796379937;5.618195120641057
227;-0.27614369005720163;-0.6077357772918762;5.415767926295742
228;-0.2712413936624185;-0.610266665382235;5.324128359430119
229;-0.2665683484730761;-0.6126721736957161;5.1611079932654995
230;-0.26211349359936964;-0.6149572665081086;5.060273286220266
231;-0.25786591708911677;-0.6171269915409937;5.006532204861241
232;-0.2538154900935067;-0.619186181820008;4.898142038804496
233;-0.24995355116122375;-0.6211391237837338;4.891206320363375
234;-0.24627360424955208;-0.6229892084701248;4.760743004961373
235;-0.24277199362035262;-0.6247385841254606;4.653223969106158
236;-0.23944852206407935;-0.6263878281608398;4.527265471872785
237;-0.23630698508788645;-0.6279356542723149;4.3860317720263176
238;-0.23335560174234043;-0.6293786671715016;4.253781855721725
239;-0.2306073314434514;-0.6307111732860353;4.159704466376241
240;-0.22808007431252258;-0.6319250515622233;4.095180727651308
241;-0.22579675923795828;-0.6330096846729129;4.034471396324965
242;-0.22378532839363957;-0.6339519479307609;3.973806739371731
243;-0.2220786290109849;-0.6347362513056446;3.958839309081241
244;-0.2207142228233257;-0.6353446292478504;3.9146160133759786
245;-0.2197341210999496;-0.635756873466155;3.9165507519208744
246;-0.21918444909533985;-0.6359507052089598;3.9273289698150613
247;-0.21911503872128624;-0.6359019856614215;3.935115002733219
248;-0.21957894303300457;-0.635584965462912;3.956478511023705
249;-0.2206318614465767;-0.6349725767069042;3.9195360025525536
250;-0.22233146120049485;-0.6340367727482498;3.905815378420741
251;-0.2247365791323656;-0.6327489223597199;3.877858608681196
252;-0.22790628899933374;-0.6310802649180222;3.920497211436238
253;-0.2318988238605001;-0.6290024320605093;3.900324620533075
254;-0.2367703508082979;-0.6264880384032642;3.95219417073671
255;-0.24257360662422495;-0.6235113393304992;4.102148825708107
256;-0.24935641733714126;-0.6200489476179598;4.186146094749723
257;-0.2571601412018343;-0.6160805930552897;4.244971583162013
258;-0.26601809168105445;-0.6115899009033773;4.205437104747482
259;-0.2759540124171801;-0.6065651568921063;4.212274460998753
260;-0.2869806873643159;-0.6010000197119694;4.26792510079933
261;-0.29909877366733484;-0.5948941378731709;4.390133681996096
262;-0.3122959404733341;-0.5882536275943056;4.545758093169207
263;-0.32654638263499214;-0.5810913728813376;4.6899977902436545
264;-0.3418107546928213;-0.5734271183992613;4.844881697596022
265;-0.35803653978141914;-0.5652873395600733;4.853380976366712
266;-0.37515883392257643;-0.5567048910415497;4.964145504740407
267;-0.39310149327326627;-0.5477184525938945;4.938544761739313
268;-0.41177856512632555;-0.5383718069961826;4.902188149538332
269;-0.4310959067342504;-0.5287129970134854;4.896907530315857
270;-0.45095289145610673;-0.518793414427759;4.983553063649444
271;-0.47124410915476406;-0.5086668739517354;4.813693348222918
272;-0.4918609848669759;-0.49838871856122874;4.7849664423429425
273;-0.5126932626782181;-0.48801499203266147;4.851486835406441
274;-0.5336303260566191;-0.47760170144630604;4.771827229717305
275;-0.5545623476892048;-0.4672041794376996;4.599194445587994
276;-0.5753812783697254;-0.4568765449987354;4.499015724098999
277;-0.5959816944814654;-0.4466712538765636;4.519583706332182
278;-0.6162615272927623;-0.4366387254947845;4.522137360730986
279;-0.6361226958527736;-0.426827032506516;4.577581907770288
280;-0.6554716604604958;-0.4172816407827522;4.6957975705632
281;-0.6742199072308646;-0.40804519084853713;4.671516851015226
282;-0.6922843676476415;-0.3991573155612651;4.537121034815726
283;-0.7095877711718993;-0.3906544924443609;4.432607162615536
284;-0.7260589245170771;-0.38256993207569445;4.399056270872715
285;-0.7416329083115538;-0.37493350605826714;4.449698153182427
286;-0.7562511805519685;-0.367771719323309;4.360724454075325
287;-0.7698615764462691;-0.36110773188005507;4.334409751690458
288;-0.7824181959317476;-0.3549614347015466;4.25260070944293
289;-0.7938811733913382;-0.3493495832644936;4.154943946317936
290;-0.8042163290230026;-0.3442859903389145;4.154756162663988
291;-0.8133947081155082;-0.33978177690356803;4.00625847241698
292;-0.8213920232654403;-0.33584567648543706;3.969143510744502
293;-0.8281880252709747;-0.33248438375534906;3.925226321809815
294;-0.833765840661321;-0.3297029329163408;3.9304629989839572
295;-0.8381113266668662;-0.32750508551623414;3.8777410231410494
296;-0.841212506340266;-0.3258937012596216;3.884578230052718
297;-0.8430591551839641;-0.32487105995634397;3.826130840303857
298;-0.8436426130256826;-0.32443909904155144;3.7259739439248523
299;-0.8429558876940835;-0.32459953056064933;3.654666439835657
300;-0.8409940974039749;-0.3253538056801161;3.625073681413337
301;-0.8377552653621054;-0.3267029049699597;3.6818077073960223
302;-0.8332414345229412;-0.32864694942575295;3.5628519506186174
303;-0.8274600180682647;-0.3311846495778271;3.5616679740831656
304;-0.8204252512639978;-0.3343126353528568;3.5031340093458
305;-0.8121595743086367;-0.3380247331024113;3.385017107891788
306;-0.8026947642685538;-0.3423112728876447;3.3543720128236756
307;-0.7920726533759924;-0.34715851368725936;3.3026279139234886
308;-0.7803453198048513;-0.3525482638861819;3.3134160524300422
309;-0.7675747067911736;-0.3584577499339944;3.2650279149996537
310;-0.7538317024128581;-0.3648597518654408;3.212010454425019
311;-0.7391947799030061;-0.3717229874707978;3.1859929209938245
312;-0.7237483443944085;-0.3790126949152149;3.1908049856712415
313;-0.707580949699872;-0.38669134268381355;3.2526224164792064
314;-0.6907835380736137;-0.39471938910485393;3.3257223825189626
315;-0.6734478225550671;-0.40305602121340356;3.334565177431915
316;-0.6556648847741768;-0.41165982123695855;3.2564065835316693
317;-0.6375240114797421;-0.42048933347534256;3.2126550575013004
318;-0.619111750004713;-0.4295035291848022;3.1173257714298983
319;-0.6005111332920348;-0.4386621873084264;3.0820332947592113
320;-0.5818010125370424;-0.44792622115608444;3.0357924067918267
321;-0.5630554402163755;-0.45725798404351553;3.035702399662163
322;-0.5443430657385698;-0.46662158094523676;3.0799000458723937
323;-0.5257265355580146;-0.475983200342913;3.128727595995678
324;-0.5072619233639601;-0.4853114635314006;3.206871583401403
325;-0.48899824724717883;-0.4945777710056913;3.100297624402961
326;-0.470977153039903;-0.5037566105693255;3.099644941761886
327;-0.45323285086283716;-0.5128257825082626;3.0425425373140005
328;-0.43579238193087944;-0.5217664958187344;3.1178352226030697
329;-0.41867626451334466;-0.5305632971072308;3.0017642329450616
330;-0.4018995247945051;-0.5392038098873959;3.001682861724295
331;-0.3854730667912468;-0.5476782844172852;2.989283459211223
332;-0.36940528440852094;-0.5559789833728785;2.9089321855697783
333;-0.3537037777893487;-0.5640994521609506;2.9108943884291794
334;-0.3383770135765675;-0.5720337402360565;2.9872422028485595
335;-0.32343576942120045;-0.5797756481204224;2.9866892137035372
336;-0.30889422731034394;-0.5873180724181721;2.9191078397776073
337;-0.29477062356208306;-0.5946525085652443;2.876463504209977
338;-0.2810874175029509;-0.6017687509003529;2.8486622090359033
339;-0.26787099614226656;-0.6086548056965525;2.879883404660308
340;-0.2551509795921919;-0.6152970091965619;2.830640713415421
341;-0.2429592253152409;-0.6216803229458953;2.813852936714781
342;-0.2313286460359153;-0.6277887649924995;2.822358306646622
343;-0.2202919574350667;-0.6336059284557555;2.8959728758939223
344;-0.20988046113419717;-0.6391155378925313;2.859958566451292
345;-0.2001229505376783;-0.6443019973521131;2.895493715994928
346;-0.19104480607276209;-0.6491508903538545;2.949862478912065
347;-0.18266732537245967;-0.6536493998008416;2.9330266572672303
348;-0.17500731478366582;-0.65778662404604;2.9471721262399493
349;-0.1680769519482797;-0.6615537733699612;2.8890838467833535
350;-0.16188391510476668;-0.6649442387383174;2.8567843382684157
351;-0.15643176291139155;-0.6679535317743182;2.8195207962331943
352;-0.15172053871380048;-0.6705791013364323;2.7982037633785097
353;-0.14774756510606307;-0.6728200378514181;2.812295537229903
354;-0.14450838833697655;-0.6746766814945888;2.7734712370035957
355;-0.14199782763816388;-0.6761501543042104;2.7276952229047255
356;-0.14021108193857829;-0.6772418392576124;2.704316189499778
357;-0.13914484565221952;-0.677952831169878;2.6915351025213683
358;-0.13879838614710088;-0.6782833850199108;2.6924095011667246
359;-0.13917453788147627;-0.6782323870535624;2.6901740852397404
360;-0.14028057170492525;-0.6777968729085828;2.676699249495117
361;-0.14212890210901097;-0.6769716152361027;2.6558015158927444
362;-0.1447375999345904;-0.6757488010494571;2.6304476285721257
363;-0.1481306829301267;-0.6741178164824517;2.620470945842627
364;-0.15233816144828316;-0.672065153907587;2.621723027824067
365;-0.15739582144482683;-0.6695744535077153;2.6399501012725173
366;-0.16334473192477428;-0.6666266883980324;2.6528998931221257
367;-0.17023046931132513;-0.6632004991783493;2.6624218533809296
368;-0.17810205722195788;-0.659272680228647;2.722568463674219
369;-0.18701062717068423;-0.6548188159957853;2.6944667236836
370;-0.1970078140602189;-0.649814060830268;2.734924510832271
371;-0.20814391011218475;-0.6442340505625302;2.755133846668734
372;-0.22046581199512094;-0.638055928017079;2.726094459301422
373;-0.23401480793032792;-0.6312594582592367;2.7619289336332815
374;-0.24882426373827532;-0.6238282029271383;2.8925239250328594
375;-0.26491727810064736;-0.6157507170421763;2.933763258183869
376;-0.28230438654982504;-0.6070217268269066;2.9660794591907953
377;-0.3009813996642634;-0.5976432439029112;2.986112327785631
378;-0.32092746268961225;-0.5876255702869224;3.0274667025575477
379;-0.34210342083417106;-0.5769881501097672;3.052177380665407
380;-0.3644505669516164;-0.5657602278810722;3.045075206470458
381;-0.3878898370505835;-0.5539812789919752;3.065002174602328
382;-0.4123215054377443;-0.541701185275908;3.0397268252624356
383;-0.4376254169296434;-0.5289801359862728;3.1724794426608716
384;-0.46366177988251966;-0.5158882417444286;3.2373864001699353
385;-0.4902725315457023;-0.5025048554438076;3.3278737065891497
386;-0.5172832761864586;-0.4889175998698171;3.258725028479617
387;-0.5445057852202833;-0.4752211075796122;3.3705802580142534
388;-0.5717410350846882;-0.4615154854667211;3.3359395728435906
389;-0.598782740568948;-0.4479045255788582;3.2419363113652193
390;-0.6254213172568706;-0.4344936959621305;3.1427962693924854
391;-0.6514481767159002;-0.4213879605797723;3.137549923248067
392;-0.6766602241688211;-0.4086894946640087;2.9272149507426914
393;-0.7008643946784057;-0.3964953791493909;2.8093071054664573
394;-0.7238820357672704;-0.3848953723383077;2.6952293957030227
395;-0.7455529276017046;-0.37396986571312163;2.514997029211362
396;-0.7657387312453856;-0.36378813130310494;2.4494947917281444
397;-0.7843256740025839;-0.3544069586667832;2.3763791344385665
398;-0.8012263189113882;-0.3458697601174263;2.3252710237545102
399;-0.8163803205916823;-0.33820619452197126;2.3351997081221523
400;-0.8297541368776018;-0.3314323254238972;2.267845775269881
401;-0.8413397379773633;-0.3255512919982703;2.21640802534249
402;-0.8511524243028832;-0.3205544355963721;2.2647543681772357
403;-0.8592279227609272;-0.3164227944486433;2.2820117053904903
404;-0.8656189727423804;-0.3131288578166114;2.1905356050788165
405;-0.8703916332526437;-0.310638460601371;2.091631814227474
406;-0.8736215406113602;-0.3089127006227622;2.0786953158275856
407;-0.8753903240386423;-0.307909772360161;2.0140354783557166
408;-0.8757823489230658;-0.3075866304488175;1.9886119763288745
409;-0.8748819108634598;-0.307900420417456;1.9825041272906334
410;-0.8727709542456609;-0.30880963963616404;2.003251632200626
411;-0.8695273429171073;-0.31027501523971657;1.9956879775398264
412;-0.8652236716482896;-0.3122601057391655;2.005990640372886
413;-0.8599265778237124;-0.3147316479535123;2.025979097884355
414;-0.8536964937011914;-0.3176596805296037;2.0454984282265656
415;-0.8465877697377617;-0.32101748013944553;2.0326245889023418
416;-0.8386490971504865;-0.32478134736790065;2.045823955569839
417;-0.8299241609420375;-0.3289302774365802;2.071219137273179
418;-0.8204524609905972;-0.33344554733848586;2.0697896319343623
419;-0.8102702466962419;-0.3383102466148233;2.0940252131354407
420;-0.7994115187346418;-0.3435087746014802;2.164397373114266
421;-0.7879090587915478;-0.34902632298497954;2.15565968094166
422;-0.7757954542507675;-0.3548483592005256;2.1485176323795496
423;-0.7631040895352201;-0.3609601236688623;2.1649102324726277
424;-0.7498700792574062;-0.36734615206601695;2.1941377853290707
425;-0.7361311207905666;-0.3739898326260979;2.239168045656416
426;-0.7219282456851265;-0.38087300771757787;2.3358416183066177
427;-0.7073064509171864;-0.38797562841256406;2.3290143329129807
428;-0.692315192638283;-0.3952754702930504;2.3261575795995757
429;-0.6770087272126705;-0.4027479181343555;2.3057404802494745
430;-0.6614462871084762;-0.4103658262334162;2.3114155919851846
431;-0.6456920827755965;-0.41809945991153324;2.3281257088421197
432;-0.6298151260047598;-0.4259165220715736;2.3550963001586593
433;-0.6138888753137542;-0.4337822666366785;2.4248772701358527
434;-0.5979907094421666;-0.4416596983021129;2.403208411234706
435;-0.5822012407712147;-0.4495098554011025;2.421598847221333
436;-0.5666034860911061;-0.4572921699607263;2.4494630188022954
437;-0.5512819172776642;-0.4649648963647762;2.486182475434863
438;-0.536321418804894;-0.47248559760674036;2.5553118229948883
439;-0.5218061823640274;-0.47981167604985997;2.5535892185731837
440;-0.5078185710181967;-0.4869009340227977;2.579507430523258
441;-0.49443798622227486;-0.4937121485384173;2.6139533325322524
442;-0.48173977069295393;-0.500205643956333;2.6540183024209614
443;-0.4697941786088825;-0.5063438465060757;2.699034129607593
444;-0.45866544208632354;-0.5120918052074153;2.7489456522801645
445;-0.44841095946640186;-0.517417664812506;2.8039990544426896
446;-0.4390806268190284;-0.5222930778930769;2.8646821305920556
447;-0.43071632935174775;-0.5266935450544061;2.9318183791740817
448;-0.4233516042180365;-0.5305986744393509;3.006899863807612
449;-0.4170114806309522;-0.5339923541678732;3.0928482374194197
450;-0.411712497267516;-0.5368628341280648;3.1961115562498827
451;-0.4074628907560045;-0.5392027165828228;3.3433276043961655
452;-0.4042629426486435;-0.5410088583604424;3.4458544153401536
453;-0.40210546581414364;-0.5422821909109953;3.5204382104508443
454;-0.4009764048250769;-0.5430274681472599;3.6540367958309177
455;-0.40085551894631144;-0.5432529556095406;3.8397162632353528
456;-0.40171711115077396;-0.5429700778937571;4.101243952853915
457;-0.4035307627201689;-0.5421930441874302;4.530338753190855
458;-0.406262031064476;-0.5409384738280082;5.237329718272737
459;-0.40987306911290666;-0.5392250446433878;6.588444640209785
460;-0.4143231286652066;-0.5370731860552675;5.169159813522848
461;-0.41956891796575774;-0.5345048361699947;4.426163163313563
462;-0.4255647956740536;-0.5315432771252501;3.965068154991585
463;-0.43226279905976883;-0.5282130558019895;3.6557015997665725
464;-0.43961252271605383;-0.5245399879574187;3.4374844469258634
465;-0.44756088372482444;-0.5205512335648363;3.326312119961564
466;-0.45605182774618336;-0.5162754207136632;3.0977247059997923
467;-0.4650260452480615;-0.5117427861826066;2.9684319644363035
468;-0.47442077532065935;-0.5069852942418234;2.784116923883354
469;-0.4841697739935076;-0.502036692748603;2.6603259756521256
470;-0.4942035134730882;-0.49693246815921505;2.5685330946434197
471;-0.5044496584900924;-0.4917096689973528;2.5208656592753362
472;-0.5148338378901234;-0.48640658005028853;2.470060002201088
473;-0.5252806971258517;-0.4810622456817195;2.413723393699064
474;-0.535715184794431;-0.4757158580306059;2.3314068753158943
475;-0.5460639983693361;-0.4704060420493177;2.2513513300985415
476;-0.5562570946631049;-0.46517008200073423;2.1975450361291387
477;-0.5662291617912063;-0.460043141451457;2.1843798148754465
478;-0.5759209522030092;-0.455057530134871;2.1460603082883156
479;-0.5852803897256045;-0.4502420664661434;2.1638327384111276
480;-0.5942633852352539;-0.4456215749722943;2.2329144440235646
481;-0.6028343224498879;-0.44121654501559254;2.259218089275168
482;-0.6109662040818984;-0.4370429627265283;2.318762308953194
483;-0.6186404760144775;-0.43311231375202186;2.1785016568411906
484;-0.6258465705251051;-0.4294317417373507;2.1478467344441907
485;-0.6325812267882046;-0.42600433750517064;2.1041168401106725
486;-0.6388476566650456;-0.42282952737180857;2.153155051684737
487;-0.6446546257674868;-0.419903526227631;2.121128956669112
488;-0.6500155145450077;-0.4172198217678657;2.0629151604293683
489;-0.6549474131358394;-0.41476966007414395;2.04387975586266
490;-0.6594702890268325;-0.4125425087865668;2.0095579586968126
491;-0.6636062505655984;-0.4105264813495543;2.0079344007099076
492;-0.6673789143462219;-0.40870871319956187;2.032644390213861
493;-0.6708128722646503;-0.4070756873470656;2.0882337825740596
494;-0.67393324571162;-0.4056135119040344;2.2043416181506483
495;-0.6767653102336111;-0.4043081553734185;2.196838708059284
496;-0.6793341736159558;-0.40314564694663485;2.242926239975502
497;-0.6816644927849378;-0.4021122489328202;2.2645388593072897
498;-0.6837802190069239;-0.40119460723547185;2.252971394161224
499;-0.6857043654271104;-0.40037988402443286;2.3250454399708134
500;-0.6874587951074306;-0.399655874904003;2.3092488461506884
501;-0.6890640307928871;-0.3990111113115144;2.375797157421022
502;-0.6905390894054498;-0.3984349478035475;2.4391426414323907
503;-0.6919013447755237;-0.39791763336132446;2.5760871765790396
504;-0.6931664216147471;-0.3974503658199874;2.510022304465102
505;-0.6943481225524747;-0.39702532887403563;2.542191736521886
506;-0.6954583885560977;-0.39663571168024314;2.6040635121816478
507;-0.6965072915373474;-0.39627571172301085;2.727747225144836
508;-0.6975030566349991;-0.3959405222070086;2.7701447931965544
509;-0.6984521106895057;-0.3956263057185875;2.880909145832488
510;-0.6993591528352159;-0.39533015621039114;2.942269986357273
511;-0.7002272429152686;-0.39505005150574146;3.0145191497707002
512;-0.7010579035160349;-0.3947847985074791;3.1383906237792223
513;-0.7018512317438979;-0.39453397316121075;3.1206787196173154
514;-0.7026060173448148;-0.39429785700236114;3.249199699124287
515;-0.7033198643208125;-0.394077371846519;3.3237314081389284
516;-0.7039893137652984;-0.3938740138951593;3.3637109071476923
517;-0.7046099661747985;-0.3936897882488296;3.467090989696308
518;-0.7051766019682975;-0.39352714456492505;3.6377002963550296
519;-0.7056832993405175;-0.3933889143778908;3.7731363180739077
520;-0.706123548886918;-0.39327825042092096;3.9211330332190553
521;-0.706490364668769;-0.39319856815037363;4.219663017689662
522;-0.7067763915442895;-0.3931534895744366;4.666554069261359
523;-0.7069740086875012;-0.3931467894214391;4.656787402999948
524;-0.7070754292620928;-0.39318234364497257;4.402465211059813
525;-0.707072796225118;-0.3932640802468916;4.2641790960446135
526;-0.7069582742156042;-0.3933959323997051;4.203457456167149
527;-0.7067241374456398;-0.39358179386191744;4.200515227167522
528;-0.70636285346407;-0.3938254766992614;4.080473134339013
529;-0.7058671626119319;-0.39413067134800867;4.093883255693089
530;-0.7052301529389519;-0.39450090908091884;4.207617278567088
531;-0.7044453303054851;-0.39493952695981105;3.9481059218630694
532;-0.7035066833565664;-0.3954496353797383;3.8269139513893187
533;-0.7024087430259736;-0.3960340883272711;3.687069637800843
534;-0.7011466362091995;-0.39669545648885624;3.596010290874707
535;-0.6997161332353956;-0.3974360033542462;3.5011419114881535
536;-0.6981136887696009;-0.39825766446453514;3.4379861651145402
537;-0.6963364757876299;-0.39916202995440037;3.394688561106966
538;-0.6943824122863004;-0.40015033053394805;3.381066365822147
539;-0.6922501804207282;-0.4012234270472799;3.365644598981277
540;-0.6899392377976286;-0.402381803732766;3.2898304054785537
541;-0.6874498206986079;-0.40362556529418503;3.2835299794097974
542;-0.684782939060085;-0.40495443787245033;3.1951794795247266
543;-0.6819403630969881;-0.4063677739844993;3.1511371398067283
544;-0.6789246015262733;-0.4078645614688253;3.1167431555762466
545;-0.6757388714246289;-0.409443436445608;3.088697903281761
546;-0.6723870598439601;-0.41110270026276113;3.0658170284577264
547;-0.6688736774102583;-0.4128403403565551;3.04774047179749
548;-0.66520380424835;-0.4146540549057283;3.034914441373045
549;-0.6613830287089759;-0.41654128110004085;3.029912023015173
550;-0.6574173795274214;-0.4184992267769728;3.088587801022487
551;-0.6533132522155145;-0.4205249051029421;3.009074217201154
552;-0.6490773306807862;-0.42261517188773084;2.9977791578048234
553;-0.6447165052754216;-0.4247667650233326;3.016103279936412
554;-0.6402377886980214;-0.4269763454328639;2.968201794879055
555;-0.6356482313943969;-0.42924053880474133;2.95344782943452
556;-0.6309548383169944;-0.43155597727693074;2.955331754355236
557;-0.6261644890893824;-0.4339193401326258;2.9428532756470034
558;-0.6212838637621885;-0.4363273924809069;2.9197810520330223
559;-0.6163193764167464;-0.43877702083413955;2.910644017110904
560;-0.6112771188483392;-0.4412652644694044;2.911800315604604
561;-0.6061628164194218;-0.4437893414855322;2.9492437631905384
562;-0.6009817978960935;-0.446346668550588;2.9115329135267336
563;-0.5957389806576971;-0.4489348734845056;2.9078264440611505
564;-0.590438872100173;-0.45155180004145545;2.919858479117235
565;-0.5850855873530456;-0.45419550454425645;2.942284442200806
566;-0.5796828826273601;-0.4568642443699932;2.9312570922075674
567;-0.5742342026523177;-0.459556458676313;2.9473420078768586
568;-0.5687427397990998;-0.46227074216966535;2.9882935786054428
569;-0.5632115016965126;-0.46500581312323164;2.9819275688111615
570;-0.5576433834806869;-0.4677604772243186;3.014439814504507
571;-0.5520412403494627;-0.47053358914020366;3.0489793251631436
572;-0.5464079558562838;-0.47332401391339474;3.0785421602054086
573;-0.5407465014034776;-0.4761305904143747;3.14692647706275
574;-0.535059982683017;-0.4789520990828745;3.2620234752806443
575;-0.5293516693454838;-0.48178723607685764;3.403051085000669
576;-0.523625004920263;-0.4846345957278939;3.334657489360639
577;-0.5178835949196415;-0.48749266288267795;3.291002147015941
578;-0.5121311720950361;-0.4903598163039619;3.316894380004543
579;-0.5063715389411387;-0.49323434381888137;3.3494303646937946
580;-0.5006084887385729;-0.49611446934449055;3.272486781354777
581;-0.49484570766779035;-0.4989983912943601;3.2403561936613605
582;-0.4890866617912727;-0.5018843311853456;3.251152947064859
583;-0.48333447394455575;-0.5047705905395746;3.3011865666914733
584;-0.47759179672702334;-0.507655613449617;3.3618575375818636
585;-0.47186068873532333;-0.5105380515011614;3.3532182802307826
586;-0.4661425018031681;-0.5134168272024789;3.3804080731434265
587;-0.4604377871602006;-0.5162911917389985;3.4833925600054405
588;-0.45474622797794917;-0.5191607728364656;3.5683261366863297
589;-0.4490666046621882;-0.5220256088380373;3.57593933949805
590;-0.4433967974862882;-0.5248861658016644;3.621056426265921
591;-0.4377338288409711;-0.5277433354759034;3.565751990600181
592;-0.4320739446950792;-0.530598413332805;3.529711139781225
593;-0.42641273208196684;-0.5334530572969409;3.469916262615733
594;-0.4207452668424745;-0.536309229252067;3.487122486965898
595;-0.41506628375174426;-0.539169122668216;3.41247338032694
596;-0.4093703597613485;-0.5420350806298223;3.397225878470081
597;-0.4036521005385444;-0.5449095090605082;3.356124066635728
598;-0.3979063208110832;-0.5477947899906292;3.2538611451574004
599;-0.39212821015112664;-0.5506931993193703;3.25388075759333
600;-0.38631347758651335;-0.5536068327589151;3.1570706352186884
601;-0.3804584705814452;-0.556537542629004;3.1219588760939168
602;-0.3745602662254336;-0.5594868870313205;3.101172551536512
603;-0.36861673466298955;-0.5624560918093933;3.0911618198936446
604;-0.3626265766814698;-0.5654460247070838;3.092156724678055
605;-0.35658933880619414;-0.5684571803617282;3.109865365251089
606;-0.3505054101566837;-0.5714896742530727;3.1592657947847007
607;-0.34437600569111815;-0.574543243484982;3.183614969691665
608;-0.33820314036190025;-0.5776172522797545;3.104618229402569
609;-0.331989598219852;-0.5807107002676253;3.113201107604962
610;-0.3257388997571905;-0.5838222319964472;3.0907983661206835
611;-0.31945526989387973;-0.5869501465053835;3.0933201190059805
612;-0.31314360810144903;-0.5900924062436248;3.0929776179901523
613;-0.30680946131479825;-0.5932466450233795;3.0899858472742228
614;-0.3004589995711738;-0.5964101750420827;3.124374703515592
615;-0.29409899377388626;-0.5995799932725484;3.1370836469131262
616;-0.2877367946189755;-0.6027527876949346;3.0954052275150747
617;-0.28138031153826715;-0.6059249439344504;3.0980607131121656
618;-0.2750379904802508;-0.6090925528843387;3.1326750155914382
619;-0.26871878944071004;-0.6122514198495955;3.1288171102963176
620;-0.2624321508346146;-0.6153970756594849;3.152690232570049
621;-0.25618797003673033;-0.6185247900820655;3.194090002421788
622;-0.24999655968155154;-0.6216295877457921;3.2029326110195506
623;-0.24386860957929057;-0.6247062666434374;3.2171956060128113
624;-0.23781514235538387;-0.6277494191709035;3.250220869956834
625;-0.2318474651431971;-0.6307534555441549;3.2223352232965534
626;-0.2259771178454364;-0.6337126293452342;3.184237540106851
627;-0.22021581862519485;-0.6366210648750155;3.1908974589187973
628;-0.21457540739181996;-0.6394727859362899;3.293750890268465
629;-0.20906778811141002;-0.6422617456353609;3.24443008235567
630;-0.2037048707996329;-0.6449818567721478;3.194782552566496
631;-0.19849851404953517;-0.6476270223862216;3.159524133318152
632;-0.19346046891325758;-0.6501911660373316;3.1496147398174466
633;-0.1886023248983661;-0.6526682614220146;3.154798586164892
634;-0.18393545876108258;-0.6550523609609238;3.1770060662016224
635;-0.17947098668427658;-0.6573376230327945;3.214421281106731
636;-0.1752197203217425;-0.6595183375786615;3.2316967458265244
637;-0.17119212707630288;-0.6615889498521479;3.2516797612122015
638;-0.16739829486196967;-0.6635440821463868;3.292127430656882
639;-0.16384790148424244;-0.6653785533832615;3.406915500761238
640;-0.16055018866226772;-0.6670873965038648;3.4653248344509917
641;-0.1575139406166799;-0.6686658736480595;3.437163298450388
642;-0.15474746706185832;-0.6701094891533784;3.445127533984272
643;-0.15225859037503248;-0.671414000437141;3.43820375949377
644;-0.15005463667009938;-0.672575426848701;3.4472877843619534
645;-0.1481424304828058;-0.6735900565901203;3.3641089772908708
646;-0.14652829277591517;-0.6744544518028841;3.34819750267962
647;-0.14521804199561505;-0.6751654519064185;3.35474610807163
648;-0.14421699794858456;-0.6757201752532703;3.305599255407941
649;-0.14352998831499048;-0.6761160191395188;3.345920545007376
650;-0.14316135765546173;-0.6763506581824393;3.2612168222068476
651;-0.14311497879702673;-0.6764220410571709;3.2505799988730337
652;-0.14339426647966208;-0.676328385577623;3.257879780847033
653;-0.144002193097382;-0.676068172122064;3.2628731322644557
654;-0.14494130626338436;-0.6756401354480429;3.2152316542404553
655;-0.1462137477597556;-0.6750432550203272;3.2324565386371353
656;-0.1478212731980913;-0.674276744091866;3.2011548841566375
657;-0.1497652714270345;-0.6733400379295147;3.1757437964712376
658;-0.15204678239757358;-0.6722327817554737;3.1766753370528047
659;-0.1546665118714438;-0.6709548191671806;3.1982410892468613
660;-0.1576248410796421;-0.6695061819807507;3.2668900562953604
661;-0.1609218292645207;-0.6678870825873057;3.276774657953431
662;-0.16455720703272708;-0.6660979099847896;3.2960548580699918
663;-0.1685303586668892;-0.6641392306161485;3.385495164844723
664;-0.1728402920377416;-0.6620117949782691;3.484910565672245
665;-0.17748559554749738;-0.6597165506446635;3.4620881352711774
666;-0.18246438260741038;-0.6572546618643123;3.4826534572691417
667;-0.18777422545335587;-0.6546275352758206;3.52061601615519
668;-0.1934120815343896;-0.6518368505505032;3.534931448013538
669;-0.19937421713196957;-0.6488845940141152;3.600034758325606
670;-0.20565613411514788;-0.6457730925779082;3.4868210026618818
671;-0.21225250663312106;-0.6425050447296671;3.4615363816378895
672;-0.21915713492894046;-0.6390835449876112;3.4241493138024524
673;-0.22636292320387408;-0.6355120981829869;3.421100326233077
674;-0.23386188750993797;-0.6317946202610826;3.3431843856697663
675;-0.24164519801538098;-0.6279354229860232;3.3271042339127863
676;-0.24970325777566493;-0.623939180967352;3.270918936683306
677;-0.25802581753033427;-0.6198108807157895;3.2300184644228334
678;-0.26660212327524224;-0.615555752862887;3.250994955505621
679;-0.27542109070511234;-0.6111791901002431;3.236963795690131
680;-0.2844714983599002;-0.6066866546565041;3.2559793558765513
681;-0.29374218968273813;-0.6020835800942255;3.2045665272177772
682;-0.30322227338518637;-0.5973752727642352;3.1834027790177197
683;-0.3129013116059347;-0.5925668183385662;3.2286884620142713
684;-0.3227694863292364;-0.5876629984455317;3.265194407677452
685;-0.33281773628542355;-0.5826682216001637;3.238028313506392
686;-0.34303785888660115;-0.5775864714589733;3.1673739507563146
687;-0.3534225743933026;-0.572421274066583;3.1649524307138974
688;-0.36396555217168947;-0.5671756843594025;3.178399713960963
689;-0.3746614013046143;-0.5618522909029231;3.2576315076100637
690;-0.3855056297271945;-0.5564532367973261;3.293176524591599
691;-0.39649457730536247;-0.5509802539855366;3.2347452609210245
692;-0.40762532879117347;-0.545434707884495;3.075184114340533
693;-0.4188956123923788;-0.5398176493285198;2.9299018431906307
694;-0.43030368889098053;-0.5341298712107598;2.8848903194373
695;-0.44184823500512765;-0.5283719678465854;2.7951047012394477
696;-0.45352822321628183;-0.5225443958522964;2.700476906287692
697;-0.46534279879196905;-0.5166475361200072;2.5942831671620046
698;-0.47729115341707895;-0.5106817571714547;2.5258789414794722
699;-0.48937239385699566;-0.5046474807075542;2.4765928038651053
700;-0.5015854035146999;-0.49854525048284354;2.461477315040112
