0;-0.6436930077865308;-0.3740244787866957;3.7030476252070645
1;-0.6447954551004988;-0.3805481131363176;3.6391265600371403
2;-0.6459863614517837;-0.387090735724662;3.6758970707344965
3;-0.6472508370161775;-0.39364209486114704;3.9222970085081696
4;-0.6485669653954009;-0.40019303095586956;3.827969304602414
5;-0.6499024417051289;-0.40673589064711374;3.5918564279214835
6;-0.6512111514206127;-0.41326516923656886;3.527679260009285
7;-0.6524312937880141;-0.4197789995907296;3.571895935721515
8;-0.6534863887253295;-0.42628302969336385;3.8543789535466764
9;-0.6542915061758517;-0.43279466170191405;3.684941593012422
10;-0.654764234236701;-0.43934075554662505;3.4994292095847874
11;-0.6548307765115201;-0.44595011390568895;3.64504088046208
12;-0.6544236708562687;-0.45264950460288184;3.315277801791719
13;-0.6534785280867259;-0.45946506468607606;2.9580480707844004
14;-0.6519356231443394;-0.46642470012043746;2.730696443180812
15;-0.6497458587271413;-0.4735579158656201;2.555427418274984
16;-0.6468772532557188;-0.4808923656063101;2.411170742809726
17;-0.643319523049291;-0.48844852277742545;2.2887180187948912
18;-0.6390869996434799;-0.4962345248340517;2.1830704661528
19;-0.6342199200606865;-0.5042428843902822;2.0911245721827747
20;-0.6287828691734099;-0.5124501113129515;2.010756341073823
21;-0.6228599432605205;-0.5208191727246693;1.9404017455231095
22;-0.6165480474027547;-0.5293035094907635;1.8788500369488346
23;-0.6099504548387924;-0.5378509940951758;1.825138128246798
24;-0.6031720674735035;-0.5464068113638435;1.7784936710106565
25;-0.5963166628958422;-0.5549150821050297;1.738300489416674
26;-0.5894855952300818;-0.5633196021863855;1.7040738798130497
27;-0.5827771719980744;-0.5715642176275698;1.6754409047042493
28;-0.5762860933065997;-0.579593230569432;1.6521245336505963
29;-0.5701026443467068;-0.5873520187116675;1.6339319259740526
30;-0.5643115949126508;-0.594787878052248;1.6207475351892573
31;-0.5589909186982027;-0.6018510047564516;1.6125318333362144
32;-0.5542105100717144;-0.6084955028011138;1.6093267777841322
33;-0.5500310767868466;-0.6146803125179016;1.611270027277744
34;-0.5465033504538301;-0.6203699805342702;1.6186218080824477
35;-0.5436677015207814;-0.625535222257974;1.631812118750819
36;-0.5415541839729144;-0.6301532585181547;1.6515237464444736
37;-0.5401829737281011;-0.6342079360475544;1.6788438641647812
38;-0.5395651082473263;-0.6376896659673679;1.7155597601794343
39;-0.539703389130378;-0.640595233237705;1.7647955167067386
40;-0.5405932845428452;-0.6429275390189685;1.832599281202056
41;-0.5422236772594053;-0.6446953314628501;1.9329393985955596
42;-0.544577355995033;-0.6459129548696714;2.1121971162149134
43;-0.5476312371025047;-0.6466001057045081;2.798816054467551
44;-0.5513564040455669;-0.6467815404282407;2.0829821794794867
45;-0.5557181225417311;-0.6464866553058597;1.9196583841596144
46;-0.5606759968991543;-0.6457488688551248;1.8250283772379308
47;-0.5661843749800035;-0.6446047835925959;1.7601949171181561
48;-0.5721930156348496;-0.6430931669549328;1.7126409290665063
49;-0.5786479464943634;-0.6412538456730509;1.6767828801080322
50;-0.5854923919715659;-0.6391266343403075;1.6496980449888694
51;-0.5926676471430748;-0.636750413015385;1.629721436608786
52;-0.6001138003659131;-0.6341624384977866;1.6158731998336369
53;-0.6077702481653373;-0.6313979326476779;1.6075908636762373
54;-0.615575986307807;-0.6284899506693433;1.6045931502353716
55;-0.6234696941917122;-0.6254694999983066;1.6068085337387872
56;-0.6313896541937742;-0.622365859018175;1.6143404848310978
57;-0.6392735642338109;-0.6192070337288986;1.62745809090306
58;-0.6470583115180835;-0.6160202876271023;1.6466100984837648
59;-0.654679778315495;-0.6128326831870299;1.6724686211655864
60;-0.6620727462724534;-0.6096715806472415;1.7060208885676769
61;-0.6691709541755426;-0.6065650499916498;1.7487527374403715
62;-0.6759073466473308;-0.6035421638963133;1.803031907269684
63;-0.6822145310528386;-0.6006331516691772;1.8729930590225188
64;-0.6880254404821208;-0.5978694053680822;1.9669508737059576
65;-0.6932741841245792;-0.595283338194116;2.1061644722431723
66;-0.6978970515375008;-0.592908101829115;2.3856313896742307
67;-0.7018336204892145;-0.5907771750792793;2.4436607328052875
68;-0.7050278967221707;-0.5889238436222172;2.177786346542213
69;-0.7074293923338306;-0.5873806018698599;2.071979283869214
70;-0.7089940403950141;-0.5861785217836514;2.0133437050827396
71;-0.709684861861401;-0.5853466440312243;1.9784930325249845
72;-0.7094723505516487;-0.584911445866856;1.9586427430702442
73;-0.7083346072293277;-0.5848964230361079;1.949854997034549
74;-0.7062573066507614;-0.585321794318753;1.95052308578137
75;-0.703233600171081;-0.5862043088518021;1.9605803381004554
76;-0.6992640391869096;-0.5875571193266765;1.9813723617868313
77;-0.6943565667800906;-0.58938968216075;2.016083005039033
78;-0.6885265865839326;-0.5917076544966587;2.071279731845257
79;-0.6817970930948312;-0.5945127698260024;2.1623166266350076
80;-0.6741988411207462;-0.5978026829805168;2.3417805506551024
81;-0.6657705419583587;-0.6015707781638522;2.7958145010169178
82;-0.6565590953998235;-0.6058059304067078;2.2600414203974037
83;-0.6466198936107085;-0.610492203127788;2.101987345143751
84;-0.6360172575455321;-0.6156084557870213;2.0105865447443945
85;-0.6248250791570368;-0.6211278307063918;1.9511477548475562
86;-0.613127732685371;-0.627017092442331;1.912416487389855
87;-0.6010212779574963;-0.6332358110796737;1.8897519746015938
88;-0.5886149076210805;-0.6397354136459343;1.881478068148322
89;-0.5760324993299102;-0.6464581714771317;1.8880611128351852
90;-0.5634140437505082;-0.6533362365675877;1.9126793179035662
91;-0.5509166539486914;-0.6602908750076256;1.9640799722862259
92;-0.5387148399389314;-0.6672320608294118;2.06870794834827
93;-0.5269997613127593;-0.6740585847788418;2.384795073118452
94;-0.5159772465055699;-0.6806588018316992;2.1702463509657046
95;-0.5058644760477571;-0.6869120953778232;1.9097577998372635
96;-0.4968853488617088;-0.692691084238933;1.760068752361319
97;-0.4892646598779893;-0.6978645516874297;1.648424105948046
98;-0.48322129000765224;-0.702301042503866;1.5565341256234961
99;-0.47896063883747536;-0.7058730559746028;1.477140907151749
100;-0.47666654237582085;-0.708461745543724;1.406809037124509
101;-0.4764929686125646;-0.7099619916619228;1.3438178090583943
102;-0.47855592082604387;-0.7102876190032908;1.287348810890929
103;-0.48292618648652536;-0.7093763903279928;1.2371130103298147
104;-0.4896237415743324;-0.7071942816363713;1.1931583721915315
105;-0.49861460893593235;-0.7037385066421742;1.1557647089285934
106;-0.509810695567831;-0.6990388642466088;1.1253887386046741
107;-0.5230726609878882;-0.6931572121853538;1.1026445888738654
108;-0.5382153706918054;-0.6861851454841047;1.0883158446385395
109;-0.5550151387256228;-0.6782401929504239;1.0834035594753282
110;-0.5732178469297857;-0.6694609864056912;1.0892261056770813
111;-0.5925471306198387;-0.6600018964256882;1.1076094800211682
112;-0.6127120668380397;-0.6500275824825775;1.1412616424838777
113;-0.6334141017327504;-0.6397078017042295;1.1945814717819836
114;-0.6543532282816987;-0.629212688186201;1.2757034737370803
115;-0.675233616343847;-0.6187085833031318;1.4032030088886767
116;-0.6957689727859935;-0.6083543938028183;1.6434620878479536
117;-0.7156878679947951;-0.598298398081738;1.9535831191617241
118;-0.7347391307763449;-0.5886754184004024;1.6254580819531053
119;-0.7526972301760604;-0.5796043192526363;1.5929962783506983
120;-0.769367382537008;-0.5711858587215387;1.7443451862862174
121;-0.7845899938550868;-0.5635009841147044;1.7764072199295375
122;-0.7982440043057285;-0.5566097021585577;1.417794306977533
123;-0.8102487531005956;-0.5505506541473073;1.249714904898531
124;-0.8205641121229389;-0.5453414872579562;1.1396802780322968
125;-0.829188812812083;-0.5409800456484485;1.0609191401001805
126;-0.836157073774356;-0.5374463259332555;1.0028526876047232
127;-0.8415337942897924;-0.5347050681049805;0.9600566344595547
128;-0.8454086919454601;-0.5327087973998803;0.9293153530072888
129;-0.8478898246903388;-0.5314011014787234;0.9085401056945135
130;-0.8490969511477182;-0.5307199219171961;0.8962904155254316
131;-0.8491551548077827;-0.5306006570914379;0.8915343356963303
132;-0.848189096056534;-0.5309789105456519;0.8935171320802793
133;-0.8463181698257243;-0.5317927687979735;0.9016842298551346
134;-0.8436527454918308;-0.5329845483677135;0.9156334660765182
135;-0.8402915594431981;-0.5345020065502384;0.9350842729240294
136;-0.8363202294147662;-0.5362990577748866;0.959857397704462
137;-0.8318107727240787;-0.5383360722915089;0.989861875892861
138;-0.826821946259242;-0.5405798533397759;1.025087769364426
139;-0.8214001904873842;-0.5430033919889476;1.0656044022699633
140;-0.8155809549519191;-0.5455854871513012;1.1115649046211027
141;-0.8093902056395964;-0.5483102960351193;1.163219179157264
142;-0.8028459573273959;-0.5511668534549313;1.2209394457698046
143;-0.7959597259968766;-0.5541485731947753;1.2852662467044205
144;-0.7887378474247216;-0.5572527258749072;1.356990375984712
145;-0.7811826507003103;-0.5604798778758497;1.4373031180509994
146;-0.7732935059215753;-0.5638332746594878;1.5280891187921517
147;-0.7650677830255532;-0.5673181573755464;1.6325548016674185
148;-0.7565017648718;-0.5709410113481237;1.7567868092958205
149;-0.7475915543882887;-0.5747087564442853;1.9146184389380396
150;-0.7383340051045861;-0.5786279005182695;2.151121975190873
151;-0.7287276890909091;-0.5827036867430524;3.016478316864884
152;-0.7187738986415064;-0.5869392727355423;2.259343470812104
153;-0.7084776605108295;-0.5913349832631632;2.160912998443282
154;-0.6978487265588125;-0.595887678509555;2.13665930726924
155;-0.6869024943175606;-0.6005902761511903;2.148029186385719
156;-0.6756608065810086;-0.605431457962905;2.1850671892291356
157;-0.664152581073689;-0.6103955808144794;2.24766195716215
158;-0.652414229117637;-0.6154627985762129;2.345744110760981
159;-0.6404898348285566;-0.6206093866935452;2.5194090848329003
160;-0.6284310821667398;-0.6258082461850314;3.8222840369440982
161;-0.61629693446711;-0.6310295496810545;2.531791738879933
162;-0.6041530882899014;-0.6362414798414939;2.3647954860461917
163;-0.5920712391179372;-0.6414110009516563;2.271013381535394
164;-0.5801282091339814;-0.6465045986045732;2.207349045332712
165;-0.5684049953596216;-0.6514889212745459;2.160269942147877
166;-0.5569857976889527;-0.6563312628252815;2.1237690152182402
167;-0.5459570782715034;-0.6609998385110809;2.094698587900777
168;-0.5354066839613709;-0.6654638306562912;2.0712572842634374
169;-0.5254230313211902;-0.6696932145901995;2.052371967317082
170;-0.5160943113274734;-0.6736584185247455;2.0374042960938747
171;-0.5075076253857491;-0.6773299168570316;2.02599585735771
172;-0.4997479268300382;-0.6806778948386771;2.0179802601655394
173;-0.49289662610233875;-0.6836721417752432;2.0133314381451948
174;-0.487029734661968;-0.6862823200134112;2.012134227077963
175;-0.48221547769718603;-0.6884787140975008;2.0145712630441155
176;-0.4785113958757605;-0.6902334928418693;2.02092486781285
177;-0.4759610704601471;-0.6915224279024299;2.0315963469658977
178;-0.47459072678843006;-0.692326920756476;2.0471498709044287
179;-0.47440607777486876;-0.6926361111006303;2.0683965589421596
180;-0.47538984077422475;-0.692448786697679;2.0965527204685164
181;-0.477500379548058;-0.6917747974612827;2.1335517293705917
182;-0.4806718753737359;-0.6906357008859934;2.182719039143718
183;-0.48481631288825117;-0.6890644329445043;2.2504673961723496
184;-0.4898273822331928;-0.6871039040507984;2.351713000579185
185;-0.4955861649524723;-0.6848045537381336;2.5374597878756577
186;-0.5019682121793128;-0.6822210451523512;3.035998917346702
187;-0.5088513740523715;-0.6794084218084151;2.4752776620268206
188;-0.5161235406449266;-0.6764181618034425;2.3179222876093752
189;-0.5236893532637366;-0.6732946252486757;2.2269178561356915
190;-0.531474984842582;-0.6700723777816125;2.1675939620436555
191;-0.5394302977755565;-0.6667747735343384;2.1297053133284
192;-0.5475280608916842;-0.6634139982195417;2.1101506724121406
193;-0.5557603877092296;-0.6599925342227477;2.1093736745472644
194;-0.5641330393018182;-0.6565057656350426;2.130864220281482
195;-0.5726585902137384;-0.6529452535553437;2.182761158595991
196;-0.581349588046412;-0.6493021293962234;2.2847805118729236
197;-0.5902127238093441;-0.6455700907789039;2.5094141444070046
198;-0.5992447296733925;-0.641747616306096;2.7490267751259703
199;-0.6084303397674137;-0.6378391933601761;2.445817990045196
200;-0.617742291680716;-0.6338555277716635;2.4551192279567795
201;-0.6271430769612099;-0.6298128428429715;2.8786566566345404
202;-0.6365879889059338;-0.6257314653314066;2.1972496677921804
203;-0.646028954290746;-0.621633940134417;1.9693501194796004
204;-0.6554186471162349;-0.6175429233226893;1.8222612581026338
205;-0.6647144401834209;-0.6134790860590721;1.717125213100021
206;-0.6738818322935793;-0.6094592296667817;1.6409267703070354
207;-0.6828970795873427;-0.6054947721164257;1.5881755496104009
208;-0.6917488497455777;-0.601590723383796;1.5569119520685308
209;-0.7004388031977319;-0.5977452240980697;1.5478475387883042
210;-0.7089810851089038;-0.593949679567443;1.565241123287239
211;-0.7174007861245444;-0.5901894797044435;1.6212375172564828
212;-0.7257314987419734;-0.5864452547227599;1.7576567084429193
213;-0.7340121583778083;-0.5826945777286897;3.1095203706175756
214;-0.7422834103235022;-0.5789139907080967;1.7029203368821386
215;-0.7505837806237383;-0.5750812032911399;1.5138791175568074
216;-0.7589459444206992;-0.5711772979986868;1.4028468145293345
217;-0.767393374261655;-0.5671887749111486;1.3275140666633987
218;-0.7759376109786933;-0.5631092846423726;1.2746840299332296
219;-0.784576333489189;-0.5589409302281211;1.2386785099941509
220;-0.7932923191373852;-0.5546950620641778;1.2167902851682226
221;-0.8020532952296331;-0.5503925389080692;1.2078790914094526
222;-0.8108125990351663;-0.5460634747454891;1.211922431950957
223;-0.8195104998058798;-0.5417465293513728;1.230039438473911
224;-0.8280759999716782;-0.5374878251853041;1.265018710753163
225;-0.8364289257315227;-0.5333395832266736;1.3229572091605992
226;-0.8444821368982647;-0.5293585665007744;1.418795521561795
227;-0.8521437256159138;-0.5256044053566316;1.6053781753757939
228;-0.8593191250550969;-0.5221378571798944;2.045951704744045
229;-0.8659131033185279;-0.519019029836677;1.5317148688927085
230;-0.8718316655640581;-0.5163055775178184;1.380991732981457
231;-0.8769839204628106;-0.5140508643040773;1.2955600096412236
232;-0.8812839786607098;-0.512302088521812;1.2406347744844883
233;-0.8846529366486549;-0.5110983722752542;1.2043867019412686
234;-0.8870209593761911;-0.5104688457260111;1.181279609060883
235;-0.8883294147274425;-0.5104307921952078;1.1682376561935288
236;-0.8885329439294967;-0.5109879625514568;1.163370757283473
237;-0.8876012886284417;-0.5121292082636233;1.165467610651597
238;-0.8855206510860205;-0.5138276143871594;1.1737862060906823
239;-0.8822943469752198;-0.5160403301985502;1.1879900941906762
240;-0.8779425237836358;-0.5187092906309058;1.2081826429145828
241;-0.8725007643621039;-0.5217629897664966;1.2350442258083039
242;-0.8660174803394863;-0.5251194008786809;1.2701375638493468
243;-0.8585501296412217;-0.5286900306932661;1.3165865784661834
244;-0.8501604611969673;-0.5323849527684338;1.3808020709779663
245;-0.8409091727258141;-0.5361185050082699;1.4780745840947236
246;-0.8308505204989627;-0.5398151911681727;1.661755818434124
247;-0.8200274968780561;-0.5434152308850271;2.091692501652611
248;-0.8084681637044949;-0.546879182960164;1.56899061297131
249;-0.7961835989425741;-0.5501911299972392;1.4042457986350598
250;-0.7831677104289557;-0.5533600478776717;1.3019090584309736
251;-0.7693989399711434;-0.556419166678088;1.227707887017143
252;-0.754843669470259;-0.5594233312387343;1.1702284564899932
253;-0.7394609829302873;-0.5624445621428291;1.1242851954221265
254;-0.7232083519226697;-0.5655661794112032;1.0870770148973317
255;-0.7060477977970938;-0.5688759668933527;1.0568918498459787
256;-0.6879521279214069;-0.5724589176651586;1.0325697363233663
257;-0.6689109222350543;-0.5763901094083951;1.0132499436812827
258;-0.6489360327976672;-0.5807282199579015;0.9982422085113085
259;-0.628066425756391;-0.5855101184064971;0.9869585912639355
260;-0.6063722206147121;-0.5907468708692216;0.9788775339784658
261;-0.5839577551848331;-0.596421396714741;0.9735261540149265
262;-0.5609634324699168;-0.6024879115808226;0.9704733958697295
263;-0.5375660154768941;-0.6088732017259947;0.9693299105937678
264;-0.5139769744154442;-0.6154796861087114;0.9697522258801322
265;-0.4904385125720658;-0.6221901282007001;0.9714496869859272
266;-0.4672170450906642;-0.6288737493535165;0.9741931756786741
267;-0.44459418859870403;-0.6353933677532992;0.9778249800808614
268;-0.42285570350085677;-0.6416130530925581;0.9822695496132142
269;-0.4022792382218723;-0.6474056719139553;0.98754534213106
270;-0.3831220583349665;-0.6526596342710805;0.9937786517055851
271;-0.36561011306938396;-0.6572841683360873;1.001221315846529
272;-0.34992973847617825;-0.6612125628787014;1.0102757743182984
273;-0.33622300748360623;-0.6644030267225589;1.02153362395334
274;-0.3245872474788834;-0.6668370982101599;1.0358388579325835
275;-0.3150786339607736;-0.6685158580243779;1.0543975522758613
276;-0.30771914293528674;-0.6694545050703414;1.0789803551661343
277;-0.30250562495550964;-0.6696760931461998;1.112328394040448
278;-0.29941945429016914;-0.6692053485804504;1.1590680821087187
279;-0.2984351683074916;-0.6680634684436624;1.2281700293578708
280;-0.29952674435153626;-0.6662646371883995;1.3418190847953118
281;-0.3026706051142458;-0.6638147285937304;1.5970208556756762
282;-0.3078450027210271;-0.6607123322973418;1.6263082457643154
283;-0.31502600279050064;-0.656951917649527;1.3415718487133192
284;-0.32418078489034863;-0.6525286705616162;1.2217462864372646
285;-0.33525933446676887;-0.6474443431377499;1.1593619569071199
286;-0.34818579092539537;-0.6417133557156645;1.1387457660697053
287;-0.3628507294800267;-0.6353683873542638;1.168485857896608
288;-0.37910550460001935;-0.6284647747860845;1.308354991968045
289;-0.39675950229441115;-0.6210831951961346;1.5146232809249816
290;-0.41558078191300973;-0.613330313248944;1.0586144104437467
291;-0.4353001866980599;-0.6053373021214159;0.8624443687043553
292;-0.4556186163230067;-0.5972563747311679;0.7274754856570875
293;-0.4762168279828055;-0.5892556585847963;0.6233849375888356
294;-0.496766898733965;-0.5815128933565236;0.5393479643905232
295;-0.5169443612838118;-0.5742085091128452;0.4701754624883057
296;-0.5364400243230134;-0.5675186491425389;0.41291632615157525
297;-0.5549705976201642;-0.5616086392927022;0.36567280415129455
298;-0.5722874380452336;-0.5566272900494448;0.3270959926431705
299;-0.5881829810236623;-0.5527022701984831;0.29614178092106436
300;-0.6024946827236574;-0.5499366371971754;0.271942798884105
301;-0.6151065331556662;-0.5484064740954772;0.25373817193861914
302;-0.6259483794537083;-0.5481594859213463;0.240834661056672
303;-0.634993406103601;-0.5492143619695673;0.23258595011643998
304;-0.6422541560738584;-0.5515607166060671;0.22838285480848622
305;-0.6477774618285166;-0.5551594718185111;0.22765019282460222
306;-0.6516386183413436;-0.5599436226953637;0.22984761084453945
307;-0.653935103945332;-0.5658194104230485;0.23447251188480367
308;-0.6547801601911619;-0.5726679958858386;0.24106370322799708
309;-0.6542965770937733;-0.5803477675297108;0.2492046849775525
310;-0.6526110691563838;-0.5886974260176009;0.2585257527518815
311;-0.6498496320618881;-0.5975399669730967;0.2687043730123095
312;-0.6461342095177205;-0.6066876320763337;0.2794636242880648
313;-0.6415808680146888;-0.615947813322385;0.2905688454216334
314;-0.6362994937508974;-0.6251297700642233;0.3018229261957138
315;-0.6303948245826146;-0.6340518583003676;0.3130608549778643
316;-0.6239684440978533;-0.642548801331214;0.3241441755330329
317;-0.6171212209902409;-0.6504783955729485;0.33495591990666385
318;-0.6099555969207997;-0.6577269972331714;0.3453964319122379
319;-0.6025771326701931;-0.6642132115673649;0.3553803441014411
320;-0.595094834461068;-0.6698894078930564;0.3648348704546853
321;-0.5876199996458367;-0.674740970637906;0.3736995375881147
322;-0.5802636096026079;-0.6787835016592476;0.3819274645399876
323;-0.5731325917816721;-0.6820584409153272;0.3894882534826067
324;-0.5663254970931999;-0.6846277200910681;0.39637241528030975
325;-0.5599282392673872;-0.6865680873496636;0.40259700897187023
326;-0.554010506513694;-0.6879656530782405;0.4082118657064026
327;-0.5486233094800838;-0.6889110428487388;0.41330548878394086
328;-0.5437979223633056;-0.6894953540561245;0.41800958292896634
329;-0.5395462573938178;-0.6898069442918442;0.42250124911277687
330;-0.5358625264430019;-0.6899289647588711;0.42700219865919464
331;-0.5327259100315765;-0.6899375010932187;0.4317748232974471
332;-0.5301038809144336;-0.6899001869404082;0.43711547952388996
333;-0.5279558127040651;-0.6898751913090583;0.44334577030357747
334;-0.5262365330137936;-0.6899105264258727;0.4508028404818869
335;-0.5248995419202315;-0.6900436613111114;0.459829719521047
336;-0.5238996966680765;-0.690301448286815;0.4707665870273221
337;-0.5231952504287316;-0.6907003730506462;0.48394358139824273
338;-0.5227492165891585;-0.6912471267818705;0.499675502441032
339;-0.5225301026530532;-0.6919394767263148;0.5182585380745359
340;-0.5225121136680215;-0.6927673864330539;0.5399690085474922
341;-0.5226749605960326;-0.6937143143845015;0.5650640813744863
342;-0.5230034229515352;-0.6947586048487445;0.5937844676900632
343;-0.5234868084458857;-0.6958748801082355;0.6263592701711258
344;-0.5241184286641354;-0.6970353493794375;0.6630134364213963
345;-0.524895174171903;-0.6982109653851923;0.7039787401376542
346;-0.525817231230341;-0.6993723818465942;0.749509998788364
347;-0.5268879419793686;-0.7004906904698618;0.7999096208208041
348;-0.5281137762161481;-0.7015379405531622;0.8555661560596243
349;-0.5295043598035275;-0.7024874649059268;0.9170176510095994
350;-0.5310724942276606;-0.7033140501521623;0.9850615817477748
351;-0.5328341036104898;-0.7039939967275322;1.0609588200435593
352;-0.5348080573888904;-0.7045051142682521;1.1468465054538717
353;-0.5370158354120009;-0.7048266929318979;1.2466807434047484
354;-0.5394810233519441;-0.704939482424952;1.3688118328473025
355;-0.5422286462517768;-0.7048257002762502;1.5354943039055908
356;-0.5452843637478084;-0.7044690811186622;1.8530055520535627
357;-0.5486735601895978;-0.7038549708439743;1.8761243545740196
358;-0.5524203660216608;-0.7029704642341532;1.6426437684631447
359;-0.5565466440350053;-0.7018045821311596;1.5508252567187575
360;-0.5610709669790607;-0.7003484839139088;1.4999176541454906
361;-0.566007603619125;-0.6985957121563653;1.4673056747177742
362;-0.571365520905045;-0.6965424678237404;1.4436931500131602
363;-0.5771474026700831;-0.6941879152136214;1.4240326253621949
364;-0.5833486820777323;-0.6915345152099527;1.405123185827165
365;-0.5899565872567623;-0.6885883826947261;1.3848494110589213
366;-0.5969492079380038;-0.685359658893813;1.3619686005573652
367;-0.6042946053593466;-0.6818628821470779;1.3360625787490543
368;-0.6119500072384341;-0.6781173316425142;1.3074661614908893
369;-0.6198611522067459;-0.6741473090351837;1.277101303354621
370;-0.6279618707104155;-0.6699823139986001;1.2462426510174847
371;-0.6361740080732905;-0.665657063379852;1.2162866937062873
372;-0.6444078056668792;-0.66121130167656;1.1885838075138024
373;-0.6525628533709058;-0.6566893548730417;1.164352507326726
374;-0.6605297068639695;-0.652139391699602;1.1446640348052872
375;-0.6681922244825675;-0.6476123767388671;1.1304753421859328
376;-0.6754306206903131;-0.6431607279251151;1.1226938700584
377;-0.6821251601705193;-0.6388367248045401;1.1222699267401925
378;-0.6881603353929012;-0.6346907498113271;1.130329333501225
379;-0.6934292916834264;-0.6307694777960076;1.1483865539696363
380;-0.6978381998696773;-0.6271141534360911;1.1787406689452058
381;-0.7013102399920403;-0.6237591065499389;1.2253368038094221
382;-0.7037888602625104;-0.6207306477625553;1.296036117045503
383;-0.7052400181612133;-0.6180464600469747;1.4106047579960266
384;-0.7056531931099834;-0.6157155572850819;1.652371502781479
385;-0.7050410731182832;-0.6137388243725044;1.7561932486269112
386;-0.7034379458508477;-0.6121100922932491;1.4460261367443799
387;-0.700896949420988;-0.6108176448660342;1.3179994660333891
388;-0.6974864422507644;-0.6098460096994499;1.2404543552240823
389;-0.6932858210818438;-0.6091778601926401;1.187972793334338
390;-0.6883811446683176;-0.6087958507884424;1.1508516347633604
391;-0.6828609079995293;-0.6086842232254901;1.1242087160061884
392;-0.67681226447115;-0.6088300534009237;1.1051463791417466
393;-0.6703179217536237;-0.6092240509432632;1.0917388087053057
394;-0.6634538532980122;-0.6098608703927406;1.0825986740656615
395;-0.6562878828730061;-0.6107389381711565;1.0766691272243176
396;-0.6488791233501018;-0.6118598387212709;1.0731161155701012
397;-0.6412781891916939;-0.613227333347816;1.0712693684041121
398;-0.6335280577046756;-0.6148461050782473;1.0705878737189702
399;-0.6256654274391289;-0.6167203323848959;1.0706373043704795
400;-0.6177224115727968;-0.618852195051325;1.0710724558289728
401;-0.6097284069947736;-0.6212404086910892;1.0716208573896542
402;-0.601711992810027;-0.623878872620423;1.0720656518435683
403;-0.5937027317641569;-0.6267555011392514;1.0722271035271893
404;-0.5857327714687668;-0.6298512927553033;1.0719428933164101
405;-0.5778381664962025;-0.6331396770839;1.0710478365163438
406;-0.5700598650999258;-0.6365861661896941;1.0693539950833475
407;-0.5624443238027617;-0.640148326599799;1.0666325640557015
408;-0.5550437284371277;-0.6437760801482273;1.062599584694071
409;-0.5479158113976086;-0.6474123356827571;1.0569085329301546
410;-0.5411232628833329;-0.6509939484192093;1.049153924306831
411;-0.5347327407493951;-0.6544529978878546;1.038890593686061
412;-0.5288134919069716;-0.657718367318822;1.0256721278900334
413;-0.5234356107256263;-0.6607175954777699;1.009107924881499
414;-0.5186679785238859;-0.663378955572284;0.9889314753045759
415;-0.5145759532232019;-0.6656336952432442;0.9650649694818381
416;-0.5112189074943653;-0.6674183486860277;0.9376616788349075
417;-0.5086477427643712;-0.6686770100147497;0.9071116932799268
418;-0.5069025291368155;-0.6693634406178718;0.8740080966210104
419;-0.5060104312784729;-0.6694428772173966;0.8390838044208236
420;-0.5059840729465601;-0.6688934154164834;0.8031370534514468
421;-0.5068204666221908;-0.667706867283194;0.7669629344380275
422;-0.508500592223204;-0.6658890295337342;0.7313018142319901
423;-0.5109896562231794;-0.6634593466004872;0.6968077333648891
424;-0.5142380079049526;-0.6604500034173895;0.6640343245416847
425;-0.5181826411027816;-0.6569045284031042;0.6334333820073484
426;-0.5227491738054494;-0.6528760211037409;0.6053611402551424
427;-0.5278541773142046;-0.6484251370341054;0.5800883933804025
428;-0.5334077207264932;-0.64361796358651;0.5578119063297557
429;-0.5393160021125483;-0.6385239079223071;0.5386656857761125
430;-0.5454839503190932;-0.6332136953331601;0.5227314609285492
431;-0.5518176965036625;-0.6277575503389258;0.5100482016020189
432;-0.5582268292494387;-0.6222236078334857;0.5006207513633492
433;-0.5646263603171694;-0.6166765812404712;0.49442775578744436
434;-0.5709383404397598;-0.6111767000886574;0.4914290809456733
435;-0.577093077871319;-0.6057789199313427;0.49157288895046014
436;-0.5830299286433959;-0.6005324011739762;0.49480249661115633
437;-0.5886976478417091;-0.5954802478941565;0.501063112610627
438;-0.5940543154438841;-0.5906594914017342;0.5103085454103022
439;-0.5990668765142476;-0.5861012953739536;0.5225080123299246
440;-0.6037103607867117;-0.5818313503162704;0.5376532726328547
441;-0.6079668673765172;-0.5778704161206726;0.5557664691374068
442;-0.6118244134688234;-0.5742349642871898;0.5769093190160957
443;-0.6152757494280473;-0.5709378674634484;0.6011946947936043
444;-0.6183172365177193;-0.5679890842917561;0.6288022839737206
445;-0.6209478685376976;-0.5653962922899378;0.660001124956249
446;-0.6231684975930702;-0.5631654300027442;0.6951838459843553
447;-0.6249812999550216;-0.5613011207258694;0.734921404081783
448;-0.6263894936321395;-0.5598069622108286;0.7800554669431266
449;-0.6273972974441897;-0.5586856784090605;0.8318646424009999
450;-0.6280101039017962;-0.5579391392830957;0.8923890198267049
451;-0.6282348259771788;-0.5575682622120908;0.9651373811619551
452;-0.6280803710031053;-0.5575728132539404;1.0568913717059605
453;-0.6275581928969036;-0.5579511286657296;1.1836162980562828
454;-0.6266828756745793;-0.5586997771609699;1.4021682764883194
455;-0.6254727055976775;-0.559813182149081;1.7907070841549217
456;-0.6239501950974167;-0.561283221474264;1.3485411031896135
457;-0.6221425278419085;-0.5630988206719549;1.2181575316526623
458;-0.6200819002300884;-0.565245555007125;1.148177556569653
459;-0.6178057397981261;-0.567705275786385;1.1060597066049989
460;-0.6153567853698538;-0.57045577759229;1.0808713137442665
461;-0.6127830173158528;-0.5734705248772448;1.0678064054594651
462;-0.6101374291338614;-0.5767184583247096;1.0645773513543606
463;-0.6074776338613603;-0.5801639030340536;1.0702479377321772
464;-0.6048653007007435;-0.5837666014472456;1.0848466756050068
465;-0.6023654188252399;-0.5874818936347652;1.1093692098548147
466;-0.6000453868942076;-0.5912610658126181;1.1461711756068995
467;-0.5979739287819293;-0.5950518845518186;1.2001478604757456
468;-0.5962198390720294;-0.5987993288658555;1.282384393712886
469;-0.5948505667963049;-0.6024465250224871;1.4258827526377904
470;-0.593930653486967;-0.605935879361405;1.8910773212260348
471;-0.5935200523809021;-0.6092103925734389;1.5006778669107268
472;-0.5936723695433199;-0.6122151250336101;1.2973346806532164
473;-0.594433083996636;-0.6148987674966233;1.1854507350196866
474;-0.5958378210399101;-0.6172152558598712;1.109126572973044
475;-0.5979107684559908;-0.6191253543633247;1.0526725186317565
476;-0.6006633363637588;-0.6205981204935739;1.0094968195628433
477;-0.6040931651518425;-0.6216121591092881;0.9762664929295285
478;-0.6081835797718403;-0.6221565748536078;0.9511204056788225
479;-0.6129035712515454;-0.6222315421530499;0.9329689015259959
480;-0.6182083576894517;-0.6218484314659363;0.9211744278046078
481;-0.6240405390347719;-0.6210294581334445;0.915391932387695
482;-0.6303318161420607;-0.6198068540301616;0.9154868336220636
483;-0.6370051996715819;-0.6182215987990066;0.9214971645426978
484;-0.6439775936868748;-0.6163217825627085;0.9336271524710812
485;-0.6511626072766779;-0.6141607012487889;0.9522711494383593
486;-0.6584734290979866;-0.6117948052699802;0.9780777219309789
487;-0.6658255966339686;-0.6092816297778079;1.012081255730834
488;-0.6731395045074225;-0.6066778292864601;1.0559678181065653
489;-0.6803425228674863;-0.604037422190365;1.1126497612024269
490;-0.6873706346107125;-0.6014103241727725;1.187680299497078
491;-0.6941695448278339;-0.5988412173808375;1.293576367986018
492;-0.7006952625685211;-0.5963687686248866;1.4696056309746224
493;-0.7069141988352801;-0.5940251786919334;2.237552306781213
494;-0.7128028610755958;-0.591836019448034;1.5187893355563211
495;-0.7183472496387061;-0.5898202980570671;1.3533333982835374
496;-0.7235420733252707;-0.5879906795159312;1.2656845116530304
497;-0.7283898985392177;-0.586353799762414;1.2098083222008917
498;-0.7329003306148539;-0.5849106107552203;1.1715478430717163
499;-0.7370892991264903;-0.5836567142462303;1.1445944623716167
500;-0.740978484981235;-0.582582660072077;1.1255729005423698
501;-0.7445948899740698;-0.5816742051706276;1.1124942442292505
502;-0.7479705133383218;-0.5809125488577547;1.104157742275568
503;-0.7511420682567909;-0.5802745762807096;1.0999043260509065
504;-0.754150647173448;-0.5797331540161692;1.0995371907514737
505;-0.7570412301559636;-0.5792575286195628;1.1033545577028208
506;-0.7598619269608978;-0.578813880054492;1.112305085619066
507;-0.7626628518673042;-0.5783660770631653;1.1283539335825723
508;-0.7654945515141195;-0.5778766705110633;1.1553382328623254
509;-0.7684059403712872;-0.5773081434462715;1.201274040210388
510;-0.7714417460699603;-0.576624413100675;1.28657734376192
511;-0.7746395266395042;-0.5757925507431804;1.498430538783361
512;-0.7780263911937254;-0.5747846512929367;1.5414549534972275
513;-0.7816156299819323;-0.5735797480975018;1.1967858917617589
514;-0.7854035314804008;-0.5721656328062624;1.0238885839350431
515;-0.7893667231737064;-0.5705404107462677;0.8983762411023628
516;-0.7934604067563948;-0.5687136046310396;0.79625449486211
517;-0.7976178552521259;-0.566706620093987;0.7088119508312923
518;-0.801751488678725;-0.5645524108189142;0.632047712499473
519;-0.8057557410199196;-0.5622942319511797;0.5638777220352668
520;-0.80951177666992;-0.5599834472437873;0.503120286278669
521;-0.8128939208372734;-0.5576764525121268;0.44905127866394484
522;-0.8157774567233887;-0.5554308850558012;0.4011832603393356
523;-0.8180472411796198;-0.5533013914372766;0.35914626758568485
524;-0.8196064319656968;-0.5513353081439786;0.32262018345517707
525;-0.8203845335401089;-0.549568655859005;0.2912958015939608
526;-0.8203439762126917;-0.5480228469875399;0.2648531730906346
527;-0.8194845537201446;-0.5467024531295404;0.2429511087489789
528;-0.8178452483329692;-0.545594278166114;0.22522428862953164
529;-0.8155032450128381;-0.5446678458590399;0.21128573485154803
530;-0.8125702380111797;-0.5438772574690522;0.20073306955265974
531;-0.8091864192194793;-0.5431642274575679;0.19315731790436302
532;-0.8055127646860731;-0.5424619855700541;0.18815319078347756
533;-0.8017223726080648;-0.5416996580898904;0.18532988720658972
534;-0.7979916390562348;-0.5408067181225246;0.1843215492210313
535;-0.7944919922269003;-0.5397171233679727;0.18479661448620888
536;-0.791382763670725;-0.5383728306421768;0.18646545993051275
537;-0.7888055865620205;-0.5367264746457261;0.18908591472117958
538;-0.7868805090904952;-0.5347431074931942;0.19246643079285997
539;-0.7857038231723819;-0.5324010000053371;0.19646691326880197
540;-0.7853474541337051;-0.5296915940157317;0.20099740569432856
541;-0.785859645745021;-0.5266187598193357;0.20601497230392157
542;-0.7872666088453427;-0.5231975517547897;0.21151920540807254
543;-0.7895747769243233;-0.5194526688111705;0.21754680535225676
544;-0.7927733214240842;-0.5154168196406302;0.22416563954365334
545;-0.7968366152141703;-0.5111291672745534;0.23146860047710535
546;-0.8017263873162018;-0.506633993221497;0.23956746972034476
547;-0.8073933795052155;-0.5019796779676818;0.24858687530675447
548;-0.8137783912819723;-0.49721804882620263;0.2586583218122416
549;-0.8208126801090742;-0.4924040994038018;0.2699141900114491
550;-0.8284177648942842;-0.48759604003627555;0.2824815567141285
551;-0.8365047578115813;-0.48285559772004755;0.2964756808343149
552;-0.8449734169086811;-0.47824844989002285;0.31199303962517877
553;-0.8537111632632225;-0.4738446515153125;0.32910387510590144
554;-0.8625923362109034;-0.46971890166661456;0.3478443167261296
555;-0.8714779652489234;-0.465950495159847;0.3682082714419145
556;-0.8802163179243889;-0.46262281678552425;0.3901394050158222
557;-0.8886444428345484;-0.45982225825224216;0.4135236672874142
558;-0.8965908705779461;-0.45763646896913424;0.43818292858990954
559;-0.9038795662166283;-0.4561518896017086;0.4638703830293125
560;-0.9103351433302761;-0.45545056248822424;0.4902684237810966
561;-0.915789246103714;-0.4556062685672936;0.5169896905108919
562;-0.9200878747518838;-0.45668011083007415;0.5435819133584567
563;-0.923099269503388;-0.4587157520272849;0.5695370181093591
564;-0.9247217925538838;-0.4617346157607526;0.5943047068244696
565;-0.92489108917;-0.4657314615298565;0.6173103924601362
566;-0.9235857184793306;-0.4706708217090564;0.6379769645347595
567;-0.920830473458646;-0.4764848121358254;0.6557494303965894
568;-0.9166967900841324;-0.4830727725892928;0.6701210608151708
569;-0.9112999692985155;-0.4903030492193651;0.6806593253031584
570;-0.9047933476831497;-0.4980170114159358;0.6870296884370259
571;-0.8973599651972387;-0.5060351365331299;0.6890153020804279
572;-0.8892025971828721;-0.5141647458744687;0.6865308019925515
573;-0.88053317472471;-0.5222087812194416;0.6796288105428591
574;-0.8715625904918487;-0.5299749049081203;0.668498343138044
575;-0.8624917036239208;-0.5372841984830382;0.6534550657307834
576;-0.8535040791797659;-0.5439788148699937;0.6349241686476894
577;-0.8447606988349536;-0.5499280827818525;0.6134173873002409
578;-0.8363966226984905;-0.5550327397342536;0.5895062774494975
579;-0.8285194048414914;-0.5592271540611617;0.5637941292070536
580;-0.8212089757864586;-0.5624795655677486;0.536888831891748
581;-0.8145186882803008;-0.5647905161721796;0.5093786178941673
582;-0.8084772494242043;-0.5661897506025072;0.48181202537675816
583;-0.803091302722468;-0.5667319422701405;0.454682765183247
584;-0.7983484564362311;-0.5664916420848264;0.4284195807455971
585;-0.7942205717709487;-0.5655578593238171;0.40338073117451945
586;-0.7906671304003909;-0.564028664335515;0.379852436253592
587;-0.7876385072712315;-0.56200615420475;0.35805048635659037
588;-0.7850789931246439;-0.5595920485298853;0.33812420614467176
589;-0.7829294474541896;-0.5568840909958129;0.32016202743167255
590;-0.7811295143180088;-0.5539733347112432;0.3041980370318329
591;-0.7796193915890913;-0.5509422978841864;0.29021899177023436
592;-0.7783411973031862;-0.5478639023873488;0.2781714166672502
593;-0.7772400148754411;-0.5448010582116172;0.26796851308205577
594;-0.7762647167970946;-0.5418067337258965;0.2594966965613789
595;-0.7753686640054556;-0.5389243523531531;0.2526216582798403
596;-0.7745103596901592;-0.536188374834966;0.24719390046346615
597;-0.7736541082876627;-0.5336249555261383;0.24305373735699776
598;-0.7727706993700759;-0.53125259441747;0.24003578182017363
599;-0.7718381072598965;-0.5290827386458703;0.23797295612800162
600;-0.7708421737487039;-0.5271203148642007;0.23670007622565456
601;-0.7697772246654869;-0.5253641955229605;0.23605706320354386
602;-0.7686465613191173;-0.5238076176631766;0.23589183514448528
603;-0.7674627644687427;-0.5224385827584419;0.23606292723292596
604;-0.7662477507847438;-0.5212402712405205;0.2364418782255156
605;-0.7650325292656976;-0.5201915062952653;0.23691540711506157
606;-0.7638566175018842;-0.5192672988269065;0.2373873854134073
607;-0.762767094783687;-0.5184394994962029;0.23778058890000922
608;-0.7618172903431073;-0.5176775747426683;0.23803818977296784
609;-0.761065129438611;-0.5169495121374179;0.23812492865792453
610;-0.7605711857711338;-0.5162228469973514;0.2380278893197357
611;-0.7603965133630497;-0.5154657879992008;0.23775679076139314
612;-0.7606003515819146;-0.5146484059708919;0.23734371461450893
613;-0.7612378104670944;-0.5137438387001799;0.23684220175575538
614;-0.7623576475067064;-0.5127294570152657;0.23632568019431688
615;-0.7640002402602638;-0.5115879347193606;0.23588522337265427
616;-0.766195842078347;-0.5103081677060121;0.23562667905829424
617;-0.7689631827407262;-0.5088859954085475;0.23566724796874328
618;-0.7723084457564374;-0.5073246894542647;0.2361316225270816
619;-0.7762246239171552;-0.505635188144277;0.23714781571328766
620;-0.7806912291242002;-0.5038360690045298;0.23884281639260402
621;-0.7856743153407195;-0.5019532631547348;0.24133820201351988
622;-0.7911267669816323;-0.5000195232260167;0.24474582564987568
623;-0.7969888093578319;-0.4980736605446628;0.24916367677149065
624;-0.8031887111338951;-0.49615956782131415;0.2546719987948455
625;-0.8096436677088082;-0.49432504205878847;0.2613297355172812
626;-0.8162608745913753;-0.49262042079975243;0.2691713756418874
627;-0.8229388166378819;-0.4910970452975338;0.278204270664151
628;-0.829568808445179;-0.48980556851822166;0.2884065155561313
629;-0.8360368204515669;-0.48879413517383274;0.29972550147829313
630;-0.8422256132612979;-0.4881064753561487;0.31207727129989404
631;-0.8480171801670913;-0.4877799717549385;0.32534682693945066
632;-0.8532954675267341;-0.4878437807222045;0.3393895463772543
633;-0.8579493089452918;-0.4883171064269418;0.3540338608898406
634;-0.8618754775624804;-0.48920774124723043;0.3690853127402917
635;-0.8649817366732832;-0.49051099049524993;0.38433205421194316
636;-0.8671897568389928;-0.49220909229739707;0.39955175681596466
637;-0.8684377697004456;-0.49427122205026974;0.41451977530809575
638;-0.8686828438983687;-0.49665413547864534;0.42901826166010937
639;-0.8679026926619811;-0.4993034575254184;0.442845763913527
640;-0.8660969492642447;-0.5021555711357633;0.4558266961668129
641;-0.8632878686364234;-0.5051400073697323;0.4678199564299608
642;-0.8595204256428273;-0.5081821938976441;0.47872592665303443
643;-0.854861781175044;-0.5112063898507013;0.4884911351132078
644;-0.8494000794030798;-0.5141386260608639;0.49711000291354945
645;-0.8432425306371574;-0.5169094823046047;0.5046233226617491
646;-0.8365127341932389;-0.5194565645579803;0.5111133997242819
647;-0.8293472138056632;-0.5217265890087199;0.5166960846565604
648;-0.8218911801371271;-0.5236770267569177;0.5215101986197652
649;-0.8142936001302821;-0.5252773045531567;0.525705071515776
650;-0.8067017333260575;-0.5265095853989799;0.5294270632558655
651;-0.7992553766208319;-0.5273691651184576;0.5328060296028092
652;-0.7920811241094615;-0.5278645184670638;0.5359427462148225
653;-0.7852869824935749;-0.5280170161106756;0.5388983394438891
654;-0.7789576769897939;-0.5278603186041523;0.5416867962763752
655;-0.7731509405180218;-0.5274394409074424;0.5442716133418302
656;-0.7678950141767883;-0.5268094733199921;0.5465675298509755
657;-0.7631875210164257;-0.5260339405761358;0.548447970862227
658;-0.7589958290369468;-0.5251827766796452;0.549758205675813
659;-0.755259004570886;-0.5243298864208872;0.5503332731469294
660;-0.751891467497424;-0.5235502575922505;0.550018571159732
661;-0.7487884684119703;-0.5229165894960551;0.5486899852654421
662;-0.7458334730648308;-0.5224954277468857;0.5462700075917316
663;-0.7429074174472834;-0.5223428576431102;0.5427368516256034
664;-0.7398995614487669;-0.5224999166391713;0.5381251252583463
665;-0.7367193296196759;-0.5229880338898514;0.532518727841681
666;-0.7333081406883855;-0.5238049648241636;0.5260385210606973
667;-0.7296498923214664;-0.5249218163180515;0.5188283021853636
668;-0.7257786036958009;-0.5262817999166948;0.5110424221318367
669;-0.7217818277652778;-0.5278012619594745;0.5028372807067272
670;-0.7177988701259918;-0.5293733036418532;0.4943674363796462
671;-0.7140135458599307;-0.5308739462999353;0.48578572822603716
672;-0.7106420344402838;-0.5321703856997386;0.4772459599447183
673;-0.7079171662852092;-0.5331305089669427;0.46890642436460483
674;-0.7060710087783276;-0.5336326121687984;0.46093274744352986
675;-0.7053177961217993;-0.5335742157776273;0.45349901221384886
676;-0.7058390486387831;-0.5328790369532662;0.44678669325810727
677;-0.7077722326716658;-0.5315014963120412;0.440981448338526
678;-0.7112036620590839;-0.5294285320591939;0.43626819814372647
679;-0.7161656867560657;-0.5266788778773068;0.43282515679768785
680;-0.7226376725785963;-0.5233002620577614;0.430817570339017
681;-0.7305499151831357;-0.5193651650389887;0.43039190865100285
682;-0.7397894663612692;-0.5149658249411253;0.43167116866335353
683;-0.7502068589491856;-0.5102091251416614;0.4347518048200003
684;-0.7616228557823019;-0.5052118669357364;0.43970261865082494
685;-0.7738345710796151;-0.5000967588181203;0.4465657181487672
686;-0.7866205767615799;-0.4949892722130971;0.45535940466632047
687;-0.7997448769006551;-0.4900153442305568;0.4660825725454456
688;-0.812959884151534;-0.4852997663708082;0.4787199408342984
689;-0.8260087421055017;-0.48096499333458553;0.4932472200646039
690;-0.8386274906477149;-0.47713004371844703;0.5096352054490354
691;-0.8505476539580716;-0.4739091476299351;0.527851835436513
692;-0.8614998318188901;-0.4714098268149437;0.5478614947711498
693;-0.871218787038259;-0.4697301706953855;0.5696212670289376
694;-0.8794503433247942;-0.4689551941505271;0.5930743970036998
695;-0.8859601454161681;-0.4691523235089814;0.6181418122278218
696;-0.890544004624678;-0.47036624440518465;0.6447130639004903
697;-0.8930391904287536;-0.4726135408020723;0.6726383831528007
698;-0.8933356802249777;-0.4758777334478245;0.7017236469676229
699;-0.891386106678418;-0.48010545683812833;0.7317298894505497
700;-0.8872130137918142;-0.4852045614850496;0.7623785955624393
701;-0.880912110196252;-0.4910448604761453;0.7933634201234339
702;-0.8726505261307362;-0.49746203477559875;0.8243682491377186
703;-0.8626596281292738;-0.5042648710291617;0.8550907441186671
704;-0.8512226546152666;-0.5112455597341237;0.8852697786033116
705;-0.8386581869035801;-0.5181922942996596;0.9147145967562191
706;-0.8253011169614068;-0.5249029718231115;0.9433332114562193
707;-0.8114831794848889;-0.5311985006210064;0.9711576269335409
708;-0.7975151929197364;-0.5369341464217641;0.9983640137905454
709;-0.7836728849003024;-0.5420075360016323;1.0252870300904335
710;-0.7701876191251198;-0.5463623652439424;1.052429045528455
711;-0.7572426064734584;-0.5499874538019788;1.0804669966189402
712;-0.7449744132786905;-0.5529114373150197;1.1102619141007362
713;-0.7334789074049857;-0.5551939663676395;1.1428789822102896
714;-0.7228203067500679;-0.5569146861645162;1.1796300686392835
715;-0.7130417629622303;-0.5581614453933181;1.2221580644397
716;-0.7041759216289973;-0.5590191260356827;1.272598233198861
717;-0.6962541054025638;-0.5595602449949697;1.3338896817793147
718;-0.6893131046953433;-0.559838127227206;1.4104110009227633
719;-0.6833989665335757;-0.5598830644739778;1.509425786110619
720;-0.6785675912334794;-0.5597015126083241;1.6450312567498198
721;-0.6748823377278784;-0.5592780782235233;1.8532220678382367
722;-0.6724091711201257;-0.5585798139964362;2.33717261719772
723;-0.6712101358800463;-0.5575621825876945;2.263510222740056
724;-0.6713360846933407;-0.5561759571819039;2.700064371112512
725;-0.6728196225522027;-0.5543743019652897;1.8974036822922535
726;-0.6756691362197941;-0.552119318489104;1.6579450990601334
727;-0.6798645852307192;-0.5493874524209965;1.5075549287614682
728;-0.6853554640164051;-0.5461733209851783;1.40085547027438
729;-0.6920610500525278;-0.5424917259043041;1.3220036334365246
730;-0.6998727775191624;-0.5383778327897245;1.2635485211804482
731;-0.7086583590033778;-0.5338856953147192;1.2214379689403487
732;-0.7182671417308486;-0.5290854547278155;1.1932774001840065
733;-0.7285361327935665;-0.5240596360613463;1.177580965987067
734;-0.7392961470614106;-0.5188989884797391;1.1734036302101614
735;-0.750377600643915;-0.5136982869844833;1.1801439401141214
736;-0.7616155699695304;-0.5085524419066696;1.1974331005837549
737;-0.7728538446300358;-0.5035531691765978;1.225072989376029
738;-0.7839478106766575;-0.4987863741094169;1.263006036963021
739;-0.7947661053675521;-0.4943303059701168;1.3113102847412503
740;-0.8051910830926623;-0.4902544569148204;1.3702200946593017
741;-0.8151182248681377;-0.4866191104606974;1.4401808229739317
742;-0.8244547091192593;-0.4834753925579375;1.5219590245592882
743;-0.8331174365169463;-0.4808656427480842;1.61685893740577
744;-0.8410308615102564;-0.47882390382052087;1.7271723701275599
745;-0.8481250211036144;-0.4773763263191765;1.85722641083371
746;-0.8543341589808187;-0.47654130037888753;2.016320871855472
747;-0.8595963111945851;-0.4763291633361847;2.2301086853258414
748;-0.8638541402929523;-0.4767413887869141;2.638936164395903
749;-0.8670571737746422;-0.4777692412116804;2.595652965698135
750;-0.8691654234137344;-0.4793919768210265;2.450768700731391
751;-0.8701541483655044;-0.48157477803904086;2.429828700070981
752;-0.8700193037260215;-0.4842667125870945;2.4541172325728673
753;-0.8687830249490168;-0.48739908997426273;2.5056241839331306
754;-0.866498379540359;-0.49088462755813755;2.579557555644051
755;-0.8632526074838334;-0.49461781688572104;2.6792807755335923
756;-0.8591681900716018;-0.49847678881976226;2.8240694821210095
757;-0.854401325423129;-0.5023268166690601;3.124438239732913
758;-0.8491377108010142;-0.5060253897961517;3.0854454683108092
759;-0.8435858772692245;-0.5094285694405194;2.8201431036667826
760;-0.8379686242555675;-0.5123981443874293;2.682000771759176
761;-0.8325133037704435;-0.514808974789163;2.577304860356838
762;-0.8274417752398531;-0.516555873990288;2.486249659291309
763;-0.8229607924013613;-0.5175594380236361;2.402442101496532
764;-0.8192534216361587;-0.5177703775856232;2.3237648862512996
765;-0.8164718718000417;-0.5171721080136471;2.2496943169256487
766;-0.8147318884456165;-0.5157815699137996;2.1802994757381855
767;-0.8141086725900402;-0.5136484470701713;2.115846887455165
768;-0.8146341545067524;-0.5108530873693472;2.0566505590238653
769;-0.8162953995631704;-0.5075034983058686;2.0030208614738703
770;-0.8190339451506589;-0.5037317781127685;1.9552495939453816
771;-0.822745953676822;-0.499690267467655;1.913605186130585
772;-0.8272831969774392;-0.4955475859101266;1.8783280157603681
773;-0.8324550372826833;-0.49148457776050747;1.8496225302780767
774;-0.8380317098926585;-0.4876900615820787;1.827645505534965
775;-0.8437493113626507;-0.48435617978353573;1.8124907801923094
776;-0.8493169226816939;-0.48167310082071024;1.804171282623475
777;-0.8544262221836978;-0.4798228493368283;1.8025996321882445
778;-0.8587637503137238;-0.47897213544361594;1.8075693079391943
779;-0.8620256776924473;-0.479264219793192;1.8187394750009287
780;-0.8639345234050354;-0.4808100716891006;1.8356280769923892
781;-0.864256825303433;-0.4836793266494055;1.8576195945867622
782;-0.8628203590710003;-0.4878917892886987;1.8839954678655184
783;-0.859529235035535;-0.49341041036209976;1.9139957017226943
784;-0.8543751628811134;-0.5001367448307243;1.9469185302073653
785;-0.8474434209913382;-0.5079098308453794;1.9822607895978823
786;-0.8389125926686121;-0.5165091978749856;2.0198968099998367
787;-0.829047853851403;-0.5256623265182582;2.0602946265317974
788;-0.8181883720540886;-0.5350563883129195;2.1047881989769497
789;-0.8067300379121116;-0.544353566870124;2.1559895741335895
790;-0.7951051637552974;-0.5532087940584661;2.2186130666472543
791;-0.7837608874176254;-0.561288414693083;2.301631133257661
792;-0.7731378426077583;-0.5682881823300808;2.4258658441196674
793;-0.7636502980975982;-0.573949107283527;2.671718864396422
794;-0.7556685532404074;-0.578069998112599;2.825208431217998
795;-0.7495040173042734;-0.5805159910782735;2.522176441973941
796;-0.745397160185286;-0.5812228566904684;2.4262960423286652
797;-0.7435084156793915;-0.5801973161441825;2.4034363708368627
798;-0.7439121179653823;-0.5775139217441267;2.446878984276298
799;-0.7465936073337079;-0.5733092184045668;2.6195549846491
800;-0.751449697990396;-0.5677739121644679;2.7764017101530687
801;-0.7582927118833265;-0.561143665076591;2.400050853091665
802;-0.766858214465635;-0.5536889735635331;2.2543376660155157
803;-0.776816424312843;-0.5457044328310227;2.176458065289607
804;-0.7877870106953807;-0.537497593588735;2.1404157143626805
805;-0.7993566647879897;-0.529377604373862;2.1395409714402067
806;-0.8110984758496025;-0.5216438984429357;2.175993317067836
807;-0.8225918259583502;-0.5145752971428789;2.2644798428341257
808;-0.8334413069075011;-0.5084200143821191;2.4717014533564994
809;-0.8432931259976019;-0.5033871101804644;2.683755909963133
810;-0.8518476459202486;-0.49963991931285057;2.322221344628975
811;-0.8588671008974811;-0.49729186194052555;2.1944632998824583
812;-0.864178101325115;-0.49640484330239276;2.126713851216929
813;-0.8676691901858657;-0.49699020966327045;2.0903472754389396
814;-0.8692843237360808;-0.4990120008630881;2.075917142473704
815;-0.8690135929736441;-0.5023920750527234;2.080852144578544
816;-0.8668826930421335;-0.5070166075260236;2.107331266443654
817;-0.8629425615699045;-0.512743482105251;2.164194306704043
818;-0.8572602941842211;-0.5194101706193499;2.2788545979690595
819;-0.8499120122702288;-0.5268417872736433;2.6171285002172713
820;-0.8409779286347973;-0.5348590657514869;2.4035749521376775
821;-0.8305395312801277;-0.5432860125584565;2.1701396261274364
822;-0.8186786317770587;-0.5519569433383538;2.050783504709227
823;-0.8054779926157988;-0.5607225380840651;1.9747929505006176
824;-0.7910233047173906;-0.5694544983487649;1.9240275174565442
825;-0.7754063629509554;-0.5780483945188718;1.8910131767127591
826;-0.7587293238171375;-0.5864243778741892;1.8719174709546538
827;-0.7411098902744235;-0.5945256015558112;1.864509958911238
828;-0.7226871486463652;-0.602314425698387;1.8673986515602088
829;-0.7036276018237126;-0.6097667391555501;1.87970522870634
830;-0.6841307386861987;-0.6168649732136275;1.900927190159731
831;-0.6644332972728781;-0.6235905758052319;1.9309000489239982
832;-0.6448112658775155;-0.6299168322884307;1.9698337722229358
833;-0.6255786655601216;-0.6358029459454143;2.0184331001154905
834;-0.6070823039343405;-0.6411902217422052;2.0781547227406896
835;-0.5896920010144046;-0.6460010304503007;2.1517516342852967
836;-0.5737862549745467;-0.6501409723294005;2.2445569608452995
837;-0.5597338971170611;-0.6535043233454221;2.368197478429534
838;-0.5478729045165439;-0.6559824574000952;2.5561849679158057
839;-0.5384880924083693;-0.6574745356062601;3.061191979991813
840;-0.5317897855381344;-0.6578993932519777;2.743090271926225
841;-0.5278956767729821;-0.6572072995176406;2.605003611290976
842;-0.5268178772211028;-0.6553901715412092;2.5732946289065755
843;-0.5284566642243039;-0.6524889283674918;2.598174129456525
844;-0.5326017254292221;-0.6485969708011348;2.677216937942982
845;-0.5389409055917405;-0.6438592277525991;2.8392235199857287
846;-0.5470757223773963;-0.6384667416381518;3.331998805209316
847;-0.5565423333572924;-0.632647282991025;3.0342785748013124
848;-0.5668362608314843;-0.6266529051372651;2.9362600004055803
849;-0.5774390114726455;-0.6207456205111238;2.9951005316347374
850;-0.5878447245948645;-0.615182485894893;3.2926476511829295
851;-0.5975850960204742;-0.61020134279046;3.1833612467319785
852;-0.606251015261156;-0.606008308819864;2.991006060945659
853;-0.613509604496407;-0.602767897417266;2.953531708082807
854;-0.6191156599855431;-0.6005963883684203;2.9955386288170702
855;-0.6229168803271036;-0.5995587993928684;3.110854344506314
856;-0.6248527276023645;-0.5996695251935362;3.332005816722522
857;-0.6249472964587339;-0.6008964163008996;4.053155064473442
858;-0.6232971255069666;-0.603167771459062;3.6411807673785357
859;-0.6200554077549093;-0.606381434056841;3.719088701693995
860;-0.6154144524728874;-0.6104149528013276;4.230701061873663
861;-0.6095884288907556;-0.6151356392473539;3.9985281063761717
862;-0.6027983201041762;-0.6204093764122401;3.444525157724835
863;-0.5952606266417205;-0.6261072263921698;3.161208115599031
864;-0.5871807422103364;-0.6321092341757597;2.9699706609399734
865;-0.5787511907335549;-0.6383052717125994;2.8310754678155456
866;-0.570154196438469;-0.6445932255724355;2.731798656029215
867;-0.5615674748717707;-0.6508752162279207;2.670687503184852
868;-0.5531717592026427;-0.6570527832192605;2.657413265831616
869;-0.5451584417141921;-0.6630220514878409;2.734279926982142
870;-0.5377358030737375;-0.6686698198035563;3.469711023697074
871;-0.5311325830717621;-0.6738713173119464;2.5536410090638575
872;-0.5255980623971954;-0.678490104142385;2.3212306153735165
873;-0.5213983138493244;-0.682380291524842;2.169215074198416
874;-0.5188087763558462;-0.6853909649830855;2.057394482393611
875;-0.5181037381044447;-0.68737244339679;1.9735541201767122
876;-0.5195436237714346;-0.6881838234401099;1.9133621792335809
877;-0.5233611205108866;-0.6877011623113247;1.8765019096824107
878;-0.5297471342998583;-0.6858256502130302;1.866552056783199
879;-0.5388373703265479;-0.682491210428172;1.8943647796109997
880;-0.5507000499822682;-0.6776711123657314;1.995267952458009
881;-0.5653250167066364;-0.6713833466209962;2.5078161011414997
882;-0.5826143540781472;-0.6636946360323208;1.9667359572310015
883;-0.6023747236261449;-0.6547229939096304;1.7483339093014814
884;-0.6243119436622453;-0.6446386663306641;1.6235047993392506
885;-0.648028803831866;-0.633663127430941;1.5419337614661721
886;-0.6730275880199421;-0.6220655994756094;1.4894286518752033
887;-0.6987190515454447;-0.6101564432618959;1.4604069272397722
888;-0.7244394589785759;-0.5982768169900368;1.4525441018737557
889;-0.7494765960181393;-0.5867843112020319;1.465179467073504
890;-0.7731044123328314;-0.5760348454379342;1.498816683129359
891;-0.7946242913503654;-0.5663618820473524;1.5551355628915968
892;-0.8134092069510067;-0.5580548110730232;1.6374717015483329
893;-0.8289456637466552;-0.5513389697723028;1.7521194851565083
894;-0.8408677861069074;-0.5463599671193632;1.911794281421886
895;-0.8489785421319358;-0.5431746486431205;2.146932012724944
896;-0.8532548960135189;-0.5417501595400799;2.5647705820359157
897;-0.8538363417975214;-0.5419713080014253;3.4879433690160626
898;-0.8509991360829627;-0.5436550914570838;2.500961683033219
899;-0.8451208582430474;-0.5465701608330135;2.2494730914699024
900;-0.8366410936654212;-0.5504584185890465;2.13682914432794
901;-0.8260238555633674;-0.5550559649748549;2.10389650398856
902;-0.8137260656269976;-0.5601111308284038;2.1560174908124647
903;-0.8001745263475253;-0.5653981497991325;2.464359880822797
904;-0.785751914990223;-0.5707258895326159;2.1713073648959513
905;-0.7707908377104066;-0.5759417994574666;1.9075808561713836
906;-0.7555740914342477;-0.5809317538510788;1.755678530297654
907;-0.7403389699882754;-0.5856167645350852;1.647270034436503
908;-0.7252835765958658;-0.5899476450449846;1.5638060556713467
909;-0.710573491581572;-0.5938986768667824;1.4973498480651062
910;-0.6963476410036639;-0.5974612010977248;1.4437344926004854
911;-0.6827227139195935;-0.6006378674474695;1.4004998841412837
912;-0.6697959204635628;-0.6034380416986262;1.3660776233083576
913;-0.6576462365280047;-0.6058746260987811;1.339409914763275
914;-0.6463345271864076;-0.6079623097454023;1.3197498331203374
915;-0.6359030738230976;-0.6097170635949808;1.3065479267440445
916;-0.6263750518491475;-0.6111565498700153;1.2993841289121262
917;-0.6177544298883914;-0.6123010429993097;1.2979253153661727
918;-0.6100266119460496;-0.6131744617443201;1.3018983146553014
919;-0.6031599556655844;-0.6138051798334455;1.3110727852729935
920;-0.597108111243162;-0.6142263942691875;1.325250808648738
921;-0.5918129727700931;-0.6144759593185997;1.3442614377836128
922;-0.5872079419723211;-0.6145957129718237;1.3679593059315704
923;-0.5832211831960746;-0.6146304103648786;1.3962270039560027
924;-0.579778591409277;-0.6146264243733575;1.4289814422144034
925;-0.5768062825281514;-0.6146303773845678;1.4661849601371926
926;-0.5742325217598345;-0.6146878392933612;1.507862703157687
927;-0.5719891058284368;-0.6148421792951868;1.5541290330660855
928;-0.5700122902573341;-0.6151336079575195;1.605228027029504
929;-0.5682433939521319;-0.6155984032119026;1.6615976630757352
930;-0.5666292201071937;-0.6162682861728261;1.7239769891419614
931;-0.5651224119527166;-0.6171699016472045;1.7935981148644855
932;-0.5636818248175407;-0.6183243613111458;1.8725631967866372
933;-0.5622729535946325;-0.6197468199441853;1.9646808035556957
934;-0.5608684161148101;-0.6214460714812154;2.077673747679521
935;-0.5594484639677021;-0.6234241675136558;2.2308889276437274
936;-0.5580014752292766;-0.6256760734067699;2.5039437892121144
937;-0.5565243777254932;-0.6281893852896435;2.6685517253980406
938;-0.5550229543821139;-0.6309441350965338;2.3801218842995624
939;-0.5535119906212336;-0.6339127116907897;2.2819802933333495
940;-0.5520152345429781;-0.6370599252042879;2.234724608762693
941;-0.5505651513561483;-0.6403432401318084;2.213137279235177
942;-0.5492024626952487;-0.6437132009294295;2.208590801117536
943;-0.5479754684440965;-0.6471140717385424;2.217893412205964
944;-0.5469391534680234;-0.6504847087227796;2.240708831037942
945;-0.5461540845729774;-0.6537596784159868;2.2792591199864343
946;-0.5456851044997076;-0.6568706275361766;2.3397825216145596
947;-0.5455998302260979;-0.6597478984022848;2.4386378546244627
948;-0.5459669626305269;-0.6623223695141206;2.6373381268391394
949;-0.5468544140169658;-0.66452748390288;2.928246763265741
950;-0.5483272596172802;-0.6663014101304398;2.509586669775386
951;-0.5504455197522262;-0.667589264398274;2.3637206254413914
952;-0.5532617820175194;-0.6683453093048384;2.2802522526293734
953;-0.5568186792245827;-0.6685350371607064;2.2307447250267685
954;-0.5611462506940856;-0.6681370443794378;2.2084966358000457
955;-0.5662592336720528;-0.667144608091442;2.2164381047818265
956;-0.572154359392161;-0.6655668853631336;2.2714066939872297
957;-0.578807764741841;-0.6634296669538732;2.4520434555348976
958;-0.5861726737764933;-0.6607756289007178;2.5230607704263424
959;-0.5941775490610761;-0.6576640345242334;2.1501546155298517
960;-0.6027249537123164;-0.6541698463147838;1.96805069817031
961;-0.6116913912069321;-0.650382213201848;1.8377091925982574
962;-0.6209283902317093;-0.6464023074920511;1.7327347149290158
963;-0.6302650654279277;-0.6423405020567394;1.6428653025960707
964;-0.6395123045369164;-0.638312906770999;1.562725325569483
965;-0.6484686071767336;-0.6344373264954464;1.4889666966923045
966;-0.6569274378752277;-0.6308287603154793;1.4193135954265443
967;-0.6646857731521599;-0.6275946281241865;1.3522107996685901
968;-0.6715533447105966;-0.6248299764176726;1.2866830844342496
969;-0.6773619380415341;-0.6226129678510784;1.2222488574781585
970;-0.6819740267162581;-0.6210009856849397;1.1588232480417577
971;-0.6852900284383538;-0.6200276743440953;1.096598616374981
972;-0.6872535672862181;-0.6197011860086415;1.0359195353290849
973;-0.6878543086875984;-0.6200038128690487;0.9771758187906978
974;-0.6871281747425968;-0.6208930653130137;0.920728341947334
975;-0.6851550112922234;-0.6223041236501347;0.8668695788935681
976;-0.6820540243229632;-0.6241534636318086;0.8158119154723058
977;-0.6779774959799146;-0.626343351767934;0.7676937730389083
978;-0.673103405166419;-0.6287668389073191;0.7225946006677071
979;-0.6676276053896641;-0.6313128570118056;0.6805524187036884
980;-0.661756159612021;-0.6338710447502243;0.641580223906682
981;-0.6556983169668279;-0.6363359864073088;0.6056795466918832
982;-0.6496604646156543;-0.6386106350494241;0.5728507103586261
983;-0.6438412260810484;-0.6406087919885817;0.5431000338556532
984;-0.6384277277326871;-0.6422566172250735;0.516444532572264
985;-0.633592933892735;-0.6434932381602317;0.4929147591887443
986;-0.6294938670374624;-0.6442705976156213;0.47255639422083795
987;-0.6262704848452312;-0.6445527315790724;0.4554311099023681
988;-0.6240449772105356;-0.6443146900836947;0.4416171309770497
989;-0.6229212672861677;-0.6435413123299111;0.4312098245632602
990;-0.6229845429755508;-0.6422260432363056;0.42432258159114183
991;-0.6243007006616894;-0.6403699384275247;0.4210882126019449
992;-0.6269156436013466;-0.6379809544469146;0.4216610777642038
993;-0.6308544368336437;-0.6350735669392372;0.4262202132757506
994;-0.6361203735953151;-0.6316687072619043;0.43497381761416815
995;-0.6426940514785378;-0.6277939619614334;0.4481656458987529
996;-0.6505325875844105;-0.6234839430522284;0.4660841742952832
997;-0.6595691194934643;-0.6187807120717613;0.48907592498368163
998;-0.6697127426869008;-0.6137341283685347;0.5175652542742618
999;-0.680849025548954;-0.6084019920023347;0.5520845463612072
1000;-0.6928412212999698;-0.6028498632787236;0.5933218650537092
