0;-0.4505557558283419;-0.5229412704411999;5.434293038223618
1;-0.44981579024571716;-0.5232867145310758;5.584239040136892
2;-0.4491498917753115;-0.5236005242058329;5.769051664305079
3;-0.44856944417546313;-0.5238770533217884;5.834556322168231
4;-0.4480853724904358;-0.524109170321082;6.103037936725668
5;-0.4477082948677506;-0.5242908204793039;6.163484025134595
6;-0.44744903017962145;-0.5244163218481901;6.2711789538141565
7;-0.4473181727633749;-0.5244801667576604;6.271918757206808
8;-0.4473250835303938;-0.5244771985598738;6.310460398038138
9;-0.44747711447786864;-0.5244029559920411;5.967067900928132
10;-0.44777905684269487;-0.5242539824775119;5.885354206829485
11;-0.44823267636505;-0.52402809401072;5.766912609757963
12;-0.44883618746933407;-0.5237246504348249;5.547545252628766
13;-0.44958357144669503;-0.5233448934691104;5.292796633890371
14;-0.45046388348477;-0.5228923668976511;5.135242281618016
15;-0.4514609395745505;-0.5223733001732158;4.98388309955486
16;-0.4525538070810567;-0.5217967284224372;4.850146114797107
17;-0.45371828105385675;-0.5211741378107718;4.736269860797889
18;-0.45492908254334274;-0.5205185843515637;4.652037493074562
19;-0.45616212710208576;-0.519843476696713;4.577140262238966
20;-0.4573961711794412;-0.5191613898391155;4.528375387810157
21;-0.4586134589935602;-0.5184832594190489;4.479639665332382
22;-0.45979939247243196;-0.5178181212526983;4.434413819585374
23;-0.4609414859975973;-0.5171733546496113;4.399614146169268
24;-0.4620279132016975;-0.5165552766472037;4.3880917003988165
25;-0.46304591578742205;-0.5159699218565976;4.373652875343455
26;-0.46398033230479363;-0.5154238676151365;4.36797689578194
27;-0.46481254558911705;-0.514924972478706;4.3807305620835715
28;-0.46552017754523417;-0.5144828765665702;4.377807672102369
29;-0.46607776191024075;-0.514109099995729;4.301238377510518
30;-0.4664583348263442;-0.51381663156761;4.230449282983128
31;-0.46663551439733403;-0.5136190545005307;4.170058956656761
32;-0.4665854541252364;-0.5135294449183303;4.110239433347746
33;-0.4662882018058691;-0.5135593658962279;4.041844623253193
34;-0.4657283409120819;-0.5137181927430642;3.984599329601108
35;-0.4648950746020938;-0.5140128208104224;3.931333570561365
36;-0.4637820045792094;-0.5144476625414273;3.899351604616651
37;-0.46238680569005264;-0.5150247984507057;3.8682834298935607
38;-0.46071090350681054;-0.5157441782140172;3.8476796655438754
39;-0.458759188377019;-0.5166038188508261;3.829662474902983
40;-0.45653976051986317;-0.5175999850295511;3.8135755060787195
41;-0.4540636896191891;-0.5187273547623005;3.79821332780811
42;-0.4513447780204956;-0.5199791768601505;3.7850691694483403
43;-0.448399329314949;-0.5213474217135671;3.778954429137896
44;-0.44524593548017144;-0.5228229206495449;3.767332486131677
45;-0.4419053004673261;-0.5243954853702298;3.7535093887465307
46;-0.438400115296079;-0.5260539988875416;3.744914467438352
47;-0.4347549916140626;-0.5277864720963202;3.7390363224321073
48;-0.4309964502521099;-0.5295800645323289;3.737119924527093
49;-0.42715295139848475;-0.5314210730182797;3.7436894577610924
50;-0.42325494625612414;-0.5332948968149556;3.758825925686219
51;-0.41933492804805045;-0.5351859913955644;3.7507394611225515
52;-0.4154274626808496;-0.5370778241172691;3.75609552261513
53;-0.4115691842091258;-0.5389528437847736;3.76453135681173
54;-0.4077987450502628;-0.5407924732707855;3.774818985223472
55;-0.4041567143762936;-0.5425771312192089;3.7928552141027967
56;-0.4006854204788528;-0.5442862862007465;3.810214562263865
57;-0.39742873520809474;-0.5458985445691484;3.827693273004564
58;-0.3944318016649893;-0.5473917713268066;3.83737551840068
59;-0.3917407101411798;-0.5487432413238739;3.8402544974691177
60;-0.3894021308692211;-0.549929816291759;3.858307438764664
61;-0.387462914017998;-0.5509281421150269;3.878537438236787
62;-0.3859696664521554;-0.5517148609297703;3.8995586939519016
63;-0.38496831108286117;-0.5522668342228128;3.931230527339622
64;-0.3845036294621154;-0.5525613756025471;3.96849298485484
65;-0.38461878359921653;-0.5525764944095762;4.006147712948058
66;-0.38535481054047305;-0.5522911529372286;4.069336218382875
67;-0.38675008384540643;-0.5516855402175884;4.1417153688901305
68;-0.38883973948042616;-0.550741364060819;4.228030471515391
69;-0.39165506893590385;-0.5494421606422576;4.295838895573606
70;-0.395222888484539;-0.5477736178992669;4.342155044611144
71;-0.3995648995502742;-0.54572390579844;4.427072671199403
72;-0.404697060587432;-0.543284003521222;4.581608602926723
73;-0.4106289953943403;-0.5404480110265605;4.53301654356887
74;-0.41736346621539616;-0.5372134304489751;4.5677018626826165
75;-0.4248959420095658;-0.5335814015650964;4.647990431781813
76;-0.4332142923140199;-0.5295568753851131;4.795188436905279
77;-0.44229863442769324;-0.525148711158094;4.8195616086334985
78;-0.45212135542247345;-0.5203696850776233;4.805815110102581
79;-0.46264732035800393;-0.5152364039397765;4.816940511445997
80;-0.4738342642617305;-0.5097691238519746;4.864427548462992
81;-0.4856333489302078;-0.5039914823618763;4.986571521160355
82;-0.4979898481742481;-0.4979301612215521;4.9777227274667375
83;-0.5108439093083593;-0.49161450517060584;5.0167777451628455
84;-0.5241313277912434;-0.4850761279553541;5.169819154183233
85;-0.5377842698188977;-0.47834853835787944;5.254437397439084
86;-0.5517318878573135;-0.4714668145110249;5.118031230712973
87;-0.5659007979219477;-0.4644673434981994;5.228127364859297
88;-0.5802154218991921;-0.457387626572598;5.026867552460408
89;-0.5945982351554966;-0.45026613226070944;4.960667546396957
90;-0.6089699876610639;-0.44314216573884935;4.9335866110043485
91;-0.6232499761845399;-0.4360557179741097;4.892111936682939
92;-0.6373564330461873;-0.4290472636157441;4.775379844894412
93;-0.6512070692289382;-0.42215748974185335;4.723841180370269
94;-0.6647197772469048;-0.4154269530005833;4.692411129256597
95;-0.6778134722416449;-0.4088956754502208;4.68461340249655
96;-0.6904090335447226;-0.4026026969285944;4.714733271451727
97;-0.7024303031582173;-0.39658560419500744;4.750596836188023
98;-0.7138050987622648;-0.3908800561304762;4.713071117286888
99;-0.724466202965015;-0.3855193219637887;4.642227184972898
100;-0.7343522948063113;-0.3805338472255393;4.56709166308618
101;-0.7434087929308484;-0.3759508605009593;4.502459934223237
102;-0.7515885825791027;-0.3717940329678889;4.461575779557852
103;-0.7588526014820105;-0.3680832017164955;4.434898785135225
104;-0.7651702638424909;-0.36483416641760613;4.41803818386683
105;-0.7705197074796358;-0.3620585666277315;4.403398708468422
106;-0.7748878570094745;-0.35976384373331644;4.38919366451314
107;-0.778270305179195;-0.3579532873878163;4.379874647278268
108;-0.7806710242186785;-0.3566261617041827;4.373573583618491
109;-0.7821019281026582;-0.3557779020400934;4.3745800263738195
110;-0.7825823136977348;-0.3554003696067989;4.384568615110819
111;-0.7821382129469321;-0.3554821488814802;4.3980110798517975
112;-0.7808016890747591;-0.35600887219273103;4.417396967701128
113;-0.7786101074427246;-0.35696355684414166;4.4433093231379965
114;-0.7756054068653032;-0.3583269424101013;4.479762374225385
115;-0.7718333909721788;-0.36007781885390416;4.523859803308975
116;-0.7673430527057151;-0.36219333930612496;4.525112720764708
117;-0.7621859392172643;-0.36464931421290214;4.536284367479676
118;-0.756415559868809;-0.3674204858064716;4.551481962482828
119;-0.7500868369696638;-0.3704807833477184;4.575795022636769
120;-0.7432555971760142;-0.37380356039156554;4.606751781345819
121;-0.7359781008516124;-0.37736181558257553;4.64410199646535
122;-0.7283106067578498;-0.38112839839084917;4.68804619663029
123;-0.7203089698647154;-0.38507620092521333;4.736824280793172
124;-0.7120282705876338;-0.3891783366482495;4.802402326577633
125;-0.7035224741964257;-0.3934083065506005;4.86554506113856
126;-0.6948441194414484;-0.39774015315725036;4.8868487336135695
127;-0.6860440355960494;-0.40214860263724317;4.935431818263578
128;-0.6771710871625447;-0.40660919525004324;4.941879029642846
129;-0.6682719454853964;-0.4110984043568714;4.948701037210289
130;-0.6593908865109074;-0.41559374422570416;4.953138610470045
131;-0.6505696139637713;-0.4200738668433144;4.959006324682285
132;-0.6418471072934817;-0.4245186479062102;4.966346145717083
133;-0.6332594938750362;-0.4289092620940966;4.9563639215794115
134;-0.6248399451115808;-0.43322824764235535;4.954587090424317
135;-0.6166185962549295;-0.4374595601367114;4.958594431240468
136;-0.6086224899049983;-0.4415886153687612;4.9665238384039485
137;-0.6008755432449654;-0.4456023210291825;4.976608904558449
138;-0.5933985390956663;-0.44948909698771466;4.992422043149477
139;-0.5862091408188922;-0.45323888392235345;5.002461618499583
140;-0.579321930962791;-0.45684314011774174;5.015277092572879
141;-0.5727484733282617;-0.46029482635288377;5.026011386658634
142;-0.5664973978560638;-0.46358837893616966;5.040104355767426
143;-0.5605745074068964;-0.4667196711136794;5.0579973974765515
144;-0.5549829051509912;-0.4696859632651403;5.078082383003415
145;-0.5497231409210237;-0.4724858425004326;5.098108156838758
146;-0.5447933745328281;-0.4751191524676051;5.1176185615915
147;-0.540189553761282;-0.47758691437074996;5.13881692891725
148;-0.5359056043903414;-0.47989124036404274;5.164100174402502
149;-0.531933629548871;-0.48203524062889724;5.186316593860595
150;-0.5282641154072454;-0.48402292554890586;5.209999544725882
151;-0.5248861402484611;-0.48585910446781855;5.234356998052051
152;-0.521787583943368;-0.4875492825471201;5.267615880013091
153;-0.518955334950283;-0.4890995572316021;5.300368126949159
154;-0.5163754921192805;-0.4905165157850069;5.327758532392295
155;-0.5140335588028838;-0.4918071352762929;5.367751057786226
156;-0.5119146270475557;-0.4929786862846622;5.402467767811056
157;-0.5100035499525725;-0.4940386414532951;5.435178693621181
158;-0.5082851006226208;-0.4949945898637094;5.4777583358407504
159;-0.5067441164946838;-0.495854158031088;5.512989393246303
160;-0.5053656281771323;-0.49662493814200115;5.5262416326208035
161;-0.5041349722876821;-0.49731442397574616;5.510063692561432
162;-0.5030378881077684;-0.4979299547747924;5.4932972300957275
163;-0.5020605981753923;-0.49847866716304207;5.477874551626408
164;-0.5011898732106391;-0.49896745505735063;5.456500041450789
165;-0.5004130820031704;-0.4994029373806687;5.4485214463266205
166;-0.4997182270865121;-0.49979143326683484;5.431233180778021
167;-0.4990939671790568;-0.5001389443485854;5.406146343005576
168;-0.4985296274867957;-0.5004511436421895;5.396740919847259
169;-0.4980151990400341;-0.5007333704840838;5.388408055789661
170;-0.49754132827826497;-0.5009906309358517;5.388527775700571
171;-0.4970992981080815;-0.5012276030525527;5.3847228592755645
172;-0.496681001642122;-0.501448646403757;5.374725024888922
173;-0.4962789097875052;-0.501657815244825;5.369821094908728
174;-0.4958860337940164;-0.5018588747555404;5.374932284289074
175;-0.4954958838000994;-0.5020553197920596;5.37160250487257
176;-0.49510242433243745;-0.5022503956341293;5.371789793657404
177;-0.4947000276263451;-0.5024471202504611;5.374525981544819
178;-0.49428342554268817;-0.5026483076493179;5.386031036239413
179;-0.4938476607654976;-0.5028565919269893;5.383290058044971
180;-0.4933880378752435;-0.5030744516724774;5.401951090574705
181;-0.4929000748080614;-0.5033042344311911;5.400153984852498
182;-0.49237945513242426;-0.5035481809727157;5.385131078445767
183;-0.49182198150343037;-0.5038084491469415;5.3329681052294
184;-0.49122353059159285;-0.504087137148444;5.2674688142237995
185;-0.4905800097288082;-0.5043863060404863;5.215668263117094
186;-0.4898873154691262;-0.5047080014170184;5.173168415191008
187;-0.489141294226555;-0.5050542741034133;5.133151644761928
188;-0.4883377051264948;-0.5054271998142085;5.094899853789028
189;-0.4874721851912268;-0.5058288976987761;5.060527126399337
190;-0.4865402169736469;-0.5062615477136815;5.026347686700072
191;-0.4855370987563611;-0.5067274067633345;4.998328645029172
192;-0.48445791744574423;-0.5072288235487913;4.976895344149558
193;-0.48329752431201256;-0.5077682520578573;4.952142969580115
194;-0.48205051375673824;-0.5083482636184681;4.927562610905971
195;-0.48071120532827766;-0.5089715574214887;4.906963751612127
196;-0.479273629252918;-0.5096409693987913;4.882824956799055
197;-0.47773151580511364;-0.5103594793177744;4.863453657647639
198;-0.47607828890337656;-0.5111302159245609;4.8504910354639446
199;-0.4743070643891225;-0.5119564599348272;4.832549077590487
200;-0.4724106535237424;-0.5128416446339559;4.822230076933988
201;-0.47038157232368677;-0.5137893538067319;4.816233661982958
202;-0.46821205744485783;-0.514803316671192;4.80392660731906
203;-0.4658940894251756;-0.515887399441695;4.794924082313941
204;-0.46341942419860394;-0.5170455930921457;4.785702498990829
205;-0.46077963390517696;-0.5182819968317806;4.77416892174898
206;-0.45796615814077835;-0.5196007967420695;4.7654868502278855
207;-0.45497036691900095;-0.5210062389535015;4.756389204296517
208;-0.4517836367580482;-0.5225025966639939;4.7457511085060995
209;-0.4483974414612483;-0.5240941302147122;4.728656104253719
210;-0.44480345933514676;-0.5257850393422764;4.7178115615523
211;-0.44099369878902966;-0.5275794066160865;4.718314567744584
212;-0.43696064448894817;-0.5294811309437089;4.68521086701276
213;-0.43269742650105053;-0.5314938498845087;4.660120504619319
214;-0.42819801515083367;-0.5336208493527911;4.62698141405481
215;-0.4234574446332753;-0.5358649591231741;4.595036008856451
216;-0.41847206870070747;-0.5382284323880827;4.5589719035250935
217;-0.4132398519614754;-0.54071280749202;4.525858675246051
218;-0.40776070031977985;-0.5433187499379856;4.497500223368895
219;-0.40203683366969595;-0.5460458729242837;4.476605334473483
220;-0.3960732028075324;-0.5488925351749665;4.4560374072477025
221;-0.3898779501983187;-0.5518556158872776;4.433606699500128
222;-0.3834629101561352;-0.5549302685069579;4.413341611634449
223;-0.37684413757343044;-0.5581096580495306;4.398310742545311
224;-0.3700424451496303;-0.5613846910223796;4.384932492423174
225;-0.36308391731142775;-0.5647437526034872;4.3739082315238695
226;-0.35600035605661356;-0.568172471980884;4.362772578956407
227;-0.34882960289536;-0.5716535422158662;4.354138672504125
228;-0.3416156767876065;-0.5751666233738164;4.348779751494951
229;-0.33440867596501134;-0.5786883543620542;4.340425633065369
230;-0.32726441512072174;-0.5821924882812095;4.337064454149694
231;-0.3202438063382481;-0.585650149118035;4.338283438227025
232;-0.3134120325579183;-0.5890301887751481;4.343352240558559
233;-0.3068375918415123;-0.5922996095308813;4.3522611325637275
234;-0.300591297189462;-0.5954240137407079;4.363235762952957
235;-0.29474529810298156;-0.5983680510122747;4.37976807816771
236;-0.2893721559428313;-0.6010958488455107;4.4052723125482105
237;-0.2845439706622993;-0.6035714286946164;4.448170660232498
238;-0.28033153405687344;-0.6057591197392463;4.4517924964597055
239;-0.2768034786260949;-0.6076239852539365;4.479053397146255
240;-0.2740253984773323;-0.6091322727133561;4.542439525662076
241;-0.2720589331113251;-0.6102518916180052;4.524300360457126
242;-0.2709608206177619;-0.6109529152060585;4.450582374743663
243;-0.2707819402162094;-0.6112080954285526;4.426257802234618
244;-0.2715663737873196;-0.6109933755018472;4.431198213568443
245;-0.2733505219234029;-0.6102883811088176;4.393656441044317
246;-0.27616231243694367;-0.609076869772603;4.341519143858016
247;-0.2800205385831305;-0.6073471179378398;4.308539041128047
248;-0.2849343607773115;-0.6050922267665108;4.297010434022459
249;-0.29090299960279176;-0.60231033049225;4.302378766703846
250;-0.29791563979168345;-0.5990046952209496;4.323106169149399
251;-0.3059515551809433;-0.5951837010560462;4.388851040394237
252;-0.31498045413483;-0.5908607059969511;4.3721062453956945
253;-0.32496303442784735;-0.5860537957674231;4.37942683350757
254;-0.33585172693763354;-0.5807854291220189;4.399181985729729
255;-0.3475915994178558;-0.575081992844976;4.434078599400858
256;-0.36012138560611834;-0.5689732842895299;4.434032361968931
257;-0.37337460121257754;-0.562491941727482;4.4598511059217625
258;-0.3872807069280624;-0.5556728439409722;4.498131490804885
259;-0.40176627928281744;-0.5485525004559944;4.558622059460771
260;-0.4167561526493231;-0.5411684527369713;4.661982635065179
261;-0.43217449952918174;-0.5335587047262025;4.672965624466024
262;-0.44794582111101;-0.5257611985298337;4.720602652950542
263;-0.4639958255923549;-0.5178133480229181;4.818407688282673
264;-0.4802521776391237;-0.5097516398499972;4.791731902017937
265;-0.4966451083831419;-0.5016113078885206;4.8864921462337065
266;-0.513107881346868;-0.4934260838519334;4.790507695486791
267;-0.5295771154730086;-0.4852280234515409;4.790688865137622
268;-0.5459929718718424;-0.4770474045145845;4.925930270801867
269;-0.562299215821459;-0.4689126907667812;4.793754207284843
270;-0.5784431697999525;-0.46085055272195846;4.747621312504396
271;-0.594375576726139;-0.45288593536271216;4.769710245015157
272;-0.6100503949820887;-0.4450421611133955;4.722172438005352
273;-0.6254245480640199;-0.43734105604832824;4.627440374679503
274;-0.6404576517872684;-0.42980308736195794;4.518628777334728
275;-0.6551117408548099;-0.4224475008360036;4.448834363962692
276;-0.6693510143642908;-0.41529244831436707;4.392471108510623
277;-0.6831416166328522;-0.40835509694501976;4.349298709533514
278;-0.696451465788535;-0.40165171404271155;4.308137823977588
279;-0.7092501381898222;-0.3951977237190553;4.274181210859821
280;-0.7215088121945527;-0.38900773376059417;4.248422805347068
281;-0.7332002704087874;-0.38309553345853314;4.230745687423903
282;-0.7442989555801433;-0.3774740650712039;4.217938696418793
283;-0.7547810719843355;-0.37215537322462544;4.208576288219876
284;-0.7646247216500875;-0.3671505377537899;4.202678527548035
285;-0.7738100631668098;-0.36246959622033825;4.195603769870585
286;-0.7823194801420854;-0.358121462608506;4.190707337880051
287;-0.7901377465783136;-0.3541138485296224;4.1943899827976745
288;-0.797252177423596;-0.35045319270993514;4.197864916681035
289;-0.8036527541848226;-0.34714460366920763;4.207804521700852
290;-0.8093322176094758;-0.3441918194018951;4.223370373469832
291;-0.8142861218726807;-0.34159718663617955;4.244105968008642
292;-0.8185128472735064;-0.339361660955671;4.274817956792524
293;-0.8220135709847269;-0.3374848278041548;4.285737963818182
294;-0.8247921977664567;-0.33596494322663234;4.288760419610131
295;-0.8268552546234147;-0.33479899218804654;4.296821314475779
296;-0.828211755063059;-0.33398276149903494;4.311713708795779
297;-0.828873039833002;-0.33351092379490843;4.331448690190894
298;-0.8288526017477764;-0.3333771286738325;4.35125649315394
299;-0.8281659024539461;-0.33357409700260554;4.377827331942903
300;-0.8268301887535736;-0.33409371452967995;4.41128862054515
301;-0.8248643154582347;-0.33492712128040847;4.4615090047453885
302;-0.8222885807468863;-0.3360647937151012;4.528291303920246
303;-0.8191245787332656;-0.3374966172663181;4.507836850170263
304;-0.8153950725016836;-0.339211947594532;4.537170212857436
305;-0.8111238893359364;-0.3411996596668091;4.5602788266455985
306;-0.8063358383333721;-0.34344818452903547;4.54355021133049
307;-0.8010566491455583;-0.34594553437007175;4.529665205698846
308;-0.7953129292881738;-0.3486793171330278;4.524377131170417
309;-0.7891321363713961;-0.3516367424878257;4.518436349243949
310;-0.7825425607588568;-0.354804621421065;4.521163938825202
311;-0.775573313593692;-0.35816936201123317;4.5302585806381925
312;-0.7682543148446762;-0.36171696413386634;4.5359200710065
313;-0.760616276020895;-0.36543301588280036;4.5389764432592905
314;-0.7526906724648459;-0.36930269440613084;4.544215629494423
315;-0.7445097006359194;-0.3733107736491913;4.5502174766983385
316;-0.7361062165059664;-0.3774416411861191;4.559582557165501
317;-0.7275136520666066;-0.3816793259229987;4.571635043033626
318;-0.7187659079509895;-0.3860075379885095;4.58385700318882
319;-0.7098972212551331;-0.39040972161228304;4.594883379724183
320;-0.7009420087597525;-0.3948691212479737;4.618845561077714
321;-0.6919346868571704;-0.3993688606479773;4.637385235673878
322;-0.682909470536839;-0.4038920340603519;4.6471149442657085
323;-0.6739001547374197;-0.40842180821484747;4.641346023634978
324;-0.6649398821988056;-0.41294153331191197;4.620047136561328
325;-0.656060902614426;-0.4174348608417573;4.600354180924659
326;-0.6472943283698966;-0.4218858657531927;4.580544984174806
327;-0.6386698924425649;-0.42627917027460294;4.570930990297322
328;-0.6302157141192375;-0.43060006656921207;4.5488411373459385
329;-0.6219580780653126;-0.43483463538765993;4.532146691603971
330;-0.6139212319542776;-0.4389698579630984;4.509792877685817
331;-0.6061272073556835;-0.4429937185741706;4.4763529290316
332;-0.5985956679028431;-0.4468952954722911;4.445873898897427
333;-0.5913437879450208;-0.45066483822090686;4.418787046079058
334;-0.5843861639649468;-0.4542938299119086;4.40150635932405
335;-0.5777347600483599;-0.45777503319029406;4.39134826227507
336;-0.571398887670708;-0.4611025195119948;4.393603698931132
337;-0.5653852190668186;-0.46427168155681997;4.395368407841463
338;-0.5596978325296972;-0.4672792291910339;4.385504773990187
339;-0.5543382872118813;-0.4701231697905969;4.375580088036963
340;-0.549305724452399;-0.4728027740622205;4.3055815386752165
341;-0.5445969924002649;-0.47531852869962177;4.266315218470744
342;-0.5402067908132036;-0.477672077255447;4.24581368683034
343;-0.5361278333964334;-0.4798661504753782;4.2335115818412525
344;-0.5323510258567453;-0.4819044870344486;4.233543004229027
345;-0.528865658826725;-0.4837917451767475;4.2404646496280325
346;-0.5256596157090349;-0.4855334052736907;4.258292085490846
347;-0.5227195959863972;-0.4871356629086163;4.300046941798387
348;-0.5200313543446554;-0.4886053119142353;4.352702412282224
349;-0.5175799548810354;-0.4899496169716847;4.4038914965019655
350;-0.5153500377026481;-0.4911761760229709;4.500567425226373
351;-0.513326092497372;-0.492292773900329;4.562059726273236
352;-0.5114927303869076;-0.4933072302463454;4.520278507552955
353;-0.5098349417775622;-0.4942272469640615;4.477373109161237
354;-0.5083383243550132;-0.4950602629830706;4.466036938005309
355;-0.5069892625971684;-0.49581332671231065;4.469478563674155
356;-0.505775039768689;-0.49649299843303685;4.48350035981814
357;-0.5046838677359223;-0.49710529489709776;4.507800131997053
358;-0.5037048316963668;-0.49765568520054904;4.529281907608946
359;-0.5028277671321207;-0.49814913970062824;4.553529758020093
360;-0.5020431120787109;-0.4985902226120114;4.583442168235416
361;-0.5013417999072654;-0.4989832059715273;4.5943807153941565
362;-0.5007152606300366;-0.49933217189943324;4.601781423080181
363;-0.5001555673208031;-0.4996410673866727;4.604574479289386
364;-0.4996557007534542;-0.499913687361206;4.601527322322402
365;-0.49920984030835824;-0.5001535887703545;4.588880260174304
366;-0.49881356143260036;-0.5003639709739934;4.5689633753021965
367;-0.4984638376844935;-0.5005475782614398;4.548488507168437
368;-0.498158785469543;-0.5007066782969911;4.522478842249976
369;-0.49789713918910067;-0.5008431494764077;4.497690035911248
370;-0.49767751547418543;-0.5009586781972236;4.48918093542383
371;-0.4974976177438806;-0.501055028193122;4.4915666728936765
372;-0.49735360532271483;-0.5011343069970094;4.5096863603879624
373;-0.4972398425838594;-0.5011991383578187;4.567359154496081
374;-0.4971491265671022;-0.5012526725455502;4.6991747848361
375;-0.4970733148305744;-0.5012984266164408;4.7671080415545575
376;-0.49700413636664637;-0.5013400137213604;4.738235626761684
377;-0.49693393810037034;-0.5013808561089494;4.647593650541517
378;-0.49685619344922494;-0.5014239646675315;4.650221409313775
379;-0.4967657177163446;-0.5014718247575213;4.706891829316904
380;-0.4966586341933995;-0.5015263833418394;4.678533166001581
381;-0.49653218253969694;-0.5015891062588596;4.75402829885047
382;-0.49638446021401195;-0.5016610699652077;4.737750530200013
383;-0.4962141607620815;-0.5017430609847064;4.61857414311648
384;-0.49602034230933606;-0.5018356684362629;4.595969844758255
385;-0.49580223809599583;-0.5019393640444524;4.624133088094598
386;-0.49555911010512327;-0.5020545684715746;4.735933792494741
387;-0.4952901430356915;-0.5021817040636136;4.620942239590741
388;-0.49499437477130276;-0.5023212341850903;4.602256638565398
389;-0.494670658587683;-0.5024736895358021;4.5955427917052285
390;-0.494317651012057;-0.502639682569912;4.541006208988468
391;-0.49393381792283836;-0.5028199121440747;4.510180967610405
392;-0.4935174508077877;-0.5030151613836922;4.47358295928915
393;-0.4930666854772822;-0.5032262921430337;4.451277992522741
394;-0.4925795169575468;-0.503454239223382;4.4271556896919275
395;-0.49205380644225527;-0.503700006788026;4.423275223650072
396;-0.4914872785705172;-0.503964668394654;4.422324789094521
397;-0.49087750944305353;-0.5042493710161341;4.4407684137127115
398;-0.4902219073396159;-0.5045553425605883;4.470733318904341
399;-0.489517688911107;-0.5048839018588558;4.49101692532213
400;-0.48876185373167264;-0.5052364698859706;4.519997169148707
401;-0.4879511596877285;-0.5056145810637914;4.552460190871538
402;-0.48708210098839405;-0.5060198937496232;4.58064665967984
403;-0.48615088982812027;-0.5064541993399325;4.614511560846124
404;-0.48515344207902905;-0.5069194297214739;4.646325218010655
405;-0.4840853669219563;-0.5074176630325817;4.71482260286632
406;-0.4829419600555384;-0.507951127839214;4.783010692370503
407;-0.48171820001928556;-0.5085222058931317;4.885251335938199
408;-0.480408747174993;-0.5091334336467424;4.882424222058387
409;-0.4790079449563249;-0.5097875026768656;4.909460375385408
410;-0.47750982307579487;-0.5104872591395405;5.042436770804522
411;-0.47590810244698056;-0.5112357023539418;4.927816606436514
412;-0.474196201629696;-0.5120359826008343;4.875906643003901
413;-0.47236724464320595;-0.5128913982175843;4.868713517264599
414;-0.4704140700330964;-0.5138053920701039;4.888668883765826
415;-0.4683292411403435;-0.5147815474714631;4.750578296951458
416;-0.4661050576246219;-0.515823583586154;4.692829251052881
417;-0.4637335684519468;-0.5169353502984648;4.641298543930732
418;-0.4612065867758274;-0.5181208224267498;4.618726427341932
419;-0.4585157074212046;-0.5193840930304867;4.607651589076218
420;-0.4556523280152969;-0.5207293653857429;4.605658004447802
421;-0.45260767519004097;-0.5221609430022893;4.591988338489186
422;-0.44937283769350117;-0.5236832168301644;4.593651303532607
423;-0.44593880867323693;-0.5253006485666081;4.58226968696813
424;-0.442296539797932;-0.5270177487435899;4.5443560711520075
425;-0.43843701020118736;-0.5288390480818539;4.557992793951583
426;-0.43435131335774557;-0.5307690604877136;4.543064603237728
427;-0.43003076478204716;-0.5328122361169902;4.527514313759373
428;-0.42546703267652475;-0.5349729032320323;4.475638233033633
429;-0.42065229215523225;-0.5372551982367411;4.4329925356394
430;-0.415579401300323;-0.5396629843697813;4.399001702908292
431;-0.41024209412467827;-0.5421997610681789;4.392877822476961
432;-0.40463518185183894;-0.5448685678405117;4.362642595729495
433;-0.3987547504824134;-0.5476718882779875;4.33268517355923
434;-0.39259834041334807;-0.5506115610628244;4.31289129918661
435;-0.386165094043278;-0.5536887049008821;4.280582467490972
436;-0.3794558606864787;-0.5569036627306577;4.23377719329759
437;-0.37247325481948523;-0.5602559672687901;4.198317867495862
438;-0.36522167263937044;-0.5637443254935319;4.164283031936508
439;-0.35770728089312875;-0.5673666152153648;4.139037419072598
440;-0.349937998079872;-0.5711198839150894;4.1191967385318
441;-0.34192348896633074;-0.5750003397524251;4.106348139659855
442;-0.33367518794618717;-0.5790033274400286;4.09761416879684
443;-0.3252063563088413;-0.5831232868466959;4.095995395139747
444;-0.3165321660018272;-0.587353698208528;4.101697734860326
445;-0.3076697917338023;-0.5916870229093198;4.11949521448288
446;-0.29863848734009135;-0.5961146515605683;4.148843063567264
447;-0.2894596225432038;-0.6006268710122008;4.167266764906817
448;-0.2801566618823168;-0.6052128593031008;4.19272165561442
449;-0.27075507643616714;-0.6098607134239457;4.193430852223218
450;-0.26128218826757577;-0.6145575103640931;4.211775292666378
451;-0.2517669549936933;-0.6192893983148597;4.202588679468949
452;-0.24223970635571107;-0.624041712695096;4.159710477870529
453;-0.23273184613653364;-0.6287991108994561;4.12080217486088
454;-0.2232755320911904;-0.6335457199796795;4.118630782052031
455;-0.2139033448313447;-0.6382652923134009;4.126375286283009
456;-0.20464795478974518;-0.6429413652040634;4.130742038830726
457;-0.19554179503793523;-0.6475574209824652;4.1444725074227
458;-0.18661674700191;-0.6520970444477225;4.158480908237486
459;-0.17790384590278852;-0.656544074448744;4.1744891418062
460;-0.16943301280225986;-0.6608827462027476;4.198562244308614
461;-0.16123282020445545;-0.665097820721819;4.197152292073589
462;-0.15333029805922227;-0.6691746975903444;4.157417608189202
463;-0.14575078661392027;-0.673099507377596;4.141703088107728
464;-0.13851784183786087;-0.6768591802061752;4.13453027429618
465;-0.13165319812668747;-0.6804414874173099;4.119280822757982
466;-0.12517679175318308;-0.6838350538429547;4.100176271707211
467;-0.11910684715629916;-0.6870293388659386;4.075991627517246
468;-0.11346002674073352;-0.6900145851747459;4.054218057716829
469;-0.10825164347582655;-0.6927817348561329;4.04021663188084
470;-0.10349593429803938;-0.6953223131812835;4.0301767406287565
471;-0.09920639117877283;-0.6976282811043916;4.019155717754311
472;-0.09539614574197325;-0.6996918580911942;4.010200503756727
473;-0.09207840250308047;-0.7015053174239387;4.005275541316295
474;-0.08926691513151108;-0.7030607565946346;3.998601082535424
475;-0.08697649956716236;-0.7043498458168074;3.9948931806806782
476;-0.08522357728144325;-0.7053635580859426;3.988260699754354
477;-0.08402674137418881;-0.7060918846404991;3.984998664973647
478;-0.08340733742969614;-0.7065235401704203;3.980770466395166
479;-0.08339004998793059;-0.7066456627506648;3.978120198875013
480;-0.08400348397685065;-0.7064435143145005;3.97880776319086
481;-0.08528072834477007;-0.705900188601489;3.974472745853077
482;-0.08725988627645676;-0.7049963349951145;3.980813851155034
483;-0.08998455263541649;-0.7037099085746559;3.974630137375726
484;-0.09350421454791574;-0.7020159590963415;3.9616855481113546
485;-0.09787454529642875;-0.6998864745078949;3.9578407532974014
486;-0.10315755499298868;-0.6972902979516711;3.9568677669210386
487;-0.10942155408281284;-0.6941931409083062;3.9609467315741456
488;-0.11674087803061373;-0.6905577189466783;3.968216514392165
489;-0.12519531429382819;-0.6863440401053449;3.9821362822030144
490;-0.13486916696502693;-0.6815098786856166;4.007669061116297
491;-0.14584989173877094;-0.6760114684408896;4.047724081961719
492;-0.15822623598954755;-0.6698044478574806;4.114269231406668
493;-0.17208582792272736;-0.6628450853384474;4.139894747664693
494;-0.1875121772997949;-0.6550918024647192;4.098992919819746
495;-0.2045810802629972;-0.6465069980703819;4.101904946570147
496;-0.22335646370909534;-0.6370591539536612;4.126934489425838
497;-0.2438857605456431;-0.626725174671845;4.172556712897237
498;-0.26619497398505065;-0.6154928801125017;4.248942700039858
499;-0.29028366206788636;-0.6033635328287699;4.4073735737834
500;-0.3161201451492376;-0.5903542463908569;4.395635771014597
501;-0.3436372987721716;-0.576500091453473;4.4892789010435035
502;-0.3727293303220101;-0.5618556987912889;4.658726181250372
503;-0.40324993866577563;-0.5464961588608622;4.627054823308554
504;-0.4350122130462609;-0.530517039681849;4.600514832729501
505;-0.46779053741966214;-0.5140333905556137;4.525605790747239
506;-0.5013246325669662;-0.4971776665654343;4.524350130380142
507;-0.535325701153526;-0.480096592661969;4.620313241496897
508;-0.5694844570471358;-0.4629470782149111;4.689690045740104
509;-0.6034806402313839;-0.44589138307396353;4.713181606311212
510;-0.6369934644505023;-0.4290918136772666;4.605723015494848
511;-0.6697123365549014;-0.41270528256202993;4.586095903081005
512;-0.7013471402358549;-0.39687808880917724;4.517921609525881
513;-0.7316374014321901;-0.3817412657761516;4.497278458324762
514;-0.7603597483830369;-0.3674067954643859;4.414788339877367
515;-0.787333236567067;-0.3539649103936405;4.282712978378673
516;-0.8124223087733597;-0.34148260304461747;4.150249816037671
517;-0.835537377373105;-0.3300033526825092;4.060116593151208
518;-0.8566332205611336;-0.3195479743726578;3.9974727959271608
519;-0.8757055502148472;-0.3101164090358098;3.9486791801635572
520;-0.8927862168639378;-0.30169021661989515;3.9118994556460747
521;-0.9079375590207801;-0.29423551142219007;3.8826184009951463
522;-0.9212463837896637;-0.28770608761517863;3.8621569941992844
523;-0.9328179971642084;-0.28204651725781865;3.8477971733257155
524;-0.9427706051782703;-0.27719505266875555;3.838347635941845
525;-0.9512303010170129;-0.27308621976067704;3.8330620017340213
526;-0.9583267545875535;-0.26965304030685866;3.8312120067474926
527;-0.9641896402707737;-0.26682886361228586;3.832156614805246
528;-0.9689457799020458;-0.2645488192950214;3.836463514551845
529;-0.9727169408740016;-0.26275092297480657;3.842226645151748
530;-0.9756182100475674;-0.26137687732702586;3.849654398646944
531;-0.977756858136965;-0.26037261457340755;3.8591472548198333
532;-0.9792316117543913;-0.2596886254218566;3.8689211608264586
533;-0.9801322575557949;-0.2592801157214337;3.8808684933599253
534;-0.9805395121919851;-0.25910702712064104;3.8906112031133917
535;-0.9805251013159202;-0.2591339527584703;3.901994766892064
536;-0.9801519997890289;-0.25932997402316493;3.913174709953384
537;-0.9794747930684491;-0.2596684399428494;3.92403959567951
538;-0.9785401264686655;-0.26012670690483164;3.9341554679341355
539;-0.9773872146675178;-0.2606858531168772;3.9441013041861406
540;-0.9760483886249014;-0.2613303794587363;3.954471787296945
541;-0.9745496611644009;-0.2620479060473845;3.9629997574054774
542;-0.9729112959737005;-0.26282887188047477;3.969811034400585
543;-0.9711483678171717;-0.2636662432657939;3.9783145852193686
544;-0.9692713044021233;-0.2645552353400906;3.9858481825306886
545;-0.967286402653428;-0.265493049789022;3.9948338755174455
546;-0.965196314166826;-0.2664786308717244;4.001262305410922
547;-0.9630004963568409;-0.2675124410048163;4.005374936145883
548;-0.9606956273117823;-0.2685962564528195;4.0081144359266005
549;-0.958275983636206;-0.2697329830882874;4.01188707700549
550;-0.9557337816193233;-0.27092649171062877;4.01389872232115
551;-0.9530594829371686;-0.27218147203371484;4.016243943504322
552;-0.950242066797544;-0.27350330415552315;4.018180411277008
553;-0.9472692709915623;-0.2748979460959108;4.018275899411617
554;-0.9441278047444699;-0.27637183581941405;4.020434388627295
555;-0.9408035365805623;-0.27793180603850043;4.020661303724708
556;-0.9372816606493557;-0.2795850100099122;4.024236554905646
557;-0.9335468451161655;-0.2813388564856021;4.027472044416478
558;-0.9295833663105357;-0.28320095195466033;4.023352655371478
559;-0.9253752323565625;-0.28517904831023366;4.020699904319595
560;-0.9209062999835704;-0.2872809940940299;4.018541190942825
561;-0.9161603881324887;-0.28951468751055986;4.015382953037792
562;-0.9111213918297889;-0.29188802946559744;4.010172183591401
563;-0.9057733995903384;-0.2944088749710703;4.003482523510053
564;-0.9001008173259435;-0.2970849813758768;3.9984117023111643
565;-0.894088501369096;-0.2999239520330439;3.9946507442857624
566;-0.8877219027639828;-0.30293317420314275;3.9872941962513093
567;-0.8809872244226109;-0.30611975022580507;3.980893957279498
568;-0.8738715920898221;-0.30949042126936877;3.9746220365988143
569;-0.8663632393075569;-0.31305148329468824;3.966829620538085
570;-0.8584517057217107;-0.31680869524343863;3.961831882937518
571;-0.8501280471468577;-0.32076717988114845;3.9603936151530736
572;-0.8413850548134663;-0.3249313181856564;3.9586269221678907
573;-0.8322174801956529;-0.3293046386640323;3.9626325547247703
574;-0.822622260787718;-0.33388970349345354;3.9667763840657093
575;-0.8125987412045343;-0.33868799389842796;3.975854568784053
576;-0.8021488830693466;-0.3436997976790354;3.9879164857391327
577;-0.791277456373211;-0.3489241022696011;4.0065640714567525
578;-0.779992204398346;-0.35435849710756184;4.035904428776854
579;-0.768303973953085;-0.35999908939723824;4.0751575298687905
580;-0.7562268026338389;-0.3658404375272549;4.091446452048161
581;-0.7437779551771061;-0.3718755064045133;4.116897645037594
582;-0.730977901758208;-0.3780956487606043;4.089850222043234
583;-0.7178502323879635;-0.3844906160298824;4.0892764220993465
584;-0.7044215033834127;-0.3910486016623911;4.1002562240856175
585;-0.6907210142318052;-0.397756318708166;4.126570563900445
586;-0.6767805159574284;-0.4045991122091197;4.162773382733479
587;-0.6626338552003503;-0.4115611054150624;4.170421264165043
588;-0.648316561414207;-0.4186253771994384;4.207962213327061
589;-0.6338653876076192;-0.42577416643268884;4.229357580818715
590;-0.6193178175502347;-0.43298909766628385;4.238565712163493
591;-0.6047115539624748;-0.44025142151175006;4.244114970066517
592;-0.5900840025531612;-0.44754226279159803;4.224207966967835
593;-0.5754717656456035;-0.4548428700540426;4.20445436384304
594;-0.5609101566341427;-0.4621348613709484;4.187254471234882
595;-0.5464327432217989;-0.46940046317142564;4.1792448212129205
596;-0.5320709244602603;-0.4766227405180684;4.170480740361964
597;-0.5178535455812936;-0.48378581773599916;4.180057773376008
598;-0.5038065566797247;-0.49087508680440717;4.191900078640279
599;-0.48995272607509716;-0.4978773974526114;4.14998364368619
600;-0.4763114234438414;-0.5047812191347715;4.126573106413029
601;-0.46289848611023754;-0.5115767640996874;4.11387445570544
602;-0.44972616973758056;-0.5182560654261219;4.110458320036095
603;-0.43680316282445397;-0.5248130142470064;4.111540526749914
604;-0.42413462056344375;-0.531243372842444;4.094935148910365
605;-0.41172216096109615;-0.53754478871337;4.097084281734798
606;-0.3995637826451005;-0.5437168318420353;4.11548420597698
607;-0.3876537338786736;-0.5497610542590728;4.145561554214682
608;-0.3759825109767304;-0.5556810172523395;4.19974779845587
609;-0.36453738032351446;-0.561482142810268;4.213703141502381
610;-0.3533039757234918;-0.5671711515783321;4.269181389762668
611;-0.34226935009566833;-0.5727548509308618;4.34740114828105
612;-0.3314261454579397;-0.5782382782030283;4.3945728862696685
613;-0.3207765203930666;-0.5836226827126728;4.469796510549075
614;-0.31033387838219206;-0.5889042114857663;4.537181757816052
615;-0.3001210237081329;-0.5940740227704135;4.588308043262892
616;-0.2901651817728375;-0.5991198958638381;4.641798513783232
617;-0.2804923034596933;-0.6040286892046066;4.699098138233879
618;-0.27112359780547907;-0.6087885988641338;4.742580849281578
619;-0.2620753764832484;-0.6133902565110791;4.81058163514072
620;-0.2533605860607241;-0.6178264807006763;4.887927440679889
621;-0.24498996735854117;-0.622091508230764;4.966244105888202
622;-0.23697240039809864;-0.6261805527693038;5.057273213061814
623;-0.22931512442073537;-0.6300897166405888;5.164902380651705
624;-0.22202459688805848;-0.6338158066757866;5.273224622547793
625;-0.21510822993400247;-0.637355689591453;5.377237053395918
626;-0.20857646121371964;-0.6407051901455427;5.469577983851582
627;-0.20244421358550696;-0.6438579531044314;5.6217210008109815
628;-0.19673113387957708;-0.6468048113817421;5.655641790772964
629;-0.1914606165935705;-0.6495339216621091;5.727527648398661
630;-0.18665802101803586;-0.6520315618665165;5.800450779844315
631;-0.18234864220818175;-0.6542832839642477;5.647216469369859
632;-0.17855597142625762;-0.6562750754457806;5.529517040362112
633;-0.175300602446484;-0.6579942496295319;5.463897799647973
634;-0.17259987489682693;-0.6594299229769791;5.453913024456927
635;-0.170468113675233;-0.6605730889217619;5.466897304526356
636;-0.1689172071296428;-0.6614164022853486;5.513917465989814
637;-0.1679572705032637;-0.6619538230517266;5.575356833414758
638;-0.16759721802727856;-0.6621802478416208;5.655997170084835
639;-0.1678451617290564;-0.6620912106497017;5.756223002225628
640;-0.16870862978906587;-0.6616826859539258;5.879806874192863
641;-0.1701946382317242;-0.6609509916437544;6.041020944322493
642;-0.1723096610913153;-0.659892770702553;6.267532874313467
643;-0.17505953801380458;-0.6585050263092962;6.516424874207794
644;-0.17844934596404477;-0.6567851889930992;6.9136075322283315
645;-0.18248325033550972;-0.6547312011638897;7.694063190534978
646;-0.18716434303353047;-0.6523416103766934;8.077139175499706
647;-0.1924944711075095;-0.6496156667719577;7.541669193058107
648;-0.1984740582655311;-0.6465534222631353;6.7022347384372125
649;-0.2051019220087183;-0.643155829733332;6.291185385718808
650;-0.21237509030715607;-0.6394248403368146;6.004351080255639
651;-0.22028862313328318;-0.635363496438508;5.784048389737406
652;-0.2288354454333847;-0.6309760170743578;5.5986994664282514
653;-0.23800619906111914;-0.6262678722643229;5.439115557664572
654;-0.24778912171048018;-0.6212458421657996;5.30330434314421
655;-0.2581699609062975;-0.6159180569765104;5.185141781822961
656;-0.2691319305999951;-0.6102940137133537;5.079244003672918
657;-0.28065571686048313;-0.6043845665182734;4.983191917870078
658;-0.29271953754878105;-0.5982018879694309;4.896497145216699
659;-0.30529925875389;-0.5917593999849196;4.8184303402036575
660;-0.3183685682125146;-0.5850716742573339;4.745093665749731
661;-0.33189920304208675;-0.57815430369137;4.6785138784222875
662;-0.3458612260302843;-0.5710237479529968;4.6199086367205835
663;-0.360223341628063;-0.5636971578780848;4.5694793992991505
664;-0.3749532399003957;-0.5561921850167154;4.523388216340524
665;-0.3900179542313855;-0.5485267838830732;4.484453508641434
666;-0.4053842167914995;-0.5407190154170254;4.447245723809956
667;-0.4210187948689783;-0.5327868606297161;4.409644275662236
668;-0.4368887913195767;-0.5247480533117685;4.378427174519805
669;-0.4529618937076801;-0.5166199399731085;4.353083314193682
670;-0.4692065592232739;-0.5084193738475987;4.332952184116823
671;-0.48559212608552393;-0.5001626478763862;4.318021684616096
672;-0.502088846698031;-0.4918654691823248;4.31444956588499
673;-0.5186678430062576;-0.48354297482148256;4.31369675113448
674;-0.5353009899351838;-0.47520978575270373;4.316156807116384
675;-0.5519607380024655;-0.4668800932404044;4.320684785890171
676;-0.5686198907388991;-0.4585677695460415;4.326001844231323
677;-0.5852513559691817;-0.45028649299722745;4.319666480368728
678;-0.6018278919693206;-0.44204987652824684;4.327193758044895
679;-0.6183218698218177;-0.43387158866460396;4.341229130960206
680;-0.6347050719088739;-0.4257654566885741;4.353745841066066
681;-0.6509485435717566;-0.41774554328751984;4.3736346655868275
682;-0.6670225108375245;-0.4098261901821071;4.398743881343869
683;-0.6828963722065021;-0.40202202482474303;4.424972329940566
684;-0.6985387672959267;-0.3943479289879686;4.45957015574602
685;-0.7139177201293629;-0.38681897067043425;4.502718291455094
686;-0.7290008504617956;-0.3794503030143871;4.547179732551868
687;-0.7437556430403494;-0.3722570356925697;4.598653343326429
688;-0.7581497622904319;-0.3652540853955408;4.6594605857996845
689;-0.7721513986233746;-0.3584560126172016;4.730294672408478
690;-0.7857296323036567;-0.3518768519448006;4.814933968251188
691;-0.7988548014228889;-0.34552994260662856;4.917476505722796
692;-0.8114988617819863;-0.33942776524183105;5.038825151988152
693;-0.8236357281417301;-0.3335817898681161;5.180645361188318
694;-0.8352415881367856;-0.32800233896350944;5.353262177339335
695;-0.8462951819667619;-0.3226984685560177;5.555996206533907
696;-0.8567780426391801;-0.3176778693087339;5.833163463882509
697;-0.8666746929608311;-0.3129467888433752;6.190279885897079
698;-0.8759727966309023;-0.3085099759747096;6.7144056554548905
699;-0.884663261705501;-0.30437064711674994;7.166612811331923
700;-0.8927402954384513;-0.30053047483246353;7.831822036535264
701;-0.9002014101365972;-0.2969895982848628;6.627437029878486
702;-0.907047380279995;-0.2937466551590893;6.104371110616974
703;-0.9132821518167618;-0.29079883442008414;5.77905826130925
704;-0.918912705291948;-0.28814194901879225;5.543573835780025
705;-0.923948875322774;-0.28577052734874986;5.360699710273051
706;-0.9284031298698023;-0.28367792188859664;5.21542923262235
707;-0.9322903137298271;-0.2818564330638714;5.097471497587017
708;-0.9356273616261133;-0.2802974459538566;4.992619305470395
709;-0.9384329871223193;-0.27899157709202954;4.9027329862843025
710;-0.9407273542665249;-0.2779288282980046;4.829100826832427
711;-0.9425317393215793;-0.2770987442655909;4.7656696325370556
712;-0.9438681901170256;-0.2764905705381798;4.711211730866517
713;-0.9447591904472197;-0.2760934085404285;4.661159932019086
714;-0.9452273365460168;-0.27589636450402855;4.617771712092651
715;-0.9452950320166554;-0.27588868941431177;4.581522078701109
716;-0.9449842067308458;-0.2760599074942373;4.548654701313568
717;-0.9443160641893;-0.2763999312069382;4.51827490087269
718;-0.9433108607190117;-0.27689916126906244;4.485802032924048
719;-0.9419877187325814;-0.27754857069513816;4.457171772809796
720;-0.9403644751494553;-0.2783397724111427;4.4376506569011225
721;-0.9384575650271773;-0.279265070459768;4.418074588924622
722;-0.9362819395117568;-0.28031749525232597;4.401824571446868
723;-0.9338510164169822;-0.2814908236896988;4.390084833288531
724;-0.9311766610988215;-0.2827795852696514;4.379027209373732
725;-0.928269194808321;-0.2841790555178515;4.370963783558436
726;-0.9251374273804831;-0.2856852382266417;4.364887356558382
727;-0.9217887109370091;-0.2872948380641762;4.360233923283059
728;-0.9182290112310358;-0.28900522513458127;4.360397093916693
729;-0.914462993323043;-0.29081439303641654;4.36270806486684
730;-0.910494118427623;-0.29272091189173;4.362553546099049
731;-0.9063247489900308;-0.29472387771145764;4.360215391104817
732;-0.9019562593188903;-0.2968228593342229;4.3600269359643065
733;-0.8973891493988061;-0.2990178440334218;4.365392309353912
734;-0.8926231598178864;-0.3013091827394443;4.371644689645537
735;-0.8876573860565202;-0.30369753567631236;4.37726018316762
736;-0.8824903906847288;-0.3061838190699394;4.387527604479698
737;-0.8771203122972506;-0.3087691534526616;4.397638727895321
738;-0.8715449702729665;-0.31145481396814934;4.407242710046591
739;-0.8657619646741279;-0.31424218297418083;4.418838063606287
740;-0.8597687707997798;-0.31713270514872716;4.433988366207337
741;-0.8535628280762542;-0.3201278452274034;4.447064320270193
742;-0.8471416231066933;-0.3232290484372455;4.466047319010516
743;-0.8405027668132345;-0.32643770364177127;4.47674811357172
744;-0.8336440656921391;-0.3297551091743063;4.492037559730695
745;-0.8265635872668357;-0.333182441309098;4.50806520844737
746;-0.8192597198694429;-0.33672072530120745;4.520195687138842
747;-0.8117312269110669;-0.3403708089151555;4.537522624878072
748;-0.8039772958176582;-0.34413333835726856;4.562827924482994
749;-0.7959975818141201;-0.3480087365264932;4.58909436091199
750;-0.7877922467366532;-0.3519971835018751;4.616214931321328
751;-0.7793619930437783;-0.3560985991912592;4.6422762399970114
752;-0.7707080931811874;-0.3603126280743686;4.663700937594055
753;-0.7618324144355525;-0.3646386259838691;4.687649157988582
754;-0.7527374393881072;-0.36907564888019573;4.700742012797241
755;-0.7434262820509205;-0.3736224435896204;4.708539132519269
756;-0.7339026997379297;-0.3782774404901861;4.725066505074029
757;-0.7241711006903698;-0.38303874814646655;4.7270557499286285
758;-0.7142365474440246;-0.3879041499109203;4.73938503360675
759;-0.7041047558967519;-0.3928711025260704;4.74990419102226
760;-0.6937820900127868;-0.3979367367759823;4.758872270470757
761;-0.683275552089966;-0.40309786024561095;4.7696008056922174
762;-0.672592768522069;-0.40835096224997747;4.782764277858637
763;-0.661741971015153;-0.4136922209891435;4.804095567027579
764;-0.650731973266835;-0.4191175129674187;4.823098392053565
765;-0.6395721431909946;-0.4246224246849443;4.844780686879444
766;-0.6282723708641881;-0.4302022665668154;4.864927468609663
767;-0.6168430324775578;-0.43585208904148776;4.898359944862496
768;-0.6052949506892698;-0.4415667006202424;4.9286428232299055
769;-0.593639351875984;-0.44734068776865066;4.942816105969863
770;-0.581887820865883;-0.4531684363057593;4.932789638378881
771;-0.5700522537904477;-0.4590441540233749;4.909888599043084
772;-0.5581448097113456;-0.46496189419170747;4.884779352714161
773;-0.5461778616606661;-0.4709155796115177;4.864649362492642
774;-0.5341639476800984;-0.47689902688770525;4.831083888222469
775;-0.5221157223641446;-0.4829059706325942;4.799553637066212
776;-0.5100459093131543;-0.488930087355462;4.772354005667942
777;-0.49796725479398957;-0.49496501885221506;4.747785882261734
778;-0.4858924827997811;-0.501004394969966;4.733834332797821
779;-0.47383425160448644;-0.5070418556794503;4.68890601378692
780;-0.4618051118312605;-0.513071072438306;4.6416343253150085
781;-0.4498174660022267;-0.519085768865701;4.599593483333984
782;-0.4378835295158843;-0.5250797407699798;4.56312052731136
783;-0.42601529300936825;-0.5310468755738292;4.5310288651470385
784;-0.41422448610485996;-0.5369811711654632;4.499425632498826
785;-0.40252254260808995;-0.5428767541711543;4.47266763270241
786;-0.3909205673130512;-0.5487278975982651;4.44556831317098
787;-0.37942930465867186;-0.5545290377445113;4.419624926836578
788;-0.36805910956598054;-0.5602747902166804;4.39789033230792
789;-0.35681992084435277;-0.5659599648582605;4.377161649246029
790;-0.3457212375808216;-0.5715795793580972;4.354614636849826
791;-0.3347720989095229;-0.5771288713067044;4.3303725619143325
792;-0.32398106749706435;-0.5826033084856921;4.3050098520227635
793;-0.31335621697577015;-0.5879985972187283;4.278389791431381
794;-0.3029051234169894;-0.5933106886758157;4.255930106357368
795;-0.2926348607694067;-0.5985357831019344;4.23237168892022
796;-0.2825520000024657;-0.6036703320297081;4.2085772884238
797;-0.27266261150481386;-0.6087110386280496;4.18340335500145
798;-0.2629722701076286;-0.6136548564276426;4.162297229789485
799;-0.2534860619548733;-0.6184989867420176;4.140642414874175
800;-0.24420859235720632;-0.6232408751594468;4.116995814163728
801;-0.23514399378163514;-0.627878207502234;4.0919035604067
802;-0.22629593328400371;-0.6324089056198224;4.065057781039972
803;-0.21766761901648218;-0.6368311232845583;4.0393165888505305
804;-0.2092618059404175;-0.641143242283766;4.012238529369538
805;-0.20108080151066798;-0.6453438685522271;3.9877613912805825
806;-0.19312647278405115;-0.6494318278875417;3.959896757176082
807;-0.18540025701715984;-0.6534061604813297;3.9337025842315367
808;-0.17790317821383683;-0.6572661132411264;3.9046244956836937
809;-0.17063587214369996;-0.6610111287336665;3.8832572717387737
810;-0.1635986220271307;-0.6646408295955228;3.8649964331463007
811;-0.15679140641255523;-0.6681549974433441;3.844143948742722
812;-0.1502139598934592;-0.6715535456411474;3.823609210074634
813;-0.14386584642465539;-0.6748364856750897;3.8060066930089373
814;-0.13774654430453098;-0.678003887254658;3.782296740941334
815;-0.1318555415491019;-0.6810558325155178;3.7611005739211505
816;-0.12619244046237227;-0.683992364784223;3.7364556775624775
817;-0.12075707067639307;-0.6868134322617749;3.7167693565474407
818;-0.11554961068629771;-0.68951882671655;3.6940404650137744
819;-0.11057071879508773;-0.6921081169029198;3.667996056925344
820;-0.105821675264067;-0.6945805760075292;3.6502264158688793
821;-0.10130453822072066;-0.6969351020351964;3.629589323209764
822;-0.09702231642839415;-0.6991701297313238;3.6053454426379328
823;-0.0929791623277495;-0.7012835324334148;3.5873516532799474
824;-0.08918058879363;-0.7032725121738707;3.5732029594974763
825;-0.08563371278611276;-0.7051334764415227;3.561008204897878
826;-0.08234752846649745;-0.706861900275445;3.5470194373698574
827;-0.07933321132032883;-0.7084521728515315;3.5357429902700317
828;-0.07660445326333232;-0.7098974284864139;3.5239441375952043
829;-0.07417782644727389;-0.7111893631004196;3.508248517439801
830;-0.07207317034597788;-0.7123180387413557;3.493568632131383
831;-0.07031399249718367;-0.7132716808681666;3.4804974935848665
832;-0.06892786784463323;-0.714036475806566;3.466316751933671
833;-0.06794681490800558;-0.7145963791489653;3.456588273049163
834;-0.06740761913139631;-0.7149329498180204;3.445220526177371
835;-0.0673520651547369;-0.7150252288367787;3.439473036838183
836;-0.06782703127767209;-0.7148496861235513;3.4282142547498116
837;-0.06888439244376987;-0.7143802621633262;3.423437545159048
838;-0.07058067463626166;-0.7135885332196299;3.422695625883864
839;-0.07297640606441463;-0.7124440276371518;3.4246643595448334
840;-0.0761351214336114;-0.7109147154944897;3.42038392167831
841;-0.08012199686881111;-0.7089676834226156;3.4221640090374494
842;-0.0850021251920583;-0.7065699905430469;3.421765354326668
843;-0.09083848238888581;-0.7036896810961528;3.423572072950385
844;-0.0976896814931803;-0.700296906755207;3.4289456350687093
845;-0.10560765237680098;-0.6963650905114125;3.435319195615974
846;-0.1146354162784966;-0.6918720487160656;3.443579305981468
847;-0.12480513439849278;-0.6868009823312943;3.4554464198647166
848;-0.13613659584045473;-0.6811412550162481;3.465290429391818
849;-0.14863627192203638;-0.6748888942373644;3.481332039226816
850;-0.16229700693889393;-0.6680467794339517;3.496941305972709
851;-0.17709834916842476;-0.6606245138197526;3.502189318188195
852;-0.1930074608174292;-0.6526380084539103;3.5163840841718663
853;-0.20998049106996935;-0.644108834187816;3.5303969499572356
854;-0.22796425876013204;-0.63506341584589;3.5480940767997913
855;-0.24689807343739245;-0.625532152064036;3.5688079629109675
856;-0.2667155256841589;-0.615548543574143;3.5868008944075878
857;-0.28734609732625704;-0.6051484033964987;3.613588383664021
858;-0.308716476141667;-0.5943692060322113;3.6483058863883464
859;-0.33075150348924753;-0.5832496113778998;3.6724724733578515
860;-0.35337473206238773;-0.5718291750464237;3.7077174787645633
861;-0.37650861948221676;-0.5601482326276792;3.7438410968872313
862;-0.400074426379729;-0.5482479238355711;3.7874503724992703
863;-0.42399192009768427;-0.5361703060196712;3.8349633449926923
864;-0.4481790033701772;-0.5239584972612943;3.8823570431381738
865;-0.4725513892569837;-0.5116567884297671;3.9355676512343147
866;-0.49702242942097213;-0.49931067113846594;3.99892513241857
867;-0.5215031751691382;-0.48696674317323796;4.080312850097877
868;-0.5459027143492948;-0.47467247215704367;4.152194322817376
869;-0.570128788514623;-0.46247581866872745;4.210563973852664
870;-0.5940886603921351;-0.4504247382206374;4.266496582310334
871;-0.6176901771911483;-0.43856659432258077;4.277168186635397
872;-0.6408429637952452;-0.42694752039261896;4.231272123124541
873;-0.6634596811974418;-0.41561176640537734;4.206846458178505
874;-0.685457296010575;-0.40460105884181125;4.2165017814053725
875;-0.7067583202893077;-0.39395399329855724;4.214528506069312
876;-0.7272919904895345;-0.38370547205196315;4.209629918099665
877;-0.746995355745856;-0.3738861967752489;4.214469058496942
878;-0.7658142389855044;-0.36452222973654513;4.2207923194555335
879;-0.7837040246830733;-0.35563464263672495;4.212983010408556
880;-0.8006302214470046;-0.3472392767269158;4.193301010250009
881;-0.8165687516932665;-0.3393466374726568;4.180597730021909
882;-0.8315059357796915;-0.33196194050317496;4.17768619425718
883;-0.8454381611938995;-0.3250853141425506;4.189315882224567
884;-0.8583712533478995;-0.3187121503336324;4.201463153671058
885;-0.8703195879127656;-0.31283358332686806;4.212983780228525
886;-0.8813050018023574;-0.3074370663419823;4.243545378514453
887;-0.8913555694131058;-0.3025070114839675;4.281145038720327
888;-0.9005043128112632;-0.2980254573798297;4.333776609087756
889;-0.9087879105104621;-0.29397273151710307;4.383615159862231
890;-0.9162454609656097;-0.29032807908995517;4.457195389851388
891;-0.9229173455810031;-0.28707023631179707;4.498980074870688
892;-0.9288442233581197;-0.2841779328168851;4.516551428241094
893;-0.9340661765154711;-0.28163031432094676;4.530150114086698
894;-0.9386220144807811;-0.27940728268632137;4.5475747255093655
895;-0.9425487333291203;-0.27748975562459294;4.531258300215979
896;-0.9458811195244977;-0.27585985226996823;4.533175027101814
897;-0.9486514809717799;-0.274501013677093;4.53990422415691
898;-0.9508894849027569;-0.27339806894772367;4.5693993916472095
899;-0.9526220807763397;-0.2725372582800696;4.563572580381966
900;-0.9538734867577068;-0.27190622395561664;4.551472670129306
901;-0.9546652199313662;-0.27149397938458697;4.513580922480281
902;-0.9550161526290872;-0.27129086511153966;4.4520730411211495
903;-0.9549425795471584;-0.2712884994377139;4.4087562491906835
904;-0.9544582821393777;-0.27147973035059586;4.383363727977014
905;-0.9535745775682964;-0.2718585950720731;4.368714179771874
906;-0.9523003387583641;-0.2724202940594006;4.359662043615133
907;-0.9506419693722388;-0.2731611880158611;4.364277552719731
908;-0.9486033126624829;-0.2740788295697521;4.387531839682121
909;-0.9461854667984415;-0.27517204555801167;4.41368916594191
910;-0.9433864740272078;-0.2764410901868615;4.455578683695868
911;-0.9402008532642234;-0.2778878908445905;4.526042085375266
912;-0.9366189678225694;-0.2795164013000481;4.622807967567967
913;-0.9326262811884705;-0.28133305230470584;4.701085785865072
914;-0.9282026736422606;-0.2833472361526097;4.774535302051104
915;-0.9233221663672018;-0.2855716735485263;4.875727721212586
916;-0.917953548582261;-0.28802240519501;4.987093326183261
917;-0.912062339490358;-0.29071809530935466;5.112693622981234
918;-0.9056140501636376;-0.29367845607425935;5.246456409041547
919;-0.8985779405414032;-0.2969219893018743;5.407591038451712
920;-0.8909299039691737;-0.3004637493927883;5.6006795469792
921;-0.882653257962455;-0.3043140622693463;5.906037864248293
922;-0.873737086331724;-0.3084788038541164;6.291519293486535
923;-0.8641729109394265;-0.31296110760977713;6.074984056054874
924;-0.8539512197675374;-0.31776370057152714;5.973656040484965
925;-0.8430592582405294;-0.32289087075548917;5.94699398408788
926;-0.8314806407584986;-0.3283494134910516;5.946561466895971
927;-0.8191964516444978;-0.33414848230074523;5.948714082829187
928;-0.8061871354602452;-0.3402986857520972;5.923714057007777
929;-0.792434610232609;-0.34681086177069786;5.915444901872522
930;-0.7779243238215906;-0.35369483065310664;5.822016950357228
931;-0.762647147293628;-0.36095826602611525;5.742438558319006
932;-0.7466010222277311;-0.3686057359860455;5.682998258927478
933;-0.7297922451047374;-0.3766379511627154;5.6284164634716305
934;-0.712236274101931;-0.3850512590900078;5.57105968431609
935;-0.6939580114390664;-0.39383740436955417;5.529766549335029
936;-0.6749916163532086;-0.402983529739572;5.492722596610091
937;-0.6553799824746247;-0.4124723513657147;5.452058955761421
938;-0.635174030570028;-0.4222824292152947;5.431314601154549
939;-0.6144319288915204;-0.4323884733106473;5.427540381981734
940;-0.5932182944275634;-0.442761660398041;5.41594029338323
941;-0.5716033822862329;-0.45336996255592626;5.4067150610920995
942;-0.5496622494887797;-0.4641785008202474;5.417555414912843
943;-0.5274738787839414;-0.4751499354968664;5.421786780826732
944;-0.5051202571244299;-0.48624489713686664;5.416935094345569
945;-0.4826854134678382;-0.49742245406194585;5.420206235490078
946;-0.46025442735431144;-0.5086406071237667;5.435944694877817
947;-0.4379124230409963;-0.5198568006487709;5.451250845405049
948;-0.4157435655945183;-0.5310284390156855;5.467465812938467
949;-0.3938300768719448;-0.5421133992953664;5.512074935044528
950;-0.3722512910821477;-0.5530705307444603;5.561078754499037
951;-0.3510827707748808;-0.5638601316178781;5.577142809969017
952;-0.33039550354045133;-0.5744443934008889;5.588514648463848
953;-0.3102551968692089;-0.5847878029024643;5.620328337283987
954;-0.2907216838340352;-0.5948574940584126;5.66070254111744
955;-0.27184844647018647;-0.6046235436288201;5.694566499821884
956;-0.2536822580500808;-0.6140592077709632;5.730162379488932
957;-0.2362629407683523;-0.6231410991854495;5.770497858314744
958;-0.21962323212787027;-0.631849306753026;5.782495797064326
959;-0.20378875160341992;-0.6401674610926653;5.7724847681445235
960;-0.18877805871600045;-0.6480827502614688;5.761964724319299
961;-0.17460279408550505;-0.655585890003096;5.751680131717623
962;-0.1612678959199904;-0.6626710527208157;5.761858514620339
963;-0.1487718853706177;-0.6693357589054552;5.751940781108001
964;-0.13710721494805128;-0.6755807342668972;5.744893401674301
965;-0.12626067458334078;-0.6814097354377721;5.752848645981874
966;-0.11621384985201005;-0.6868293469260094;5.780431509287742
967;-0.10694362638634874;-0.691848752025592;5.773945545061388
968;-0.09842273366905341;-0.6964794806423811;5.747365115256638
969;-0.09062032037269452;-0.700735137409755;5.730354490936878
970;-0.08350255234512044;-0.7046311139868268;5.721702991482956
971;-0.07703322340367852;-0.7081842899692787;5.707185652155553
972;-0.0711743684309124;-0.7114127273172044;5.692552795368773
973;-0.06588686796725607;-0.7143353635451145;5.678668682419524
974;-0.061131033633081255;-0.7169717090726184;5.671136517282596
975;-0.05686716429870914;-0.7193415540693702;5.664047073087455
976;-0.053056063928603736;-0.721464689837042;5.662308262446799
977;-0.04965951339141217;-0.7233606492681643;5.657931326865557
978;-0.04664069016264716;-0.7250484702389894;5.65423579869982
979;-0.04396453164879455;-0.7265464849752251;5.659171055963096
980;-0.04159803972599008;-0.7278721375271932;5.661015400060716
981;-0.03951052591342408;-0.7290418305574828;5.663939103646975
982;-0.03767379830682266;-0.7300708017289348;5.668607841032867
983;-0.03606229291323937;-0.7309730291267653;5.671647630834758
984;-0.03465315330733593;-0.7317611643892635;5.6729205950462624
985;-0.033426263545376034;-0.7324464915806356;5.670497229394669
986;-0.032364240016641954;-0.7330389093306526;5.672194167733522
987;-0.03145238839049613;-0.7335469333930559;5.675362145599968
988;-0.030678632049720878;-0.7339777165350286;5.676159121563886
989;-0.03003341841484719;-0.7343370825536155;5.681721810181857
990;-0.029509609392817993;-0.7346295712082153;5.689035244445873
991;-0.02910236186139431;-0.7348584909446649;5.697730639722011
992;-0.028809003663314237;-0.7350259764486162;5.7087233414073655
993;-0.028628910063677127;-0.7351330482865319;5.7178704857947
994;-0.028563385049623802;-0.7351796721555239;5.7271646822176665
995;-0.028615551248240723;-0.7351648155539113;5.743669246337188
996;-0.02879025162692339;-0.7350864999905433;5.757506515703019
997;-0.02909396553568816;-0.7349418471625614;5.7721422848619195
998;-0.029534741064953907;-0.7347271178407544;5.787315399873165
999;-0.030122145131417533;-0.7344377425035492;5.805098151726089
1000;-0.03086723217307119;-0.734068343051733;5.824604089165852
