0;-0.3470886112209445;-0.5246947034849694;2.8286901160132016
1;-0.36830140213647;-0.5205903148747032;2.8200638134827796
2;-0.3898703606312539;-0.5163764304539442;2.8350276134680246
3;-0.41165420603071445;-0.5121147072097125;2.8723973250808537
4;-0.4335316864586816;-0.5078654178171411;2.9375353139585
5;-0.4554004302278654;-0.5036850353006546;3.055145092993373
6;-0.47715645446629895;-0.4996267865356915;3.207081395482015
7;-0.4986866131336166;-0.49574458367737184;3.235175893061525
8;-0.5198737048072862;-0.49209320887763375;3.184639962522482
9;-0.540602445204655;-0.4887260034414046;3.160304813250646
10;-0.5607631312947721;-0.4856925752723045;3.1560927138570682
11;-0.5802536590342832;-0.4830375895020871;3.203806614336334
12;-0.5989810703184202;-0.4808001363203154;3.3253540591726183
13;-0.6168633751746937;-0.4790130108195598;3.307884814558168
14;-0.6338317386251705;-0.4777017520649971;3.2515738939560963
15;-0.6498327277718867;-0.4768835954842183;3.259331025242924
16;-0.6648302260266733;-0.4765665543087917;3.2516870462595473
17;-0.6788066207529055;-0.47674884024539976;3.29464498439515
18;-0.6917628893415558;-0.4774188196382907;3.4202364458181704
19;-0.7037173654333724;-0.47855562394903717;3.3692495233388384
20;-0.7147033451401089;-0.4801303476192892;3.563727495250809
21;-0.7247661175456783;-0.4821075541312978;3.3661233378212723
22;-0.7339601235075306;-0.484446745110762;3.3613259875373482
23;-0.7423466506546748;-0.48710358704559953;3.3414323112980813
24;-0.7499920501761406;-0.490030896576123;3.3566257912256154
25;-0.7569662378765094;-0.49317949703135555;3.34414256964951
26;-0.7633412643373372;-0.49649905014129747;3.310836253039777
27;-0.7691898667254584;-0.49993890511314787;3.275884021694267
28;-0.7745840260390846;-0.5034489525556773;3.2105861021824604
29;-0.7795936085855348;-0.5069804431760647;3.1849064847344595
30;-0.7842851774366657;-0.5104867271072633;3.179321002337458
31;-0.78872103786638;-0.5139238798464396;3.2006507893335296
32;-0.7929585465641694;-0.517251197239007;3.287286638119084
33;-0.7970496791161266;-0.5204315591920459;3.191555676560217
34;-0.801040821496219;-0.5234316760858964;3.164327654522469
35;-0.8049727337470779;-0.5262222408361357;3.1331924461321417
36;-0.8088806294452743;-0.528778012239421;3.1363839619574163
37;-0.8127943219370986;-0.5310778519600918;3.1377164543971117
38;-0.8167384040995291;-0.5331047299326108;3.1669374817219396
39;-0.8207324470280714;-0.5348457037560863;3.173857109520841
40;-0.8247912186294794;-0.5362918698664565;3.2078745596796066
41;-0.8289249312114279;-0.5374382802062192;3.048897865113077
42;-0.8331395266323487;-0.5382838184738026;2.98911831554933
43;-0.8374370006596692;-0.53883103374285;2.955217663400698
44;-0.8418157591191235;-0.5390859341518863;2.950025345950518
45;-0.8462709911988933;-0.5390577474144953;2.9171659645479915
46;-0.8507950420500816;-0.5387586569564397;2.901500747770392
47;-0.855377767626379;-0.5382035225123813;2.940940649011907
48;-0.8600068582163032;-0.5374095926842306;2.8833542993747665
49;-0.8646681217481731;-0.5363962151142402;2.863161320655932
50;-0.8693457225507182;-0.5351845481751526;2.8796334560624604
51;-0.8740223753630254;-0.5337972766892729;2.9906582840789655
52;-0.8786794980573066;-0.532258333126655;2.8881924792085987
53;-0.8832973300314872;-0.5305926248185677;2.953739203946434
54;-0.8878550267378842;-0.5288257667701489;2.8355568162005342
55;-0.8923307442702394;-0.5269838185792872;2.740295446914067
56;-0.8967017309400742;-0.525093022830154;2.698747881916789
57;-0.9009444446738751;-0.5231795413365184;2.6689951010442403
58;-0.905034715091962;-0.5212691850595668;2.632092133905334
59;-0.9089479666559646;-0.5193871337187108;2.607868997420315
60;-0.9126595140309276;-0.517557642263507;2.5916188205899973
61;-0.9161449330680465;-0.5158037335310515;2.531991757395612
62;-0.9193805014020855;-0.5141468794366773;2.498018734063551
63;-0.9223436928346629;-0.5126066766214714;2.47685947358352
64;-0.9250137008900746;-0.5112005261642667;2.465132647648211
65;-0.9273719605275954;-0.5099433302509669;2.4637748342291967
66;-0.9294026339482009;-0.5088472210846569;2.492365223683852
67;-0.931093027184067;-0.5079213384136939;2.4639998254214737
68;-0.9324339085696167;-0.5071716716182889;2.461432429343282
69;-0.9334197076202844;-0.5066009803115441;2.4847636841271945
70;-0.9340485822781408;-0.5062088040695167;2.472262529754493
71;-0.9343223527058561;-0.5059915675358857;2.469752722088112
72;-0.9342463095720259;-0.5059427821139161;2.479486581485466
73;-0.9338289129658278;-0.5060533400847825;2.4986177139626915
74;-0.9330814039146844;-0.506311891569662;2.5292029641263367
75;-0.9320173535907698;-0.5067052896320542;2.5833510678580778
76;-0.9306521757637143;-0.5072190844783868;2.6322216845483144
77;-0.9290026263444977;-0.5078380447425215;2.7110074272051117
78;-0.9270863106755879;-0.5085466827553985;2.7067444704731773
79;-0.9249212153711635;-0.5093297617408665;2.7894532046262572
80;-0.9225252777709374;-0.5101727658061149;2.741044989584657
81;-0.9199160030007617;-0.5110623176397109;2.8191354311479477
82;-0.9171101364249697;-0.5119865328612103;2.744510985568452
83;-0.9141233976752194;-0.5129353030337165;2.861249493858017
84;-0.9109702808017883;-0.5139005015492838;2.6910230620997337
85;-0.907663922599091;-0.5148761096723866;2.670082306941036
86;-0.9042160371220096;-0.515858266645215;2.664972977422704
87;-0.9006369083224862;-0.5168452588986926;2.6543121085284045
88;-0.8969354238847588;-0.5178374753973275;2.683829836452729
89;-0.8931191213102647;-0.5188373606636566;2.713605208571605
90;-0.8891942059057034;-0.5198493861736599;2.722763980919384
91;-0.885165502923123;-0.5208800351195942;2.6894135457544626
92;-0.8810363391886544;-0.5219377696743132;2.670293880628358
93;-0.876808405251738;-0.523032947438315;2.6771088598317623
94;-0.8724816796244617;-0.5241776829882722;2.717694134651013
95;-0.868054462228;-0.5253856797894896;2.704237440585437
96;-0.8635234969394547;-0.5266720402605912;2.7081722532375263
97;-0.8588841370449586;-0.5280530003290955;2.711462966824704
98;-0.854130546877335;-0.5295454919380292;2.7572070443706282
99;-0.8492559908612896;-0.5311664668893058;2.8380669438481863
100;-0.8442532767537583;-0.5329320094319947;2.7792152214727284
101;-0.8391153763107679;-0.5348563606118202;2.773861206728478
102;-0.8338361791937224;-0.5369510098815844;2.7817580699326223
103;-0.8284112929280827;-0.5392239652806093;2.843952509927447
104;-0.8228388034217031;-0.5416792355609463;2.9624034346542203
105;-0.8171199446619481;-0.544316497346783;2.81869869475047
106;-0.8112596680816484;-0.547130897267315;2.7873488596019604
107;-0.8052671292828588;-0.5501129471942481;2.7857546140497806
108;-0.7991561073761236;-0.5532485017704581;2.8166237283436657
109;-0.7929453397292716;-0.5565188506440786;2.8111596845870768
110;-0.786658712074354;-0.5599009880351351;2.801598352450973
111;-0.7803252205639468;-0.5633681098365939;2.80194544639585
112;-0.773978635459627;-0.566890333558053;2.763059678224708
113;-0.7676568341782927;-0.5704355822639683;2.694861766905896
114;-0.7614008027540073;-0.5739705686126692;2.608773981745843
115;-0.7552533058200028;-0.5774618570557961;2.630766420763664
116;-0.7492572072895285;-0.580877003757414;2.6698714493310023
117;-0.7434534378427733;-0.5841856942552148;2.7371705186584827
118;-0.7378787208999926;-0.5873606197801937;2.548699793388142
119;-0.7325634213779504;-0.5903776981878988;2.4920963262592095
120;-0.7275301778356807;-0.5932153637999449;2.458771006443905
121;-0.7227940684004269;-0.5958530752815332;2.429320868331068
122;-0.7183647510925172;-0.598269653534219;2.4216155055632007
123;-0.714250456375817;-0.6004421421250077;2.333454169589976
124;-0.7104632587082556;-0.6023454587167723;2.293591203368039
125;-0.7070248429124792;-0.603952553863732;2.3103709081754347
126;-0.7039717301027841;-0.6052346456565401;2.304227091639066
127;-0.7013583455908876;-0.6061615484032553;2.298434316369738
128;-0.699255832012447;-0.6067027425479997;2.3312833046967505
129;-0.6977454588121768;-0.6068297607331173;2.312248159431601
130;-0.6969083290606303;-0.6065193271552973;2.2439524727454585
131;-0.6968155198301421;-0.6057556042418502;2.2476719353992807
132;-0.6975221871209902;-0.6045302348424949;2.1888860424162395
133;-0.6990665662972377;-0.6028401914839231;2.2157493394542187
134;-0.7014729298051767;-0.600684403103733;2.0856073463624063
135;-0.704756973200774;-0.5980603528631515;1.9987312705127158
136;-0.7089317454279107;-0.5949617897745526;1.966665044226951
137;-0.7140111501837474;-0.5913789319445841;1.960729966488032
138;-0.7200059446353426;-0.5873033401672841;2.0107482827304257
139;-0.7269081980125822;-0.5827389611547698;1.9626878482164032
140;-0.7346696273210217;-0.5777158454424739;2.0088432801199505
141;-0.7431845660852266;-0.5722998573263323;1.8944681663432716
142;-0.7522789625931996;-0.5665959776799009;1.8914154885538481
143;-0.7617008883722854;-0.560746217403324;1.964738054208375
144;-0.771114778727267;-0.554921759921394;1.9826303199922006
145;-0.7801117507088187;-0.5493073729480519;2.113414005082765
146;-0.7882512657886301;-0.5440771845117609;2.036226648101777
147;-0.7951319531583307;-0.5393662551271889;2.012475715595667
148;-0.8004531188345393;-0.5352517464011044;2.0721696552507174
149;-0.8040188762861007;-0.5317590096700011;2.1071112784114536
150;-0.8056920143430335;-0.5288873075580652;2.128093719014802
151;-0.8053581656928293;-0.5266290354630163;2.090840606061619
152;-0.8029298287902169;-0.5249700905306458;2.1895590967285137
153;-0.7983673139898978;-0.5238826691395457;2.0583672362620082
154;-0.7916915513580973;-0.523322465252605;2.0564778298925384
155;-0.7829831283421704;-0.5232322669324003;2.1108649322799806
156;-0.7723748106334265;-0.5235476720034781;2.171454113124031
157;-0.7600500237905463;-0.5241992016445762;2.1236802545094524
158;-0.7462541228838661;-0.5251081789310013;2.0624251926436488
159;-0.731309383638866;-0.5261804097121574;2.009657799387028
160;-0.7156156912606877;-0.5273055842137353;1.9547477620852258
161;-0.6996272838768882;-0.5283663753741586;1.9473419196294048
162;-0.683810776542725;-0.5292539157244347;1.9807865993441043
163;-0.6685983541364664;-0.529882521645133;1.9919011736078935
164;-0.6543491578813859;-0.5301986040079432;2.016588947458716
165;-0.6413255032717177;-0.5301838999404466;2.0951852660069403
166;-0.6296841272753049;-0.5298558214294392;2.189681427345389
167;-0.6194784190032762;-0.5292666794958208;2.1457943107185056
168;-0.6106660924366784;-0.5285020663522427;2.1882955125856665
169;-0.6031179873837214;-0.5276781556220996;2.2121375728638215
170;-0.5966266041812502;-0.5269375390222706;2.2814670967363093
171;-0.590916060941032;-0.5264431529255915;2.3524678383050617
172;-0.5856569380215109;-0.526369940831615;2.4594629275478708
173;-0.580488766538995;-0.5268941913412486;2.469903918276491
174;-0.575049539113053;-0.5281809974338367;2.3931287745190395
175;-0.5690075850555347;-0.5303710574134521;2.4697019341904083
176;-0.5620898462260477;-0.5335687407790312;2.554550121463697
177;-0.5541026128852522;-0.5378331524260374;2.6588789810723745
178;-0.5449431361894775;-0.5431728937341396;2.5815612152018765
179;-0.5346015303074455;-0.5495444645784249;2.5154146608474317
180;-0.5231533019376599;-0.556854124324998;2.469622935595275
181;-0.5107449177332206;-0.5649628575470933;2.4560879872216783
182;-0.49757731132433225;-0.5736935623853908;2.442939733116365
183;-0.48389264726846404;-0.5828392309653518;2.5100876261998275
184;-0.46996565056181855;-0.5921715920265459;2.524168338054014
185;-0.45609456543121124;-0.6014514696777133;2.526379784251833
186;-0.44258541311915656;-0.6104430470811621;2.5266777443944823
187;-0.4297295000199082;-0.6189321157260951;2.468813228979897
188;-0.41778130191775686;-0.6267445095654636;2.4465026203074065
189;-0.4069444978958932;-0.633759289563698;2.4104716922412774
190;-0.3973687991484546;-0.6399135008697248;2.349769571224797
191;-0.38915480343091985;-0.6451990350362689;2.3540217182542986
192;-0.38236156533437876;-0.64965438181347;2.4093118697347364
193;-0.3770121262276816;-0.6533543406709574;2.290124545385004
194;-0.3730954345834444;-0.6563998070801396;2.147561732727269
195;-0.3705671729725446;-0.6589080579438766;2.081030748421437
196;-0.3693539106497737;-0.6610024515784676;2.0577348431480145
197;-0.36936323640337676;-0.662800505057133;2.0510435339651103
198;-0.3704986286185501;-0.6644012288221379;1.9710889509239853
199;-0.372674567057289;-0.6658748228578538;1.8602664058940195
200;-0.37582691762741477;-0.6672581589986839;1.797536339664231
201;-0.379916181221829;-0.6685571681516371;1.764541076033742
202;-0.3849246847252534;-0.6697538986770544;1.7656458682847926
203;-0.39085033187892293;-0.6708143005380518;1.8371881295247694
204;-0.3976985661835702;-0.6716944336519575;1.8762585356588435
205;-0.40547311695726107;-0.6723460950207361;1.7814742144770626
206;-0.41416632012428334;-0.6727237239035896;1.7537492618951318
207;-0.4237501345750925;-0.6727924764676623;1.8483691920473513
208;-0.43416868786546853;-0.6725358667797375;1.7788989882851391
209;-0.44533290840030326;-0.6719615407667261;1.7980871161699685
210;-0.4571179491023557;-0.6711044560264884;1.8230018473095648
211;-0.46936434992399334;-0.6700271539850092;1.8591130662757376
212;-0.48188371790150303;-0.6688166723320773;1.8684695175184822
213;-0.49446912362277057;-0.6675770196617722;1.860571028604596
214;-0.5069097907679986;-0.6664162403280041;1.8898645706793014
215;-0.5190087945813551;-0.6654297542357513;1.8877689622996456
216;-0.5306011468710689;-0.6646851022359772;1.900636123962233
217;-0.5415688762966163;-0.6642127270780291;1.9290460092451789
218;-0.5518503860833733;-0.6640036383411122;1.9731221348407764
219;-0.5614428012302801;-0.6640125173301239;2.0697129069269975
220;-0.5703972731893912;-0.6641648871509295;2.1240868945336047
221;-0.5788080909963196;-0.6643674504389496;2.2181506298895446
222;-0.5867970679838599;-0.6645206058240742;2.2317693391268287
223;-0.5944949924619165;-0.6645316446609779;2.1655084804879947
224;-0.6020219377208351;-0.664326608396415;2.2763811301308237
225;-0.6094683569318063;-0.6638586777651029;2.3342682080164807
226;-0.6168795220342672;-0.6631117489944599;2.306480594104466
227;-0.6242461964137979;-0.6620995803562871;2.398158846461864
228;-0.6315032391849821;-0.6608624055619982;2.325157512251602
229;-0.6385356237710453;-0.6594628104667853;2.3769856994916614
230;-0.6451897979766738;-0.6579813843125244;2.527086744478212
231;-0.651288046895152;-0.6565117855488944;2.4935888367669414
232;-0.6566439418361056;-0.6551549529079985;2.4466504386242613
233;-0.6610774154862333;-0.6540126697945887;2.3140853139779933
234;-0.6644283037454277;-0.6531810189369838;2.250377918457466
235;-0.666567424899825;-0.6527443330312013;2.282389010524687
236;-0.6674045362469019;-0.6527701469392915;2.272832094195755
237;-0.6668928393628395;-0.6533054933253636;2.2883741810689697
238;-0.6650300444976565;-0.654374726552276;2.2783429285387484
239;-0.6618562852290921;-0.6559789428659328;2.33983874000869
240;-0.6574493687805057;-0.658096988031796;2.1835895290901224
241;-0.6519179729401963;-0.6606879802504687;2.150949038714245
242;-0.6453934863058108;-0.6636951935221664;2.1233087159779918
243;-0.6380212416617972;-0.6670510286218473;2.1335437780574864
244;-0.6299518969888609;-0.6706826579384209;2.1725072398978775
245;-0.621333659524479;-0.6745178017303501;2.257392646876476
246;-0.6123059268549039;-0.6784900185927765;2.335424754778564
247;-0.6029947505275519;-0.6825429048484604;2.4304053477966527
248;-0.5935103311861889;-0.6866327099129138;2.462391860352937
249;-0.5839465484501529;-0.6907290782729305;2.3870924772113202
250;-0.5743823332094522;-0.694813892722526;2.3797589163096866
251;-0.564884524677574;-0.6988784710235465;2.357823064118953
252;-0.5555117363686115;-0.7029196053988391;2.3155573904855
253;-0.5463186946360258;-0.7069350826507377;2.333583358963678
254;-0.5373605131949318;-0.7109193525992357;2.3843139356119725
255;-0.5286964215963545;-0.7148599243445527;2.375951132786864
256;-0.5203925612015279;-0.718734895778947;2.37059101061307
257;-0.5125235790279861;-0.7225118143530956;2.4923874662930405
258;-0.5051728674376321;-0.7261478786591219;2.4184727409770894
259;-0.4984314016010459;-0.7295913542390082;2.418994672327959
260;-0.4923952129806401;-0.732784000121507;2.4431857471613516
261;-0.4871616116423557;-0.7356642709899371;2.403503580116092
262;-0.4828243441496741;-0.7381710510068323;2.4165827716376356
263;-0.4794679567261888;-0.7402476696060996;2.3240751489291593
264;-0.4771617272630211;-0.7418459372841719;2.3454433550626943
265;-0.4759536254515649;-0.7429299221025905;2.242987195333246
266;-0.47586483813106595;-0.743479175366737;2.2482856613062756
267;-0.4768854313354659;-0.7434911215533069;2.211925042369202
268;-0.47897168790400785;-0.7429823650638729;2.2015807244088763
269;-0.4820455466600171;-0.7419887405528328;2.203201082266296
270;-0.4859963800451295;-0.74056404104816;2.1378071395840594
271;-0.4906851061488808;-0.7387774854858815;2.1246913722013914
272;-0.4959503810216545;-0.7367101128147002;2.094419672078188
273;-0.5016164098691408;-0.7344503879613159;2.1336179852825503
274;-0.5075017958380599;-0.7320893544410598;2.0715219135040885
275;-0.5134288303331443;-0.7297156619127989;2.0235652272011664
276;-0.519232696516873;-0.727410747629052;1.995332829489219
277;-0.5247701493703428;-0.7252443897761925;1.9692790537903
278;-0.5299272836636583;-0.7232708141065363;1.9454444466440446
279;-0.5346259655113349;-0.721525544698519;1.9217826448959119
280;-0.5388283989072342;-0.7200232384609847;1.9083064034940311
281;-0.542539198543508;-0.7187567944227999;1.9273996147288772
282;-0.5458043535524859;-0.717698027046249;2.0245778389474793
283;-0.5487066982573607;-0.7168000836500648;1.9983051496477198
284;-0.5513579978984934;-0.716001546520191;1.9472295154558383
285;-0.5538884309169261;-0.715231828258121;1.9510311429997071
286;-0.5564348900965113;-0.7144171508525461;1.9972819847970384
287;-0.5591298581701305;-0.7134862322261574;2.0347999072470526
288;-0.5620924568234352;-0.712374880876122;2.1317518761293797
289;-0.5654226558363838;-0.7110290038533249;2.1303680595243266
290;-0.5691988027313111;-0.7094059460710676;2.048901128755882
291;-0.5734778980940267;-0.7074744472340851;2.032624770617311
292;-0.5782976072897864;-0.7052137209173839;2.0611374127759188
293;-0.5836789122893176;-0.7026122039170825;2.080047730055
294;-0.5896284882330814;-0.6996664317116725;2.125970377587954
295;-0.5961402112505024;-0.696380330946193;2.207477788142086
296;-0.6031955545137591;-0.6927650391718557;2.2493973360004773
297;-0.6107629367709527;-0.6888392030239867;2.302597228877683
298;-0.618796319975492;-0.6846295864655704;2.276533576657639
299;-0.6272335062063156;-0.6801717447595921;2.3064566800649953
300;-0.635994668428755;-0.6755104844763762;2.366522055046582
301;-0.6449816756175306;-0.670699830490862;2.3373217627016176
302;-0.6540787435296284;-0.6658022549888406;2.4208517042937303
303;-0.6631548481937353;-0.6608869922268328;2.457280206322681
304;-0.6720681572994044;-0.6560273710633338;2.481378137119481
305;-0.6806724396039961;-0.6512972500352139;2.577602806964137
306;-0.6888250012722419;-0.6467668327932874;2.539209459070825
307;-0.6963952291057431;-0.6424983468317694;2.57452155773825
308;-0.7032724443543348;-0.6385422205056726;2.578035575322456
309;-0.7093717067341905;-0.6349343985301237;2.630745678930174
310;-0.7146366252407095;-0.6316952225495485;2.734922297220426
311;-0.7190390664188565;-0.6288299019811893;2.8678725260242803
312;-0.7225765278231966;-0.626330182956331;2.7511620859301638
313;-0.7252683818660737;-0.6241766134465959;2.744820626023443
314;-0.7271519836991126;-0.6223409002322853;2.7252767113932808
315;-0.7282790174700222;-0.6207881476068982;2.7544673207287267
316;-0.7287118876380656;-0.6194790421415545;2.8071971693727744
317;-0.7285197487367662;-0.6183721559243343;2.7470424333151033
318;-0.7277739083544745;-0.6174264782105883;2.7765086760192648
319;-0.7265426514176586;-0.6166041375619981;2.7676953961119835
320;-0.7248858300861849;-0.615873134812789;2.869137241835732
321;-0.722849736670283;-0.6152098253333302;2.8017852640422434
322;-0.7204628055713802;-0.6146008801662436;2.736478034281086
323;-0.7177326044242152;-0.6140445065512409;2.7328951705064193
324;-0.7146444230960252;-0.6135507949874104;2.720773475537215
325;-0.7111615975801745;-0.6131411578932942;2.6325713934688073
326;-0.7072275459657454;-0.6128469153988735;2.5889374242498424
327;-0.7027693615825983;-0.6127071559085339;2.581629747637541
328;-0.6977027074660382;-0.6127660490251564;2.5826582642522755
329;-0.691937682511102;-0.6130698174172368;2.5872661916224438
330;-0.6853852771073852;-0.6136635857988035;2.59276148373286
331;-0.6779640006550378;-0.6145883230155601;2.635173773354075
332;-0.6696062455255266;-0.6158780795600168;2.710764271899068
333;-0.6602639569881443;-0.6175576981507485;2.707299289236406
334;-0.6499132148059428;-0.6196411385798698;2.7550528311447713
335;-0.6385574073736309;-0.6221305092995358;2.653328945835245
336;-0.626228795413559;-0.6250158384903104;2.6153235825948626
337;-0.6129884112443618;-0.6282755511631939;2.651205765769453
338;-0.5989244020985177;-0.6318775542270734;2.6562885492306765
339;-0.5841490746989072;-0.6357807786593617;2.6357987388776927
340;-0.5687950057817892;-0.6399369967277795;2.7214311715983497
341;-0.5530106302561882;-0.6442927287129486;2.7415959400672634
342;-0.5369557004964965;-0.6487910777781605;2.727649840362212
343;-0.5207969378026059;-0.6533733769833768;2.67272741452246
344;-0.5047040927862365;-0.6579805876138418;2.6782820345101097
345;-0.4888465219615904;-0.6625544401489192;2.658919473366707
346;-0.47339029625356366;-0.667038347532474;2.653389178036902
347;-0.45849579773322624;-0.6713781387832729;2.653202764165191
348;-0.4443157370557549;-0.6755226589681154;2.6622368386032558
349;-0.43099352964690346;-0.679424263865679;2.6445517912612235
350;-0.41866199137628385;-0.6830392124093292;2.683222598781663
351;-0.40744234018091957;-0.6863279364610502;2.5656484147815366
352;-0.3974435069532127;-0.689255153691124;2.533682203157421
353;-0.38876176003100615;-0.6917897903358383;2.467695432929746
354;-0.3814806319210334;-0.6939046973156349;2.4370899876734864
355;-0.37567110899991707;-0.6955761724133809;2.3212821108602126
356;-0.3713920129810359;-0.6967833364784;2.2652574257539797
357;-0.36869047606796823;-0.6975074448289462;2.234694527732564
358;-0.36760239769342573;-0.6977312383413108;2.1840435394557987
359;-0.36815277410571556;-0.6974384463777221;2.173729914229798
360;-0.37035581325403333;-0.6966135433076394;2.231266682875367
361;-0.374214782924309;-0.6952418333482009;2.193807801366394
362;-0.3797215834538473;-0.6933098996654067;2.189794461746104
363;-0.38685607987943643;-0.6908064102755423;2.2118869052606227
364;-0.39558526482603373;-0.6877232329732259;2.100329726091325
365;-0.40586234760799933;-0.6840567807711959;1.9572404992278072
366;-0.4176258745645432;-0.679809491965755;1.889219900652066
367;-0.4307989812415044;-0.6749913452811396;1.8365460806695484
368;-0.4452888617006468;-0.6696213176057915;1.7162805184193377
369;-0.4609865183625843;-0.6637287043405724;1.6540859727920543
370;-0.4777668319499391;-0.6573542345305158;1.6102425857415748
371;-0.4954889691779306;-0.6505509203837996;1.580734535367377
372;-0.5139971286075463;-0.6433845820579729;1.5651127127573958
373;-0.5331216143077755;-0.6359339855552116;1.571881768070652
374;-0.5526802239907183;-0.628290528289922;1.5506352439120488
375;-0.5724799445238155;-0.6205574076641831;1.5350680725389403
376;-0.5923189647392654;-0.612848215348776;1.5387750809113754
377;-0.6119890437479663;-0.6052849139316329;1.6148018757851843
378;-0.6312783094559138;-0.5979951716587004;1.550641294824936
379;-0.6499745970096094;-0.5911090545195494;1.5375454787151617
380;-0.6678694526275474;-0.5847551054833802;1.5488449396167336
381;-0.6847629011256586;-0.5790558844619487;1.5815579702891849
382;-0.7004689840708973;-0.5741231066435004;1.686900882091841
383;-0.7148219130492096;-0.5700526035415666;1.6748351075364647
384;-0.7276824682014928;-0.5669194318442763;1.7135838296205068
385;-0.7389440547896593;-0.564773547479847;1.6714840936669715
386;-0.7485376786948762;-0.5636365136139433;1.6879131615187166
387;-0.7564350810866908;-0.5634996896725051;1.7239215793728813
388;-0.7626494186321842;-0.5643242371464989;1.7792443864050609
389;-0.7672331751011339;-0.5660430861658778;1.8689158133486163
390;-0.770273379929578;-0.5685647710571998;1.9653195811935162
391;-0.7718845959520846;-0.5717788158804883;1.985080512072725
392;-0.7722004309432948;-0.5755621818868294;2.0601992992946134
393;-0.7713644680889732;-0.5797862062781021;2.1224683875897616
394;-0.769521491336382;-0.5843234643790428;2.1419060333060633
395;-0.7668097399214044;-0.5890540509132471;2.103317488106567
396;-0.7633547214460544;-0.5938708696501181;2.161504161758511
397;-0.7592648990238119;-0.5986836233488118;2.2328702757342547
398;-0.7546293780051267;-0.6034213023220003;2.2003768465040165
399;-0.7495175619598963;-0.6080330834193706;2.1243367198429173
400;-0.743980623320013;-0.6124876721575762;2.0880844171728006
401;-0.7380545360774355;-0.6167712400167176;2.09459606457752
402;-0.7317643429811743;-0.620884210907688;2.1086842095042626
403;-0.7251292762049539;-0.624837221828603;2.1367893680429573
404;-0.7181683167808743;-0.6286466183322098;2.2623575771818594
405;-0.7109057626432227;-0.6323298510636044;2.1717980165877693
406;-0.7033763786722617;-0.6359011246870059;2.087864315776786
407;-0.6956297292041744;-0.6393676204863563;2.068605943896702
408;-0.6877333501880019;-0.6427265668327369;2.0864258979188555
409;-0.6797745067324488;-0.6459633620056113;1.9875107202720972
410;-0.6718603956352631;-0.6490508606992389;1.912160555250305
411;-0.6641167762390132;-0.6519498285421244;1.868653245696657
412;-0.656685127770378;-0.6546104661840206;1.8427539596897695
413;-0.6497185222330738;-0.6569748243035411;1.8352257128190976
414;-0.6433764627421384;-0.6589798836236553;1.8411740374907193
415;-0.637818970889093;-0.6605610590301846;1.8230735351598466
416;-0.633200222230919;-0.6616558951836744;1.8744487323619698
417;-0.6296620364123833;-0.6622077407617457;1.8472503924988313
418;-0.6273275347097982;-0.6621692099606965;1.871222273816832
419;-0.6262952839227488;-0.6615052583764292;1.8811883922468198
420;-0.6266342460376664;-0.6601957166032009;1.8838367072914468
421;-0.6283798379170722;-0.658237143660047;1.964553446637344
422;-0.6315313640593626;-0.6556438899011681;1.8307666965334728
423;-0.6360510126920343;-0.6524482997189798;1.7801582773700801
424;-0.6418645045915001;-0.6487000377427602;1.7692827767327164
425;-0.6488633686397046;-0.6444645822087747;1.7722023057095324
426;-0.656908708685696;-0.6398209851774126;1.7623469078252838
427;-0.6658362431796689;-0.6348590401261889;1.7906521508189523
428;-0.6754623542341628;-0.6296760162097538;1.8070004943159512
429;-0.6855908730460651;-0.6243731163892869;1.8336092681962226
430;-0.6960203338556131;-0.6190518042186173;1.880289482832938
431;-0.7065514175264898;-0.6138101379964624;1.9034689578499542
432;-0.7169942508619485;-0.6087392662014077;1.969432675728103
433;-0.727175127823116;-0.6039202765199534;1.9538433231530639
434;-0.7369421205516071;-0.599421631162001;1.9638224080795992
435;-0.7461690448983577;-0.5952974203162776;1.9150667452591505
436;-0.7547574294190804;-0.5915865811698704;1.9242952914539229
437;-0.7626365116338016;-0.5883130612315643;1.973993700808657
438;-0.7697617058956641;-0.5854867185723167;1.9858702346298682
439;-0.7761122252824522;-0.5831046508131292;2.050000593300612
440;-0.7816884605925571;-0.5811526867352029;2.046872868072051
441;-0.7865094047519716;-0.5796069172774443;2.062379236560025
442;-0.790610089517466;-0.5784352803850916;2.0755423261622505
443;-0.7940388592855123;-0.5775992644236941;2.1343090228519834
444;-0.7968543711694409;-0.5770557504366927;2.1675059047534897
445;-0.7991223830036653;-0.5767589242364001;2.1962956198470582
446;-0.8009125500743843;-0.5766621139408986;2.210760848731073
447;-0.8022955238928924;-0.5767193818500773;2.2858377436108195
448;-0.803340620196651;-0.576886726299143;2.276045059485592
449;-0.8041142261649691;-0.5771228140977656;2.2763272400810317
450;-0.804678988411246;-0.5773892448294176;2.3053460542861193
451;-0.8050936975621951;-0.5776504240038746;2.3439514984317027
452;-0.8054136836337714;-0.5778731784631613;2.379169446614505
453;-0.8056914697748361;-0.5780262772328186;2.387321020145523
454;-0.8059774053007118;-0.5780800227327709;2.391902218535783
455;-0.8063200152623045;-0.5780060534506695;2.3832598315234206
456;-0.8067658642714856;-0.5777774547669161;2.382960062691103
457;-0.8073588329313383;-0.5773692162093207;2.4590257166236604
458;-0.8081388320822227;-0.5767590094690787;2.4192981292242393
459;-0.8091401074918259;-0.5759282025204029;2.3873023284869332
460;-0.8103893833374494;-0.5748629823246796;2.3930452685035974
461;-0.8119041302641381;-0.5735554402912236;2.423430258427893
462;-0.8136912149551041;-0.5720044828048482;2.5201955132857154
463;-0.8157461081325772;-0.5702164579454592;2.5675655504624784
464;-0.8180527271290703;-0.5682054284702127;2.450271667155447
465;-0.8205838985437999;-0.5659930598760589;2.4192528145334564
466;-0.823302365509602;-0.563608124464595;2.4093868576854613
467;-0.8261622376308959;-0.5610856457628097;2.4120513005793183
468;-0.8291107841138061;-0.5584657231169259;2.4266338700257397
469;-0.8320904918636834;-0.5557920854007541;2.46838866344601
470;-0.8350413393233391;-0.5531104274842236;2.4724706805470453
471;-0.8379032620703684;-0.5504665860727587;2.5472016440632297
472;-0.8406187947802423;-0.5479046168736321;2.4864921129147777
473;-0.8431358519755413;-0.5454648481861402;2.5064463330933604
474;-0.8454105454292999;-0.5431820118466831;2.466519019597126
475;-0.8474098287153033;-0.5410835914739436;2.458705033128328
476;-0.8491136318455881;-0.5391885709511265;2.463246920144104
477;-0.8505160551998135;-0.5375067905532713;2.480173345391662
478;-0.8516252085693123;-0.5360390921504812;2.5158499486013075
479;-0.8524614695755734;-0.5347783336609416;2.5046555528511654
480;-0.8530542849310987;-0.5337111838536805;2.5327915630706532
481;-0.8534380307577685;-0.5328204258979548;2.535345476950025
482;-0.8536477035481611;-0.5320873829885067;2.5489293245675735
483;-0.853715200541042;-0.5314940891151386;2.659157174650022
484;-0.8536666823400831;-0.5310249533708373;2.5854963057589506
485;-0.853521138663349;-0.5306678388616237;2.5762107537481533
486;-0.8532899703756509;-0.5304146197961572;2.5883593901811413
487;-0.8529772497489336;-0.530261351251907;2.6207012680205977
488;-0.8525803206869415;-0.5302081884713987;2.633846110732564
489;-0.852090492270005;-0.5302591535629227;2.6453266224875036
490;-0.8514937008233994;-0.5304217955034971;2.6807622533971824
491;-0.8507711284320907;-0.5307067427862364;2.691115347555497
492;-0.8498998519972731;-0.5311271154801845;2.700626791342099
493;-0.8488536507756685;-0.5316977479407258;2.7152287837736586
494;-0.8476041185663324;-0.5324341762460558;2.730797967906735
495;-0.8461222045512906;-0.5333513667362481;2.752776621122755
496;-0.8443802393620572;-0.5344622040702898;2.784469531785573
497;-0.8423543905667408;-0.5357758164063362;2.8307207311858313
498;-0.8400273472823436;-0.5372958836159034;2.883362539211318
499;-0.8373908879547305;-0.5390191365877488;2.9113365829949247
500;-0.8344478864426998;-0.5409342900762886;2.9700370734400083
501;-0.8312133117600375;-0.5430216358572673;3.0288859561214183
502;-0.8277139089708612;-0.5452534443909641;3.114528959991394
503;-0.8239864998191613;-0.5475951898962139;3.107696233944732
504;-0.8200751426062409;-0.5500074592603614;3.130514553130525
505;-0.8160276378381222;-0.552448278819174;3.1715479863518277
506;-0.8118919701871717;-0.5548755370807267;3.222760308557813
507;-0.807713211754109;-0.5572492090276062;3.2826155162186716
508;-0.8035312236602841;-0.5595331768043681;3.351963469955007
509;-0.7993792705170288;-0.5616965505973799;3.4366455264860436
510;-0.7952834834474913;-0.5637144844740167;3.5209990131878786
511;-0.791263008290882;-0.565568536620024;3.5926753517992696
512;-0.7873306504489932;-0.5672466438408705;3.700674704232495
513;-0.7834938483689514;-0.5687427794682437;3.8625710914846794
514;-0.7797558444682279;-0.5700563559255907;3.850905364608901
515;-0.7761169559745614;-0.5711914272954146;3.9236094002148834
516;-0.7725758707256625;-0.572155746578096;4.027342290943425
517;-0.7691309044343183;-0.5729597359953185;4.18157913332579
518;-0.7657811599477468;-0.5736154337228369;4.330930867614689
519;-0.7625275300738765;-0.5741354836082281;4.430899673870727
520;-0.7593734875016425;-0.574532233210767;4.608115494405138
521;-0.7563256111526144;-0.5748169984595801;4.71307902690699
522;-0.7533938099199546;-0.5749995400830652;4.844549007261926
523;-0.7505912230309003;-0.5750877785003254;5.034140213563972
524;-0.7479338007316967;-0.5750877517783682;5.317099378020495
525;-0.7454395976324617;-0.575003797944324;5.492583038451171
526;-0.7431278404074839;-0.5748389212019134;5.705121749452425
527;-0.7410178572197332;-0.5745952842394497;5.500535608865465
528;-0.7391279737649061;-0.5742747581666474;5.508141100117531
529;-0.7374744867418419;-0.5738794590983777;5.612952168555357
530;-0.7360708182616015;-0.5734122062212048;5.558916288577576
531;-0.7349269349185097;-0.5728768492725247;5.810766554659115
532;-0.7340490858141691;-0.5722784316246721;5.6829181817579
533;-0.7334398790666561;-0.5716231758774262;5.444584554635418
534;-0.7330986810877215;-0.5709182992158911;5.081973023927193
535;-0.7330222915989801;-0.5701716833721582;4.868421912030402
536;-0.7332058233291356;-0.5693914371344191;4.594251188118145
537;-0.7336437005328272;-0.5685853971015871;4.512509742394064
538;-0.7343306854547228;-0.5677606146811515;4.339042853989161
539;-0.7352628460300353;-0.5669228746727539;4.057642308701728
540;-0.7364383900209583;-0.5660762840751106;3.8452467962527024
541;-0.7378583084417556;-0.5652229601394225;3.6437714733679023
542;-0.7395267922035734;-0.5643628354224846;3.587541428115434
543;-0.7414514079487194;-0.5634935859536205;3.385256219127822
544;-0.7436430396119948;-0.5626106778654896;3.258675329158175
545;-0.7461156191653362;-0.561707519056335;3.165645042982272
546;-0.7488856816098823;-0.5607756964965013;2.9608839104590228
547;-0.7519717846918403;-0.5598052771218152;2.791603386910745
548;-0.7553938331016679;-0.5587851508466996;2.7293605441289723
549;-0.7591723410963481;-0.5577033975648678;2.4968025477273406
550;-0.7633276583582191;-0.5565476651669974;2.360356112746886
551;-0.7678791736825261;-0.5553055514477374;2.242853511405221
552;-0.7728445019695609;-0.5539649881418398;2.138273904502028
553;-0.778238653785364;-0.5525146292516185;2.044094330614832
554;-0.784073184585041;-0.5509442476603825;1.9589280810077625
555;-0.7903553229424476;-0.5492451435046348;1.8819086082364427
556;-0.7970870834670747;-0.5474105650003884;1.8124525321625737
557;-0.8042643796170921;-0.5454361377820205;1.7501494853600579
558;-0.8118761630606826;-0.5433202929239911;1.6947048686452508
559;-0.8199036281156192;-0.5410646774153094;1.6459075048750873
560;-0.8283195305695857;-0.5386745247441338;1.6036099817334895
561;-0.837087678363246;-0.5361589582307335;1.567716002900851
562;-0.8461626558592537;-0.5335311965809033;1.5381720823205172
563;-0.8554898426051718;-0.5308086304790155;1.5149624564242876
564;-0.8650057808260698;-0.5280127414005839;1.498107036397071
565;-0.8746389329689738;-0.5251688394724492;1.4876630648589493
566;-0.8843108515980754;-0.522305606127534;1.4837323217826932
567;-0.8939377595396882;-0.5194544391318544;1.4864780134823519
568;-0.9034325097831224;-0.5166486115803094;1.4961609006677294
569;-0.9127068642836628;-0.5139222715917683;1.5132195400490676
570;-0.9216740010680105;-0.511309324324254;1.5384736542609252
571;-0.9302511328712914;-0.5088422510442577;1.5738022072993303
572;-0.9383621010077554;-0.5065509297676627;1.6265976790505459
573;-0.9459397981221055;-0.5044615270573372;1.6723938460589647
574;-0.952928275065388;-0.5025955298934947;1.7175311649927276
575;-0.9592844015138844;-0.5009689796577145;1.7956447945278284
576;-0.9649789768312551;-0.4995919574124509;1.9035983931405112
577;-0.9699972252083966;-0.49846835179186044;1.8434636260371884
578;-0.974338653904262;-0.4975959196319767;1.8501846891552007
579;-0.9780163008360527;-0.4969666271803608;1.8815908761587778
580;-0.9810554425847262;-0.4965672388076;1.9367189169239885
581;-0.9834918710087814;-0.49638010294842805;1.9713537513090105
582;-0.9853698720018593;-0.49638407338982304;2.017458091105713
583;-0.9867400510693105;-0.4965554990624761;2.04888663255327
584;-0.9876571469691438;-0.49686921729144884;2.0843217745479414
585;-0.9881779583255977;-0.4972994932017034;2.1281880507268394
586;-0.988359482154199;-0.4978208601034783;2.150581370323638
587;-0.9882573318366434;-0.49840883023975047;2.171171769787487
588;-0.9879244695938096;-0.49904046025285376;2.174560727202024
589;-0.9874102587098919;-0.4996947693797202;2.1868908438610104
590;-0.9867598164086099;-0.5003530194621459;2.1998698241128967
591;-0.9860136308838874;-0.5009988736840948;2.2110985970275037
592;-0.9852073958666622;-0.5016184553963293;2.2193764537520635
593;-0.9843720126386714;-0.5022003297734714;2.224060844104553
594;-0.9835337113258767;-0.5027354299728723;2.224904719134692
595;-0.9827142490607609;-0.5032169466671462;2.2219895956093776
596;-0.9819311506128678;-0.5036401960480212;2.2156654000509164
597;-0.9811979659444781;-0.5040024773070857;2.206478788327463
598;-0.9805245277363663;-0.5043029267077643;2.195099697884596
599;-0.9799171994640933;-0.5045423720303692;2.1822643735979685
600;-0.979379110628061;-0.5047231886004562;2.168752652417312
601;-0.9789103800709803;-0.5048491563672765;2.1554234300420454
602;-0.9785083309931484;-0.5049253165462319;2.143380109384591
603;-0.9781677024903186;-0.5049578260672603;2.1346232729948555
604;-0.9778808624719444;-0.5049538083291158;2.1370095374295284
605;-0.9776380259866322;-0.5049211993824559;2.1193739337539936
606;-0.9774274815991502;-0.5048685894936423;2.0921485804392703
607;-0.9772358268080477;-0.5048050609378504;2.081852327343183
608;-0.9770482117941109;-0.5047400237242805;2.0658145298756767
609;-0.9768485892207435;-0.5046830516884248;2.0264278400790015
610;-0.9766199664873254;-0.5046437219458408;1.9999404219264945
611;-0.9763446558380635;-0.5046314610626219;1.9780399550651504
612;-0.9760045170867053;-0.504655401452556;1.9590742775480539
613;-0.9755811874387383;-0.504724251466057;1.942434991740213
614;-0.9750562929656521;-0.5048461824057594;1.9278744721190906
615;-0.9744116366863567;-0.5050287353075202;1.915345839710357
616;-0.9736293589073;-0.5052787497850437;1.90498798988094
617;-0.9726920664282995;-0.5056023165743982;1.8972171297314766
618;-0.9715829283944448;-0.5060047546555131;1.8930451876084564
619;-0.9702857379201141;-0.5064906129969721;1.8953175120781398
620;-0.9687849400791811;-0.5070636960958625;1.918324478178779
621;-0.9670656283909442;-0.507727111596191;1.90033606113568
622;-0.9651135134753914;-0.5084833373998021;1.8554439523215986
623;-0.96291486904224;-0.5093343048665718;1.8283105337747385
624;-0.9604564617532485;-0.5102814939699656;1.807019380589583
625;-0.9577254726957618;-0.5113260356622711;1.7889257069144122
626;-0.9547094191710634;-0.5124688162400959;1.7730420786187686
627;-0.9513960861848051;-0.5137105782087287;1.7589617879140311
628;-0.9477734773888121;-0.5150520120405822;1.7465914449286404
629;-0.9438297952348511;-0.5164938333169147;1.7361130993087563
630;-0.939553459743881;-0.5180368400336169;1.728117464582075
631;-0.9349331745620333;-0.5196819453331156;1.7241601319398288
632;-0.9299580478706249;-0.5214301815800458;1.7299063426633683
633;-0.9246177742540811;-0.5232826725072586;1.7392680804248624
634;-0.918902881826534;-0.5252405710959633;1.7201988935884573
635;-0.9128050468014969;-0.5273049618925869;1.6737521576342078
636;-0.9063174752918646;-0.5294767275786035;1.648702158082005
637;-0.8994353494886151;-0.5317563807733685;1.6343825010230342
638;-0.8921563325323119;-0.5341438632421466;1.6621808453453144
639;-0.8844811234170056;-0.5366383158841141;1.6047873046951258
640;-0.8764140502166047;-0.5392378240740914;1.559483746765878
641;-0.8679636868757759;-0.5419391441164283;1.5112150963814137
642;-0.8591434758489183;-0.5447374177316138;1.4724242461254191
643;-0.8499723361003588;-0.547625882628525;1.4372203322814423
644;-0.8404752335041968;-0.550595588309597;1.4041053070809424
645;-0.8306836886165676;-0.553635127301197;1.3726783916295136
646;-0.8206361952527409;-0.5567303929797124;1.3433394211857255
647;-0.8103785224025452;-0.559864376048546;1.3184562148348182
648;-0.7999638718742957;-0.5630170124723969;1.3628760254235412
649;-0.7894528647817671;-0.5661650962354101;1.2466530366515294
650;-0.778913331692503;-0.5692822705796547;1.1992745411713686
651;-0.7684198840528074;-0.5723391112950819;1.156024427307299
652;-0.7580532485139706;-0.5753033150392636;1.1142173362386707
653;-0.747899351129235;-0.5781400044064438;1.0730348138535495
654;-0.7380481451944836;-0.580812159362832;1.0321467887148343
655;-0.7285921848748831;-0.5832811815351254;0.9914198588905171
656;-0.719624956760107;-0.5855075935153523;0.9508227870835048
657;-0.7112389931060572;-0.5874518697101201;0.9103878442959692
658;-0.7035238036006771;-0.589075388289654;0.8701922162548648
659;-0.6965636766899443;-0.5903414855929475;0.8303477449622003
660;-0.6904354162156607;-0.591216585215777;0.7909944479104709
661;-0.6852060934431551;-0.5916713644659916;0.7522958187856768
662;-0.6809309072660474;-0.5916819116706726;0.714434962026565
663;-0.6776512549467939;-0.5912308199364418;0.6776110938085128
664;-0.6753931204721646;-0.5903081575254545;0.642036184857442
665;-0.6741658857404498;-0.5889122531810449;0.6079316549445516
666;-0.67396165985526;-0.587050237556547;0.5755251095867482
667;-0.674755202827404;-0.5847382900808221;0.5450471611466
668;-0.6765044918996035;-0.5820015543196647;0.5167284111308978
669;-0.6791519425732577;-0.5788737036579217;0.49079669418865407
670;-0.6826262545915285;-0.5753961616568164;0.46747470061740426
671;-0.6868448092158982;-0.5716170057343404;0.4469781055082257
672;-0.69171650264062;-0.5675896063448026;0.429514341253986
673;-0.697144866170305;-0.5633710738784679;0.4152821589765831
674;-0.703031301228245;-0.5590205995953192;0.4044721382464891
675;-0.7092782494315624;-0.5545977832894311;0.3972683314735967
676;-0.7157921258738558;-0.5501610383783713;0.3938512841090685
677;-0.7224858659737189;-0.5457661553220796;0.394402780880925
678;-0.7292809690733707;-0.5414650884822271;0.39911288219506713
679;-0.7361089601600229;-0.5373050123380951;0.4081902353991421
680;-0.7429122290640106;-0.5333276732009775;0.42187749387513596
681;-0.7496442397655246;-0.5295690445772742;0.44047547651334384
682;-0.7562691287511256;-0.5260592794513288;0.4643838277932209
683;-0.7627607311809761;-0.522822941027909;0.4941765218227952
684;-0.7691010898034079;-0.519879483791209;0.5307623566315238
685;-0.7752785180790411;-0.5172439474359821;0.575802149662438
686;-0.7812853092968445;-0.5149278158828308;0.6332659292158708
687;-0.7871152088669643;-0.5129399817923672;0.7303463484320563
688;-0.792760795646412;-0.5112877447836691;0.7995769582171841
689;-0.7982109452591224;-0.5099777613542531;0.8818580951820748
690;-0.8034485671675831;-0.5090168594645468;0.9067652854095316
691;-0.8084488108888155;-0.5084126338679003;0.903066679732072
692;-0.8131779201988326;-0.5081737513430644;0.9513004348936497
693;-0.8175928757213275;-0.5083099179806583;0.9538541342490235
694;-0.8216419081612183;-0.5088314915610346;0.9965476667427438
695;-0.8252658923914621;-0.5097487572399919;1.0614700934497214
696;-0.8284005547679663;-0.5110709198809049;1.1234934270639216
697;-0.830979351322118;-0.5128048972670037;1.1767834299070303
698;-0.8329368109547439;-0.514954021849796;1.2595113098717823
699;-0.834212091629734;-0.5175167726712225;1.3335334117597657
700;-0.8347524727106332;-0.5204856628764254;1.4183401256814343
701;-0.8345165046926595;-0.5238464018841931;1.5241091148164099
702;-0.8334765586531238;-0.5275774352627804;1.5572173177426638
703;-0.8316205605383726;-0.5316499402163257;1.5991705429752054
704;-0.8289527576190775;-0.5360283209510894;1.6732259971764745
705;-0.8254934424859497;-0.5406712070849403;1.7242935452971713
706;-0.8212776485153146;-0.5455329116124408;1.7722530495022777
707;-0.8163529224973944;-0.5505652560438452;1.8225583726410173
708;-0.8107763660327088;-0.555719624069942;1.8617497976882602
709;-0.8046112075538318;-0.5609490676214823;1.890680602555681
710;-0.797923212445729;-0.5662102671405568;1.9164444737575637
711;-0.7907772532999989;-0.5714651472323857;1.9681629159295968
712;-0.7832343432872979;-0.5766819735843749;1.9442853380198313
713;-0.7753493847712873;-0.581835807817915;1.9617644099171743
714;-0.7671698084455467;-0.5869082701903131;1.954977152711331
715;-0.7587351843611113;-0.5918866474296538;1.9141272697583758
716;-0.7500777859640291;-0.5967624717585772;1.826394400393773
717;-0.7412239928890497;-0.6015297720806354;1.773996500358484
718;-0.7321963380702877;-0.606183244785115;1.7434704909500625
719;-0.7230159478650113;-0.6107165997799069;1.7283658202729233
720;-0.7137050952889127;-0.6151213052627902;1.6810719422262426
721;-0.7042895873982231;-0.6193858893969199;1.6637631130979276
722;-0.6948007360663919;-0.6234958723673334;1.6145737877705717
723;-0.6852767118212377;-0.6274343148134313;1.530559053916733
724;-0.6757631461944759;-0.6311828929636609;1.4103822656936649
725;-0.6663129216698016;-0.6347233564478826;1.320207720924721
726;-0.656985162518403;-0.6380391952295401;1.2483048786041542
727;-0.6478435081827838;-0.6411173359008241;1.1868304521445896
728;-0.638953808226115;-0.6439497002513861;1.1331315609275232
729;-0.6303814203146192;-0.646534485114258;1.0859195376766195
730;-0.622188317612911;-0.648877057018626;1.0444494718456858
731;-0.6144302179957059;-0.6509903942111319;1.0082405796328109
732;-0.6071539347440509;-0.652895049196335;0.9769574476970289
733;-0.6003951188489763;-0.6546186446153683;0.9503525585543326
734;-0.5941765207025164;-0.6561949514776713;0.928236081462237
735;-0.5885068497204436;-0.6576626286198675;0.9104592711830601
736;-0.5833802613015424;-0.6590637228734351;0.8969054320534051
737;-0.5787764581670566;-0.6604420385175107;0.8874857125360635
738;-0.5746613623311563;-0.6618414814188365;0.8821386979753005
739;-0.5709882964203322;-0.6633044691528982;0.880833933929646
740;-0.5676996070548448;-0.664870476767715;0.883580766629996
741;-0.5647286641114893;-0.6665747634604413;0.8904460001388433
742;-0.5620021723664418;-0.6684473031974938;0.9015886046269945
743;-0.5594427314575213;-0.6705119259822262;0.9173325789099639
744;-0.5569715737220947;-0.6727856677381494;0.9383418274604626
745;-0.5545113976042417;-0.6752783249447505;0.9661505927204913
746;-0.5519892000053566;-0.677992212611455;1.0057621993896237
747;-0.5493389988381939;-0.6809221272847272;1.0623587041455975
748;-0.5465043319866282;-0.6840555170955664;1.0777911814354428
749;-0.5434404244975877;-0.687372856088732;1.0783647891214165
750;-0.5401159335386453;-0.690848209740134;1.1065689723672578
751;-0.5365142092564174;-0.6944499640451106;1.1647592979666777
752;-0.5326340456837539;-0.6981416746725164;1.178167126575845
753;-0.5284899342903323;-0.7018829789237674;1.183815542878978
754;-0.5241118682322662;-0.7056305048924849;1.201135975521559
755;-0.5195447729914623;-0.7093387115924916;1.244134435033163
756;-0.514847655409045;-0.7129606017774774;1.2593368355031
757;-0.5100925663483074;-0.7164482650674939;1.279493738564721
758;-0.5053634623611711;-0.7197532309280934;1.313099305072665
759;-0.5007550302629394;-0.722826636356386;1.3573862258602898
760;-0.4963715080541593;-0.7256192389314593;1.4177453806445635
761;-0.49232549957792054;-0.7280813295142515;1.473716123391082
762;-0.48873674269942974;-0.7301626180994787;1.5183126790047128
763;-0.48573075625817486;-0.731812179324624;1.5865664280017262
764;-0.4834372647424575;-0.7329785494058626;1.6782174080619412
765;-0.4819882870396489;-0.7336100624425869;1.8209745512788855
766;-0.48151578172714105;-0.7336555000402247;1.9407920277232205
767;-0.4821487693226528;-0.7330651037385313;2.0355055274094105
768;-0.48400990114173176;-0.7317919660230805;2.195797285413863
769;-0.48721150914009076;-0.7297937761831454;2.5015069330562643
770;-0.4918512403556164;-0.7270348576287957;2.5873350818351795
771;-0.4980074396008192;-0.7234884001952574;2.602380974099761
772;-0.5057344833739945;-0.7191387698181164;2.3622928324605788
773;-0.5150582825744471;-0.7139837702593952;2.334192301621799
774;-0.5259721674935282;-0.7080367338576172;2.306723439353999
775;-0.538433358444262;-0.7013283238822557;2.2253561745599018
776;-0.5523602206941169;-0.6939079341775678;2.2282778979229865
777;-0.5676305050680677;-0.6858445714757104;2.2377431964911607
778;-0.5840807764946058;-0.6772271069335267;2.236769528957188
779;-0.6015072184457497;-0.6681637933428719;2.397346446463873
780;-0.6196679650141739;-0.6587809671512944;2.201495446510283
781;-0.6382870604977965;-0.6492208874737749;2.0599347235366943
782;-0.6570600933164715;-0.639638700419509;1.9858725991748039
783;-0.6756615069154411;-0.6301985498993573;1.8876685906619013
784;-0.6937535490748916;-0.6210688857205197;1.7871812735553119
785;-0.7109967592593655;-0.6124170544383193;1.7439895843273676
786;-0.7270617809967272;-0.6044033106659218;1.7170775243235619
787;-0.7416421035783406;-0.5971744656744784;1.7215649587852584
788;-0.7544670930020142;-0.5908574945476055;1.6539712377542368
789;-0.7653144093543326;-0.5855535360471255;1.6305622883305861
790;-0.7740206994281575;-0.581332809979023;1.6139025658502992
791;-0.7804893831909416;-0.5782310079074615;1.6136715987151944
792;-0.7846944890806471;-0.5762476523423637;1.6372620313276451
793;-0.7866798605257684;-0.5753467528910717;1.614204565232595
794;-0.7865536157264487;-0.5754598290728583;1.5869983786273925
795;-0.7844783919550526;-0.5764910620301757;1.5802512913143218
796;-0.7806585019224828;-0.5783240453695833;1.5833013786403776
797;-0.7753255337007191;-0.5808293951216158;1.594895621389275
798;-0.7687240468305591;-0.5838723974491076;1.6177892099338425
799;-0.761098842968928;-0.587319933080128;1.679045397832208
800;-0.7526848844756486;-0.5910460956263529;1.7333730531629217
801;-0.7437004127814226;-0.5949361671529787;1.7119085241344427
802;-0.7343433027087911;-0.5988888709376015;1.6480041308532327
803;-0.7247902743213528;-0.6028170400542037;1.6259045352638382
804;-0.7151983197921632;-0.6066469926411224;1.6252265041629463
805;-0.7057075935045182;-0.610316983001203;1.6319931992326233
806;-0.6964450316236103;-0.6137751107989551;1.6177674589690483
807;-0.687528070638687;-0.6169770360512141;1.6408327524924526
808;-0.6790679806003656;-0.619883784773959;1.6621369972282647
809;-0.6711724840616825;-0.6224598559249511;1.6460154116488979
810;-0.6639474735811552;-0.6246717669920602;1.6391293675661152
811;-0.6574977572909448;-0.6264871107806493;1.5607953004119464
812;-0.6519268499485275;-0.6278741432163478;1.5291105263077007
813;-0.6473358879409462;-0.6288018819762318;1.5147619344586558
814;-0.6438217856679943;-0.629240667336773;1.5191957093440485
815;-0.6414747734279823;-0.6291631176604568;1.5269482723526353
816;-0.6403754690525254;-0.6285453999802003;1.5484078655122588
817;-0.6405916419334184;-0.6273687288124993;1.5158703178458537
818;-0.6421748324594294;-0.6256210016013966;1.556656762652419
819;-0.6451569947308953;-0.6232984754901828;1.5399082201446401
820;-0.6495473370852612;-0.6204073863763322;1.4940474395443637
821;-0.6553295436668771;-0.6169654069294892;1.4704206090884502
822;-0.6624595700347675;-0.6130028355920343;1.4679278350945133
823;-0.6708642142257365;-0.6085634044867241;1.4815364733338703
824;-0.6804406676371649;-0.6037045925685709;1.518508326592982
825;-0.6910572414650347;-0.5984973343494921;1.5506985410861642
826;-0.7025554363872359;-0.5930250282036824;1.6391285320197684
827;-0.7147534671819257;-0.5873817762555525;1.6081516291986715
828;-0.7274512629445007;-0.581669834191203;1.6390502633337067
829;-0.7404368351628681;-0.5759963157544726;1.6418645477518212
830;-0.7534937462436302;-0.5704692806355577;1.6731112377243427
831;-0.7664092377209327;-0.5651934274348027;1.7177937984710652
832;-0.778982419842438;-0.5602657005198275;1.8008167813206157
833;-0.7910318203274799;-0.5557711813364441;1.7228397472294192
834;-0.8024015774858309;-0.5517796510118738;1.7043346042461032
835;-0.8129656670634162;-0.5483431674079414;1.7124973268214807
836;-0.8226297744814711;-0.5454948934972534;1.737478596602057
837;-0.8313307348736201;-0.5432492581376663;1.7828122514252984
838;-0.8390338046117545;-0.5416033529631817;1.8703650555779285
839;-0.8457283275372569;-0.5405393065689242;1.8397408673550861
840;-0.8514225511480581;-0.5400272639160255;1.9314305938962866
841;-0.8561383936718084;-0.5400285570996675;1.9155248399606195
842;-0.8599068614875428;-0.5404986869625021;1.894519233537777
843;-0.8627646027830291;-0.541389828904648;1.915275006411148
844;-0.8647518148152029;-0.5426527039299327;1.9724557224052526
845;-0.8659114594777493;-0.5442377875106653;2.023728720288591
846;-0.8662895336655801;-0.5460959390186777;2.062687828057887
847;-0.8659360148480901;-0.5481786075253623;2.074100651160213
848;-0.8649060640743398;-0.550437800566971;2.0787683927739304
849;-0.8632611065343847;-0.5528259947721164;2.0204476196957617
850;-0.8610695012119908;-0.5552961307261122;1.9702023821471544
851;-0.8584066295097328;-0.5578017814558853;1.9336097215267951
852;-0.8553543529313867;-0.5602975267663688;1.9154723912756815
853;-0.851999892136877;-0.5627395146404955;1.910335111053598
854;-0.8484342513529437;-0.5650861531709173;1.927664559179426
855;-0.844750348331464;-0.5672988556128036;1.9245326908038367
856;-0.8410410127863646;-0.5693427573912512;1.9175485404921981
857;-0.8373969926984397;-0.5711873348326153;1.9112965723980724
858;-0.8339050683004557;-0.5728068767582679;1.8905979305373057
859;-0.8306463290559821;-0.574180786692461;1.8847452055703953
860;-0.8276946295956946;-0.5752937199827273;1.9032228467057755
861;-0.8251152139597577;-0.5761355818650213;1.9109083485813227
862;-0.8229634877997013;-0.5767014258166454;1.8832260155112839
863;-0.8212839258063551;-0.5769912944271993;1.864081746296523
864;-0.8201091232356794;-0.5770100374283919;1.842278235684625
865;-0.819459029545721;-0.5767671254694973;1.8265626419423489
866;-0.8193404302692353;-0.5762764575746198;1.8326470645428687
867;-0.819746761105919;-0.5755561401013101;1.794231425459051
868;-0.8206583377250947;-0.5746282008807045;1.7775773908928294
869;-0.8220430608474116;-0.5735181986375759;1.800064539544514
870;-0.8238576085111142;-0.5722546972834814;1.7791598431291888
871;-0.8260490616834252;-0.570868596729718;1.7200839368975331
872;-0.8285568374077237;-0.5693923424373847;1.6524216019835651
873;-0.8313147423167979;-0.5678590677176425;1.5731334023770018
874;-0.8342529273471693;-0.5663017465424335;1.5303042441879668
875;-0.8372995376199639;-0.5647524413975756;1.5266892841193769
876;-0.8403819164530928;-0.563241714997623;1.480875184084664
877;-0.8434273318074808;-0.5617982373173438;1.4927825005381332
878;-0.846363323587054;-0.5604485689581182;1.4692792467791327
879;-0.849117885618899;-0.5592170533182407;1.460962136248742
880;-0.851619759514194;-0.5581257203250294;1.4824112728688275
881;-0.853799102767263;-0.5571941064901264;1.503168345418814
882;-0.8555886958704431;-0.5564389333104867;1.4313769439516428
883;-0.8569256935211937;-0.5558736506093261;1.389045185689206
884;-0.8577537439506644;-0.5555079256566675;1.390434695779087
885;-0.8580251477017516;-0.5553472204432788;1.3773634314921108
886;-0.8577026479277489;-0.5553926274898804;1.3409460126898844
887;-0.856760467005567;-0.5556411156894939;1.3258573438808154
888;-0.8551843329947683;-0.556086270101308;1.3014516737579693
889;-0.8529704509266778;-0.5567195047293679;1.2432658420534828
890;-0.8501236201504303;-0.5575316084981472;1.2309587861382476
891;-0.8466549164473915;-0.5585143827694159;1.2510262455195122
892;-0.8425794831672868;-0.559662074292021;1.2957159304450026
893;-0.837914967053819;-0.5609723202938286;1.2842814082647322
894;-0.8326809879068853;-0.5624464033305335;1.287138852790094
895;-0.8268997849839701;-0.5640887427591826;1.2596296011410948
896;-0.8205979028498508;-0.5659056944699152;1.1809631594440255
897;-0.8138085333833033;-0.5679038575013744;1.1218485051545186
898;-0.8065739675228261;-0.5700881723225201;1.0820795678073787
899;-0.7989475506479629;-0.5724601318713207;1.0518305940144483
900;-0.7909945758746931;-0.5750164152362556;1.0285667290863607
901;-0.7827916726473982;-0.5777482033930902;1.0115166899118693
902;-0.7744244315228198;-0.5806413561929024;1.000695218385749
903;-0.7659832278038083;-0.5836775283494011;0.9967073653743235
904;-0.7575574461476815;-0.5868361868313551;1.0009705629901917
905;-0.7492285456335639;-0.5900973701874725;1.0168175249556135
906;-0.7410626191283032;-0.5934449110157884;1.0556379791774548
907;-0.7331032688922503;-0.5968697382182062;1.1331493041412257
908;-0.7253657172659553;-0.6003728011214171;1.0818198216504085
909;-0.7178330732874793;-0.603967129499597;1.099443799465934
910;-0.7104555647933066;-0.6076785764467975;1.0619935016530875
911;-0.7031533109415652;-0.6115448937882123;1.0244638071348664
912;-0.6958228524303358;-0.6156129628323475;1.02640634635026
913;-0.6883471895554174;-0.6199342369150145;1.0709752272238788
914;-0.6806085358922122;-0.624558724194761;1.0822362031912802
915;-0.6725024439146905;-0.629528113457332;1.065795471227081
916;-0.6639515051722473;-0.634868873037969;1.0842040266834247
917;-0.6549166145208966;-0.6405862762333256;1.055008068221885
918;-0.6454039622602934;-0.6466602717341563;1.0828028375178622
919;-0.6354665652379918;-0.6530438909143386;1.116624891435242
920;-0.6252002073132553;-0.6596644741170938;1.099987640953586
921;-0.6147348713871477;-0.6664274779802798;1.0575623437036952
922;-0.604223699287006;-0.6732221345197792;1.061142295215745
923;-0.593831826725413;-0.6799279390533851;1.1156477129142575
924;-0.5837269720994182;-0.686420968344416;1.1359780217668138
925;-0.574072639100016;-0.6925793632106327;1.1771266137468843
926;-0.5650237147373188;-0.6982877922091315;1.2427629763587746
927;-0.5567235849908715;-0.7034411097875777;1.2637353097835098
928;-0.5493018571565335;-0.7079475518054392;1.2698017229191694
929;-0.5428722327048873;-0.7117316449623334;1.3490930051960146
930;-0.5375306659994656;-0.7147366748221703;1.3208276650371669
931;-0.533354330827859;-0.7169262659691976;1.3709343898957609
932;-0.530401930808365;-0.718284546718349;1.4729468357686897
933;-0.5287155733472076;-0.718814555166501;1.4509819512465556
934;-0.5283239586852078;-0.7185349239637859;1.360621539414482
935;-0.5292462184231094;-0.7174753105325581;1.3474612777459187
936;-0.5314955087049884;-0.7156713638784903;1.3570550775346542
937;-0.5350814580486613;-0.7131601412221332;1.3883774700091094
938;-0.5400107420593104;-0.7099767942698139;1.4626114673618629
939;-0.5462853253678543;-0.7061530939828531;1.4422695515641746
940;-0.5538982054093138;-0.7017180427347028;1.4569038386995747
941;-0.5628267803348378;-0.6967005101615488;1.4945761264003194
942;-0.573024247085325;-0.6911335640746233;1.4799407844707566
943;-0.584409733617168;-0.6850599555784167;1.5042953303343753
944;-0.596858189339508;-0.6785380460528738;1.5045674692160198
945;-0.6101913765499222;-0.6716473260964749;1.507741368585569
946;-0.624171559605709;-0.6644925863865888;1.5402362050095066
947;-0.638499582669348;-0.6572057935276587;1.6055851496559856
948;-0.6528188601492478;-0.6499448466298618;1.6745611526267317
949;-0.6667263067464095;-0.6428886778042959;1.7500998196897215
950;-0.6797904049026577;-0.6362286130386194;1.8655987701700742
951;-0.6915755366000613;-0.6301564808990128;1.840224159534116
952;-0.7016705746906751;-0.6248505481741486;1.8691797054735542
953;-0.7097187770456529;-0.6204608463300149;1.9007508903063044
954;-0.7154454970419282;-0.6170957056145296;1.982051001526329
955;-0.7186802859317432;-0.6148112524167614;2.0309214465174734
956;-0.7193706490590253;-0.6136052426652182;2.125089328686722
957;-0.7175858990087355;-0.6134159780280606;2.2700697615605283
958;-0.7135109646039122;-0.6141263266035242;2.492021301265237
959;-0.7074313549168774;-0.6155722092669847;2.5503472743197446
960;-0.6997114754263791;-0.6175544462267883;2.4317783934651036
961;-0.6907689950606539;-0.6198526439227438;2.5243662041347044
962;-0.681047950925001;-0.6222398222101858;2.3885967888681505
963;-0.6709928550736494;-0.6244966641908397;2.370847199488888
964;-0.6610254151133006;-0.6264245244768785;2.319770255987726
965;-0.6515247984651968;-0.627856574258239;2.232938439893124
966;-0.6428118206090965;-0.6286666420629188;2.178998394438421
967;-0.6351370996703725;-0.6287754190773318;2.1926016268128503
968;-0.6286730803788406;-0.6281537717363596;2.1174853386744794
969;-0.6235098158791949;-0.6268230014695374;2.0484865008233197
970;-0.6196544259622773;-0.6248520610042254;2.0284322543258835
971;-0.6170341848876868;-0.6223519777318822;2.008163041809385
972;-0.6155032404751748;-0.6194679792416473;2.021898091821655
973;-0.6148530534431144;-0.6163699552302947;2.0422774728777435
974;-0.6148267566336453;-0.6132418412530892;2.0894591175066077
975;-0.6151376722456533;-0.6102702869455077;2.2214002201564256
976;-0.6154920230219773;-0.6076327039854648;2.0774633403709815
977;-0.6156152545096906;-0.605484672287911;2.0201629936822814
978;-0.6152802824000466;-0.6039468843444097;1.9579617586763043
979;-0.6143345630970946;-0.6030923760020671;1.9208835823910697
980;-0.6127216330047014;-0.6029355986031398;1.9487362793900112
981;-0.6104923530757957;-0.6034256210345349;2.058224016327092
982;-0.6078021263716409;-0.6044459855732401;2.040958554925471
983;-0.6048929846106215;-0.6058230868285197;2.053954898866082
984;-0.6020631455301121;-0.6073432486739205;2.1424386949808127
985;-0.5996302095832133;-0.6087762592184999;2.107755716021388
986;-0.5978959377403368;-0.6099009022595313;1.971909381172186
987;-0.5971191862582278;-0.6105272452827883;1.9712003877623197
988;-0.5974992163197477;-0.6105118797947742;1.866235701989795
989;-0.599166489516819;-0.609765391626562;1.8910142072143856
990;-0.6021753770285303;-0.6082542629032585;1.8658683844783406
991;-0.606494739295937;-0.606000396665511;1.754897146894918
992;-0.6119971271546669;-0.6030800786414525;1.8154786132095138
993;-0.6184524410266349;-0.5996215909899082;1.7108653347456468
994;-0.6255342548160393;-0.595798671993587;1.6922370413608858
995;-0.6328453537756678;-0.591816830164514;1.5936864849515948
996;-0.6399640029007619;-0.5878912987267759;1.592415843608673
997;-0.6465056460206037;-0.5842184225788924;1.572753238510013
998;-0.6521879026628707;-0.5809454585261546;1.5602375595117093
999;-0.6568822302797627;-0.5781459896092715;1.6666469242846895
1000;-0.6606364846078909;-0.575808151250376;1.5919544477607157
